../data/g-iaea-pd-2019/g_1-H-2_0128.dat
MF   1
 451
MF   3
   3  50
MF   6
  50
../data/g-iaea-pd-2019/g_2-He-3_0225.dat
MF   1
 451
MF   3
   5
MF   6
   5
../data/g-iaea-pd-2019/g_3-Li-6_0325.dat
MF   1
 451
MF   3
   5
MF   6
   5
../data/g-iaea-pd-2019/g_3-Li-7_0328.dat
MF   1
 451
MF   3
   5
MF   6
   5
../data/g-iaea-pd-2019/g_4-Be-9_0425.dat
MF   1
 451
MF   3
   3  16  24  28  29  32  33  35  41 115 117 600 601 650 651 700 701 750 751
MF   6
  16  24  28  29  32  33  35  41 115 117 600 601 650 651 700 701 750 751
../data/g-iaea-pd-2019/g_6-C-12_0625.dat
MF   1
 451
MF   3
   3  22  28  34  50  51  52  53  54  55  56  57 111 112 114 115 116 117 600 601
 602 603 604 605 606 607 608 650 651 652 653 654 750
MF   6
  22  28  34  50  51  52  53  54  55  56  57 111 112 114 115 116 117 600 601 602
 603 604 605 606 607 608 650 651 652 653 654 750
../data/g-iaea-pd-2019/g_6-C-13_0628.dat
MF   1
 451
MF   3
   5
MF   6
   5
../data/g-iaea-pd-2019/g_6-C-14_0631.dat
MF   1
 451
MF   3
   3   5
MF   6
   5
MF   8
   5
../data/g-iaea-pd-2019/g_7-N-14_0725.dat
MF   1
 451
MF   3
   3  16  23  28  32  34  35  36  44  50 102 108 109 111 112 113 114 115 116 117
 118 600 601 602 603 650 651 700 701 702 703 704 705 706 707 750 751 752 753 754
 755 756 757 758 800 801 802 803 804
MF   6
  16  23  28  32  34  35  36  44  50 108 109 111 112 113 114 115 116 117 118 600
 601 602 603 650 651 700 701 702 703 704 705 706 707 750 751 752 753 754 755 756
 757 758 800 801 802 803 804
../data/g-iaea-pd-2019/g_7-N-15_0728.dat
MF   1
 451
MF   3
   5
MF   6
   5
../data/g-iaea-pd-2019/g_8-O-16_0825.dat
MF   1
 451
MF   3
   3  16  22  23  28  29  32  34  41  50  51  52  53  54  55  56 109 111 112 113
 114 115 116 117 600 601 602 603 604 605 606 607 608 609 610 611 612 613 614 615
 616 650 651 652 653 654 655 656 657 658 659 700 750 751 752 753 800 801
MF   6
  16  22  23  28  29  32  34  41  50  51  52  53  54  55  56 109 111 112 113 114
 115 116 117 600 601 602 603 604 605 606 607 608 609 610 611 612 613 614 615 616
 650 651 652 653 654 655 656 657 658 659 700 750 751 752 753 800 801
../data/g-iaea-pd-2019/g_8-O-17_0828.dat
MF   1
 451
MF   3
   5
MF   6
   5
../data/g-iaea-pd-2019/g_8-O-18_0831.dat
MF   1
 451
MF   3
   5
MF   6
   5
../data/g-iaea-pd-2019/g_9-F-19_0925.dat
MF   1
 451
MF   3
   5
MF   6
   5
../data/g-iaea-pd-2019/g_11-Na-23_1125.dat
MF   1
 451
MF   3
   5
MF   6
   5
../data/g-iaea-pd-2019/g_12-Mg-24_1225.dat
MF   1
 451
MF   3
   5
MF   6
   5
../data/g-iaea-pd-2019/g_12-Mg-25_1228.dat
MF   1
 451
MF   3
   5
MF   6
   5
../data/g-iaea-pd-2019/g_12-Mg-26_1231.dat
MF   1
 451
MF   3
   5
MF   6
   5
../data/g-iaea-pd-2019/g_13-Al-27_1325.dat
MF   1
 451
MF   3
   3   5 201 203 204 205 206 207
MF   6
   5
../data/g-iaea-pd-2019/g_14-Si-27_1422.dat
MF   1
 451
MF   3
   5
MF   6
   5
../data/g-iaea-pd-2019/g_14-Si-28_1425.dat
MF   1
 451
MF   3
   5
MF   6
   5
../data/g-iaea-pd-2019/g_14-Si-29_1428.dat
MF   1
 451
MF   3
   5
MF   6
   5
../data/g-iaea-pd-2019/g_14-Si-30_1431.dat
MF   1
 451
MF   3
   5
MF   6
   5
../data/g-iaea-pd-2019/g_16-S-32_1625.dat
MF   1
 451
MF   3
   5
MF   6
   5
../data/g-iaea-pd-2019/g_16-S-33_1628.dat
MF   1
 451
MF   3
   5
MF   6
   5
../data/g-iaea-pd-2019/g_16-S-34_1631.dat
MF   1
 451
MF   3
   5
MF   6
   5
../data/g-iaea-pd-2019/g_16-S-36_1637.dat
MF   1
 451
MF   3
   5
MF   6
   5
../data/g-iaea-pd-2019/g_17-Cl-35_1725.dat
MF   1
 451
MF   3
   5
MF   6
   5
../data/g-iaea-pd-2019/g_17-Cl-37_1731.dat
MF   1
 451
MF   3
   5
MF   6
   5
../data/g-iaea-pd-2019/g_18-Ar-36_1825.dat
MF   1
 451
MF   3
   5
MF   6
   5
../data/g-iaea-pd-2019/g_18-Ar-38_1831.dat
MF   1
 451
MF   3
   5
MF   6
   5
../data/g-iaea-pd-2019/g_18-Ar-40_1837.dat
MF   1
 451
MF   3
   5
MF   6
   5
../data/g-iaea-pd-2019/g_19-K-39_1925.dat
MF   1
 451
MF   3
   5
MF   6
   5
../data/g-iaea-pd-2019/g_19-K-40_1928.dat
MF   1
 451
MF   3
   5
MF   6
   5
../data/g-iaea-pd-2019/g_19-K-41_1931.dat
MF   1
 451
MF   3
   5
MF   6
   5
../data/g-iaea-pd-2019/g_20-Ca-40_2025.dat
MF   1
 451
MF   3
   5
MF   6
   5
../data/g-iaea-pd-2019/g_20-Ca-42_2031.dat
MF   1
 451
MF   3
   5
MF   6
   5
../data/g-iaea-pd-2019/g_20-Ca-43_2034.dat
MF   1
 451
MF   3
   5
MF   6
   5
../data/g-iaea-pd-2019/g_20-Ca-44_2037.dat
MF   1
 451
MF   3
   5
MF   6
   5
../data/g-iaea-pd-2019/g_20-Ca-46_2043.dat
MF   1
 451
MF   3
   5
MF   6
   5
../data/g-iaea-pd-2019/g_20-Ca-48_2049.dat
MF   1
 451
MF   3
   5
MF   6
   5
../data/g-iaea-pd-2019/g_21-Sc-45_2125.dat
MF   1
 451
MF   3
   5
MF   6
   5
../data/g-iaea-pd-2019/g_22-Ti-46_2225.dat
MF   1
 451
MF   3
   5
MF   6
   5
../data/g-iaea-pd-2019/g_22-Ti-47_2228.dat
MF   1
 451
MF   3
   5
MF   6
   5
../data/g-iaea-pd-2019/g_22-Ti-48_2231.dat
MF   1
 451
MF   3
   5
MF   6
   5
../data/g-iaea-pd-2019/g_22-Ti-49_2234.dat
MF   1
 451
MF   3
   5
MF   6
   5
../data/g-iaea-pd-2019/g_22-Ti-50_2237.dat
MF   1
 451
MF   3
   5
MF   6
   5
../data/g-iaea-pd-2019/g_23-V-50_2325.dat
MF   1
 451
MF   3
   5
MF   6
   5
../data/g-iaea-pd-2019/g_23-V-51_2328.dat
MF   1
 451
MF   3
   5
MF   6
   5
../data/g-iaea-pd-2019/g_24-Cr-50_2425.dat
MF   1
 451
MF   3
   5 201 203 204 205 206 207
MF   6
   5
../data/g-iaea-pd-2019/g_24-Cr-52_2431.dat
MF   1
 451
MF   3
   5
MF   6
   5
../data/g-iaea-pd-2019/g_24-Cr-53_2434.dat
MF   1
 451
MF   3
   5 201 203 204 205 206 207
MF   6
   5
../data/g-iaea-pd-2019/g_24-Cr-54_2437.dat
MF   1
 451
MF   3
   5 201 203 204 205 206 207
MF   6
   5
../data/g-iaea-pd-2019/g_25-Mn-55_2525.dat
MF   1
 451
MF   3
   5
MF   6
   5
../data/g-iaea-pd-2019/g_26-Fe-54_2625.dat
MF   1
 451
MF   3
   5
MF   6
   5
../data/g-iaea-pd-2019/g_26-Fe-56_2631.dat
MF   1
 451
MF   3
   5
MF   6
   5
../data/g-iaea-pd-2019/g_26-Fe-57_2634.dat
MF   1
 451
MF   3
   5
MF   6
   5
../data/g-iaea-pd-2019/g_26-Fe-58_2637.dat
MF   1
 451
MF   3
   5
MF   6
   5
../data/g-iaea-pd-2019/g_27-Co-59_2725.dat
MF   1
 451
MF   3
   1   4   5  11  16  17  22  28  32  33  34  41  42  44  50  51  52  53  54  55
  56  57  58  59  60  61  62  63  64  65  66  67  68  69  70  71  72  73  74  75
  76  77  78  79  80  81  82  83  84  85  86  87  88  89  91 102 104 105 106 111
 112 115 116 600 601 602 603 604 605 606 607 608 609 610 611 612 613 614 615 616
 617 618 619 620 621 622 623 624 625 626 627 628 629 630 631 632 633 634 635 636
 637 638 639 649 800 801 802 803 804 805 806 807 808 809 810 811 812 813 814 815
 816 817 818 819 820 821 822 823 824 825 826 827 828 829 830 831 832 833 834 835
 836 837 838 839 849
MF   6
   5  11  16  17  22  28  32  33  34  41  42  44  50  51  52  53  54  55  56  57
  58  59  60  61  62  63  64  65  66  67  68  69  70  71  72  73  74  75  76  77
  78  79  80  81  82  83  84  85  86  87  88  89  91 102 104 105 106 111 112 115
 116 600 601 602 603 604 605 606 607 608 609 610 611 612 613 614 615 616 617 618
 619 620 621 622 623 624 625 626 627 628 629 630 631 632 633 634 635 636 637 638
 639 649 800 801 802 803 804 805 806 807 808 809 810 811 812 813 814 815 816 817
 818 819 820 821 822 823 824 825 826 827 828 829 830 831 832 833 834 835 836 837
 838 839 849
MF   8
   4   5  22  23  24  25  29  30  35  36  37  45 108 109 112 114
MF   10
   4   5  22  23  24  25  29  30  35  36  37  45 108 109 112 114
MF   12
  51  52  53  54  55  56  57  58  59  60  61  62  63  64  65  66  67  68  69  70
  71  72  73  74  75  76  77  78  79  80  81  82  83  84  85  86  87  88  89 601
 602 603 604 605 606 607 608 609 610 611 612 613 614 615 616 617 618 619 620 621
 622 623 624 625 626 627 628 629 630 631 632 633 634 635 636 637 638 639 801 802
 803 804 805 806 807 808 809 810 811 812 813 814 815 816 817 818 819 820 821 822
 823 824 825 826 827 828 829 830 831 832 833 834 835 836 837 838 839
MF   14
  51  52  53  54  55  56  57  58  59  60  61  62  63  64  65  66  67  68  69  70
  71  72  73  74  75  76  77  78  79  80  81  82  83  84  85  86  87  88  89 601
 602 603 604 605 606 607 608 609 610 611 612 613 614 615 616 617 618 619 620 621
 622 623 624 625 626 627 628 629 630 631 632 633 634 635 636 637 638 639 801 802
 803 804 805 806 807 808 809 810 811 812 813 814 815 816 817 818 819 820 821 822
 823 824 825 826 827 828 829 830 831 832 833 834 835 836 837 838 839
../data/g-iaea-pd-2019/g_28-Ni-58_2825.dat
MF   1
 451
MF   3
   5
MF   6
   5
../data/g-iaea-pd-2019/g_28-Ni-60_2831.dat
MF   1
 451
MF   3
   5
MF   6
   5
../data/g-iaea-pd-2019/g_28-Ni-61_2834.dat
MF   1
 451
MF   3
   5
MF   6
   5
../data/g-iaea-pd-2019/g_28-Ni-62_2837.dat
MF   1
 451
MF   3
   5
MF   6
   5
../data/g-iaea-pd-2019/g_28-Ni-64_2843.dat
MF   1
 451
MF   3
   5
MF   6
   5
../data/g-iaea-pd-2019/g_29-Cu-63_2925.dat
MF   1
 451
MF   3
   5
MF   6
   5
../data/g-iaea-pd-2019/g_29-Cu-65_2931.dat
MF   1
 451
MF   3
   5
MF   6
   5
../data/g-iaea-pd-2019/g_30-Zn-64_3025.dat
MF   1
 451
MF   3
   3   5
MF   6
   5
MF   8
   5
../data/g-iaea-pd-2019/g_30-Zn-66_3031.dat
MF   1
 451
MF   3
   5
MF   6
   5
../data/g-iaea-pd-2019/g_30-Zn-67_3034.dat
MF   1
 451
MF   3
   5
MF   6
   5
../data/g-iaea-pd-2019/g_30-Zn-68_3037.dat
MF   1
 451
MF   3
   5
MF   6
   5
../data/g-iaea-pd-2019/g_30-Zn-70_3043.dat
MF   1
 451
MF   3
   5
MF   6
   5
../data/g-iaea-pd-2019/g_32-Ge-70_3225.dat
MF   1
 451
MF   3
   5
MF   6
   5
../data/g-iaea-pd-2019/g_32-Ge-72_3231.dat
MF   1
 451
MF   3
   5
MF   6
   5
../data/g-iaea-pd-2019/g_32-Ge-73_3234.dat
MF   1
 451
MF   3
   5
MF   6
   5
../data/g-iaea-pd-2019/g_32-Ge-74_3237.dat
MF   1
 451
MF   3
   5
MF   6
   5
../data/g-iaea-pd-2019/g_32-Ge-76_3243.dat
MF   1
 451
MF   3
   5
MF   6
   5
../data/g-iaea-pd-2019/g_33-As-75_3325.dat
MF   1
 451
MF   3
   3   5
MF   6
   5
MF   8
   5
../data/g-iaea-pd-2019/g_34-Se-76_3431.dat
MF   1
 451
MF   3
   3   5
MF   6
   5
MF   8
   5
../data/g-iaea-pd-2019/g_34-Se-78_3437.dat
MF   1
 451
MF   3
   3   5
MF   6
   5
MF   8
   5
../data/g-iaea-pd-2019/g_34-Se-80_3443.dat
MF   1
 451
MF   3
   3   5
MF   6
   5
MF   8
   5
../data/g-iaea-pd-2019/g_34-Se-82_3449.dat
MF   1
 451
MF   3
   3   5
MF   6
   5
MF   8
   5
../data/g-iaea-pd-2019/g_38-Sr-84_3825.dat
MF   1
 451
MF   3
   5
MF   6
   5
../data/g-iaea-pd-2019/g_38-Sr-86_3831.dat
MF   1
 451
MF   3
   5
MF   6
   5
../data/g-iaea-pd-2019/g_38-Sr-87_3834.dat
MF   1
 451
MF   3
   5
MF   6
   5
../data/g-iaea-pd-2019/g_38-Sr-88_3837.dat
MF   1
 451
MF   3
   5
MF   6
   5
../data/g-iaea-pd-2019/g_38-Sr-90_3843.dat
MF   1
 451
MF   3
   5
MF   6
   5
../data/g-iaea-pd-2019/g_39-Y-89_3925.dat
MF   1
 451
MF   3
   1   4   5  11  16  17  22  28  32  33  34  41  42  44  50  51  52  53  54  55
  56  57  58  59  60  61  62  63  64  65  66  67  68  69  70  71  72  74  75  76
  77  78  79  80  81  82  83  84  91 102 104 105 106 111 112 115 116 600 601 602
 603 604 605 606 607 608 609 610 611 612 613 614 615 616 617 618 619 620 621 622
 623 624 625 626 627 628 629 630 631 632 633 634 635 636 637 638 639 649 800 801
 802 803 804 805 806 807 808 809 810 811 812 813 814 815 816 817 818 819 820 821
 822 823 824 825 826 827 828 829 830 831 832 849
MF   6
   5  11  16  17  22  28  32  33  34  41  42  44  50  51  52  53  54  55  56  57
  58  59  60  61  62  63  64  65  66  67  68  69  70  71  72  91 102 104 105 106
 111 112 115 116 600 601 602 603 604 605 606 607 608 609 610 611 612 613 614 615
 616 617 618 619 620 621 622 623 624 625 626 627 628 629 630 631 632 633 634 635
 636 637 638 639 649 800 801 802 803 804 805 806 807 808 809 810 811 812 813 814
 815 816 817 818 819 820 821 822 823 824 825 826 827 828 829 830 831 832 849
MF   8
   5  22  23  24  25  29  30  35  36  37  45 108 109 112 114
MF   10
   5  22  23  24  25  29  30  35  36  37  45 108 109 112 114
MF   12
  51  52  53  54  55  56  57  58  59  60  61  62  63  64  65  66  67  68  69  70
  71  72  73  74  75  76  77  78  79  80  81  82  83 601 602 603 604 605 606 607
 608 609 610 611 612 613 614 615 616 617 618 619 620 621 622 623 624 625 626 627
 628 629 630 631 632 633 634 635 636 637 638 639 801 802 803 804 805 806 807 808
 809 810 811 812 813 814 815 816 817 818 819 820 821 822 823 824 825 826 827 828
 829 830 831 832
MF   14
  51  52  53  54  55  56  57  58  59  60  61  62  63  64  65  66  67  68  69  70
  71  72  73  74  75  76  77  78  79  80  81  82  83 601 602 603 604 605 606 607
 608 609 610 611 612 613 614 615 616 617 618 619 620 621 622 623 624 625 626 627
 628 629 630 631 632 633 634 635 636 637 638 639 801 802 803 804 805 806 807 808
 809 810 811 812 813 814 815 816 817 818 819 820 821 822 823 824 825 826 827 828
 829 830 831 832
../data/g-iaea-pd-2019/g_40-Zr-90_4025.dat
MF   1
 451
MF   3
   5 201 203 204 205 206 207
MF   6
   5
../data/g-iaea-pd-2019/g_40-Zr-91_4028.dat
MF   1
 451
MF   3
   3   5
MF   6
   5
MF   8
   5
../data/g-iaea-pd-2019/g_40-Zr-92_4031.dat
MF   1
 451
MF   3
   5
MF   6
   5
../data/g-iaea-pd-2019/g_40-Zr-93_4034.dat
MF   1
 451
MF   3
   5
MF   6
   5
../data/g-iaea-pd-2019/g_40-Zr-94_4037.dat
MF   1
 451
MF   3
   3   5
MF   6
   5
MF   8
   5
../data/g-iaea-pd-2019/g_40-Zr-96_4043.dat
MF   1
 451
MF   3
   5
MF   6
   5
../data/g-iaea-pd-2019/g_41-Nb-93_4125.dat
MF   1
 451
MF   3
   5
MF   6
   5
../data/g-iaea-pd-2019/g_41-Nb-94_4128.dat
MF   1
 451
MF   3
   5
MF   6
   5
../data/g-iaea-pd-2019/g_42-Mo-100_4249.dat
MF   1
 451
MF   3
   5
MF   6
   5
../data/g-iaea-pd-2019/g_42-Mo-92_4225.dat
MF   1
 451
MF   3
   5
MF   6
   5
../data/g-iaea-pd-2019/g_42-Mo-94_4231.dat
MF   1
 451
MF   3
   5
MF   6
   5
../data/g-iaea-pd-2019/g_42-Mo-95_4234.dat
MF   1
 451
MF   3
   5
MF   6
   5
../data/g-iaea-pd-2019/g_42-Mo-96_4237.dat
MF   1
 451
MF   3
   5
MF   6
   5
../data/g-iaea-pd-2019/g_42-Mo-97_4240.dat
MF   1
 451
MF   3
   5
MF   6
   5
../data/g-iaea-pd-2019/g_42-Mo-98_4243.dat
MF   1
 451
MF   3
   5
MF   6
   5
../data/g-iaea-pd-2019/g_44-Ru-98_4431.dat
MF   1
 451
MF   3
   5
MF   6
   5
../data/g-iaea-pd-2019/g_45-Rh-103_4525.dat
MF   1
 451
MF   3
   1   4   5  11  16  17  22  28  32  33  34  41  42  44  50  51  52  53  54  55
  56  57  58  59  60  61  62  63  64  65  66  67  68  69  70  71  72  73  74  75
  76  77  78  79  80  81  82  83  84  85  86  87  88  89  91 102 104 105 106 111
 112 115 116 600 601 602 603 604 605 606 607 608 609 610 611 612 613 614 615 616
 617 618 619 620 621 622 623 624 625 626 649 800 801 802 803 804 805 806 807 808
 809 810 811 812 813 814 815 816 817 818 819 820 821 822 823 824 825 826 827 828
 829 830 831 832 833 834 835 836 837 838 839 849
MF   6
   5  11  16  17  22  28  32  33  34  41  42  44  50  51  52  53  54  55  56  57
  58  59  60  61  62  63  64  65  66  67  68  69  70  71  72  73  74  75  76  77
  78  79  80  81  82  83  84  85  86  87  88  89  91 102 104 105 106 111 112 115
 116 600 601 602 603 604 605 606 607 608 609 610 611 612 613 614 615 616 617 618
 619 620 621 622 623 624 625 626 649 800 801 802 803 804 805 806 807 808 809 810
 811 812 813 814 815 816 817 818 819 820 821 822 823 824 825 826 827 828 829 830
 831 832 833 834 835 836 837 838 839 849
MF   8
   4   5  22  23  24  25  29  30  35  36  37  45 107 108 109 112 114
MF   10
   4   5  22  23  24  25  29  30  35  36  37  45 107 108 109 112 114
MF   12
  51  52  53  54  55  56  57  58  59  60  61  62  63  64  65  66  67  68  69  70
  71  72  73  74  75  76  77  78  79  80  81  82  83  84  85  86  87  88  89 601
 602 603 604 605 606 607 608 609 610 611 612 613 614 615 616 617 618 619 620 621
 622 623 624 625 626 801 802 803 804 805 806 807 808 809 810 811 812 813 814 815
 816 817 818 819 820 821 822 823 824 825 826 827 828 829 830 831 832 833 834 835
 836 837 838 839
MF   14
  51  52  53  54  55  56  57  58  59  60  61  62  63  64  65  66  67  68  69  70
  71  72  73  74  75  76  77  78  79  80  81  82  83  84  85  86  87  88  89 601
 602 603 604 605 606 607 608 609 610 611 612 613 614 615 616 617 618 619 620 621
 622 623 624 625 626 801 802 803 804 805 806 807 808 809 810 811 812 813 814 815
 816 817 818 819 820 821 822 823 824 825 826 827 828 829 830 831 832 833 834 835
 836 837 838 839
../data/g-iaea-pd-2019/g_46-Pd-102_4625.dat
MF   1
 451
MF   3
   5
MF   6
   5
../data/g-iaea-pd-2019/g_46-Pd-104_4631.dat
MF   1
 451
MF   3
   5
MF   6
   5
../data/g-iaea-pd-2019/g_46-Pd-105_4634.dat
MF   1
 451
MF   3
   5
MF   6
   5
../data/g-iaea-pd-2019/g_46-Pd-106_4637.dat
MF   1
 451
MF   3
   5
MF   6
   5
../data/g-iaea-pd-2019/g_46-Pd-107_4640.dat
MF   1
 451
MF   3
   5
MF   6
   5
../data/g-iaea-pd-2019/g_46-Pd-108_4643.dat
MF   1
 451
MF   3
   5
MF   6
   5
../data/g-iaea-pd-2019/g_46-Pd-110_4649.dat
MF   1
 451
MF   3
   5
MF   6
   5
../data/g-iaea-pd-2019/g_47-Ag-107_4725.dat
MF   1
 451
MF   3
   5
MF   6
   5
../data/g-iaea-pd-2019/g_47-Ag-108_4728.dat
MF   1
 451
MF   3
   5
MF   6
   5
../data/g-iaea-pd-2019/g_47-Ag-109_4731.dat
MF   1
 451
MF   3
   5
MF   6
   5
../data/g-iaea-pd-2019/g_48-Cd-106_4825.dat
MF   1
 451
MF   3
   5
MF   6
   5
../data/g-iaea-pd-2019/g_48-Cd-108_4831.dat
MF   1
 451
MF   3
   5
MF   6
   5
../data/g-iaea-pd-2019/g_48-Cd-110_4837.dat
MF   1
 451
MF   3
   5
MF   6
   5
../data/g-iaea-pd-2019/g_48-Cd-111_4840.dat
MF   1
 451
MF   3
   5
MF   6
   5
../data/g-iaea-pd-2019/g_48-Cd-112_4843.dat
MF   1
 451
MF   3
   5
MF   6
   5
../data/g-iaea-pd-2019/g_48-Cd-113_4846.dat
MF   1
 451
MF   3
   5
MF   6
   5
../data/g-iaea-pd-2019/g_48-Cd-114_4849.dat
MF   1
 451
MF   3
   5
MF   6
   5
../data/g-iaea-pd-2019/g_48-Cd-116_4855.dat
MF   1
 451
MF   3
   5
MF   6
   5
../data/g-iaea-pd-2019/g_49-In-115_4931.dat
MF   1
 451
MF   3
   3   5
MF   6
   5
MF   8
   5
../data/g-iaea-pd-2019/g_50-Sn-112_5025.dat
MF   1
 451
MF   3
   5
MF   6
   5
../data/g-iaea-pd-2019/g_50-Sn-114_5031.dat
MF   1
 451
MF   3
   5
MF   6
   5
../data/g-iaea-pd-2019/g_50-Sn-115_5034.dat
MF   1
 451
MF   3
   5
MF   6
   5
../data/g-iaea-pd-2019/g_50-Sn-116_5037.dat
MF   1
 451
MF   3
   3   5
MF   6
   5
MF   8
   5
../data/g-iaea-pd-2019/g_50-Sn-117_5040.dat
MF   1
 451
MF   3
   5
MF   6
   5
../data/g-iaea-pd-2019/g_50-Sn-118_5043.dat
MF   1
 451
MF   3
   5 201 203 204 205 206 207
MF   6
   5
../data/g-iaea-pd-2019/g_50-Sn-119_5046.dat
MF   1
 451
MF   3
   5
MF   6
   5
../data/g-iaea-pd-2019/g_50-Sn-120_5049.dat
MF   1
 451
MF   3
   5
MF   6
   5
../data/g-iaea-pd-2019/g_50-Sn-122_5055.dat
MF   1
 451
MF   3
   5
MF   6
   5
../data/g-iaea-pd-2019/g_50-Sn-124_5061.dat
MF   1
 451
MF   3
   5
MF   6
   5
../data/g-iaea-pd-2019/g_51-Sb-121_5125.dat
MF   1
 451
MF   3
   5
MF   6
   5
../data/g-iaea-pd-2019/g_51-Sb-123_5131.dat
MF   1
 451
MF   3
   5
MF   6
   5
../data/g-iaea-pd-2019/g_52-Te-120_5225.dat
MF   1
 451
MF   3
   5
MF   6
   5
../data/g-iaea-pd-2019/g_52-Te-122_5231.dat
MF   1
 451
MF   3
   5
MF   6
   5
../data/g-iaea-pd-2019/g_52-Te-123_5234.dat
MF   1
 451
MF   3
   5
MF   6
   5
../data/g-iaea-pd-2019/g_52-Te-124_5237.dat
MF   1
 451
MF   3
   5
MF   6
   5
../data/g-iaea-pd-2019/g_52-Te-125_5240.dat
MF   1
 451
MF   3
   5
MF   6
   5
../data/g-iaea-pd-2019/g_52-Te-126_5243.dat
MF   1
 451
MF   3
   5
MF   6
   5
../data/g-iaea-pd-2019/g_52-Te-128_5249.dat
MF   1
 451
MF   3
   5
MF   6
   5
../data/g-iaea-pd-2019/g_52-Te-130_5255.dat
MF   1
 451
MF   3
   5
MF   6
   5
../data/g-iaea-pd-2019/g_53-I-127_5325.dat
MF   1
 451
MF   3
   5
MF   6
   5
../data/g-iaea-pd-2019/g_53-I-129_5331.dat
MF   1
 451
MF   3
   5
MF   6
   5
../data/g-iaea-pd-2019/g_54-Xe-132_5449.dat
MF   1
 451
MF   3
   5
MF   6
   5
../data/g-iaea-pd-2019/g_55-Cs-133_5525.dat
MF   1
 451
MF   3
   3   5
MF   6
   5
MF   8
   5
../data/g-iaea-pd-2019/g_55-Cs-135_5531.dat
MF   1
 451
MF   3
   5
MF   6
   5
../data/g-iaea-pd-2019/g_55-Cs-137_5537.dat
MF   1
 451
MF   3
   5
MF   6
   5
../data/g-iaea-pd-2019/g_56-Ba-138_5649.dat
MF   1
 451
MF   3
   3   5
MF   6
   5
MF   8
   5
../data/g-iaea-pd-2019/g_57-La-139_5728.dat
MF   1
 451
MF   3
   5
MF   6
   5
../data/g-iaea-pd-2019/g_58-Ce-140_5837.dat
MF   1
 451
MF   3
   3   5
MF   6
   5
MF   8
   5
../data/g-iaea-pd-2019/g_58-Ce-142_5843.dat
MF   1
 451
MF   3
   3   5
MF   6
   5
MF   8
   5
../data/g-iaea-pd-2019/g_59-Pr-141_5925.dat
MF   1
 451
MF   3
   5
MF   6
   5
../data/g-iaea-pd-2019/g_60-Nd-142_6025.dat
MF   1
 451
MF   3
   3   5
MF   6
   5
MF   8
   5
../data/g-iaea-pd-2019/g_60-Nd-143_6028.dat
MF   1
 451
MF   3
   3   5
MF   6
   5
MF   8
   5
../data/g-iaea-pd-2019/g_60-Nd-144_6031.dat
MF   1
 451
MF   3
   3   5
MF   6
   5
MF   8
   5
../data/g-iaea-pd-2019/g_60-Nd-145_6034.dat
MF   1
 451
MF   3
   3   5
MF   6
   5
MF   8
   5
../data/g-iaea-pd-2019/g_60-Nd-146_6037.dat
MF   1
 451
MF   3
   3   5
MF   6
   5
MF   8
   5
../data/g-iaea-pd-2019/g_60-Nd-148_6043.dat
MF   1
 451
MF   3
   3   5
MF   6
   5
MF   8
   5
../data/g-iaea-pd-2019/g_60-Nd-150_6049.dat
MF   1
 451
MF   3
   3   5
MF   6
   5
MF   8
   5
../data/g-iaea-pd-2019/g_62-Sm-144_6225.dat
MF   1
 451
MF   3
   5
MF   6
   5
../data/g-iaea-pd-2019/g_62-Sm-147_6234.dat
MF   1
 451
MF   3
   5
MF   6
   5
../data/g-iaea-pd-2019/g_62-Sm-148_6237.dat
MF   1
 451
MF   3
   5
MF   6
   5
../data/g-iaea-pd-2019/g_62-Sm-149_6240.dat
MF   1
 451
MF   3
   5
MF   6
   5
../data/g-iaea-pd-2019/g_62-Sm-150_6243.dat
MF   1
 451
MF   3
   5
MF   6
   5
../data/g-iaea-pd-2019/g_62-Sm-151_6246.dat
MF   1
 451
MF   3
   5
MF   6
   5
../data/g-iaea-pd-2019/g_62-Sm-152_6249.dat
MF   1
 451
MF   3
   5
MF   6
   5
../data/g-iaea-pd-2019/g_62-Sm-154_6255.dat
MF   1
 451
MF   3
   5
MF   6
   5
../data/g-iaea-pd-2019/g_63-Eu-153_6331.dat
MF   1
 451
MF   3
   3   5
MF   6
   5
MF   8
   5
../data/g-iaea-pd-2019/g_64-Gd-156_6437.dat
MF   1
 451
MF   3
   5
MF   6
   5
../data/g-iaea-pd-2019/g_64-Gd-157_6440.dat
MF   1
 451
MF   3
   5
MF   6
   5
../data/g-iaea-pd-2019/g_64-Gd-158_6443.dat
MF   1
 451
MF   3
   5
MF   6
   5
../data/g-iaea-pd-2019/g_64-Gd-160_6449.dat
MF   1
 451
MF   3
   5
MF   6
   5
../data/g-iaea-pd-2019/g_65-Tb-158_6522.dat
MF   1
 451
MF   3
   5
MF   6
   5
../data/g-iaea-pd-2019/g_65-Tb-159_6525.dat
MF   1
 451
MF   3
   1   4   5  11  16  17  22  28  32  33  34  41  42  44  50  51  52  53  54  55
  56  57  58  59  60  61  62  63  64  65  66  67  68  69  70  71  72  73  74  75
  76  77  78  79  80  81  82  83  84  85  86  87  88  89  91 102 104 105 106 111
 112 115 116 600 601 602 603 604 605 606 607 608 609 610 611 612 613 614 615 616
 617 618 619 620 621 622 623 624 625 626 649 800 801 802 803 804 805 806 807 808
 809 810 811 812 813 814 815 816 817 818 819 820 821 822 823 824 825 826 827 828
 829 830 831 832 833 834 835 836 837 838 839 849
MF   6
   5  11  16  17  22  28  32  33  34  41  42  44  50  51  52  53  54  55  56  57
  58  59  60  61  62  63  64  65  66  67  68  69  70  71  72  73  74  75  76  77
  78  79  80  81  82  83  84  85  86  87  88  89  91 102 104 105 106 111 112 115
 116 600 601 602 603 604 605 606 607 608 609 610 611 612 613 614 615 616 617 618
 619 620 621 622 623 624 625 626 649 800 801 802 803 804 805 806 807 808 809 810
 811 812 813 814 815 816 817 818 819 820 821 822 823 824 825 826 827 828 829 830
 831 832 833 834 835 836 837 838 839 849
MF   8
   4   5  22  23  24  25  29  30  35  36  37  45 108 109 112 114
MF   10
   4   5  22  23  24  25  29  30  35  36  37  45 108 109 112 114
MF   12
  51  52  53  54  55  56  57  58  59  60  61  62  63  64  65  66  67  68  69  70
  71  72  73  74  75  76  77  78  79  80  81  82  83  84  85  86  87  88  89 601
 602 603 604 605 606 607 608 609 610 611 612 613 614 615 616 617 618 619 620 621
 622 623 624 625 626 801 802 803 804 805 806 807 808 809 810 811 812 813 814 815
 816 817 818 819 820 821 822 823 824 825 826 827 828 829 830 831 832 833 834 835
 836 837 838 839
MF   14
  51  52  53  54  55  56  57  58  59  60  61  62  63  64  65  66  67  68  69  70
  71  72  73  74  75  76  77  78  79  80  81  82  83  84  85  86  87  88  89 601
 602 603 604 605 606 607 608 609 610 611 612 613 614 615 616 617 618 619 620 621
 622 623 624 625 626 801 802 803 804 805 806 807 808 809 810 811 812 813 814 815
 816 817 818 819 820 821 822 823 824 825 826 827 828 829 830 831 832 833 834 835
 836 837 838 839
../data/g-iaea-pd-2019/g_66-Dy-162_6643.dat
MF   1
 451
MF   3
   5
MF   6
   5
../data/g-iaea-pd-2019/g_66-Dy-163_6646.dat
MF   1
 451
MF   3
   5
MF   6
   5
../data/g-iaea-pd-2019/g_67-Ho-165_6725.dat
MF   1
 451
MF   3
   1   4   5  11  16  17  22  28  32  33  34  41  42  44  50  51  52  53  54  55
  56  57  58  59  60  61  62  63  64  65  66  67  68  69  70  71  72  73  91 102
 104 105 106 111 112 115 116 600 601 602 603 604 605 606 607 608 609 610 611 612
 613 614 615 616 649 800 801 802 803 804 805 806 807 808 809 810 811 812 813 814
 815 816 849
MF   6
   5  11  16  17  22  28  32  33  34  41  42  44  50  51  52  53  54  55  56  57
  58  59  60  61  62  63  64  65  66  67  68  69  70  71  72  73  91 102 104 105
 106 111 112 115 116 600 601 602 603 604 605 606 607 608 609 610 611 612 613 614
 615 616 649 800 801 802 803 804 805 806 807 808 809 810 811 812 813 814 815 816
 849
MF   8
   4   5  22  23  24  25  29  30  35  36  37  45 108 109 112 114
MF   10
   4   5  22  23  24  25  29  30  35  36  37  45 108 109 112 114
MF   12
  51  52  53  54  55  56  57  58  59  60  61  62  63  64  65  66  67  68  69  70
  71  72  73 601 602 603 604 605 606 607 608 609 610 611 612 613 614 615 616 801
 802 803 804 805 806 807 808 809 810 811 812 813 814 815 816
MF   14
  51  52  53  54  55  56  57  58  59  60  61  62  63  64  65  66  67  68  69  70
  71  72  73 601 602 603 604 605 606 607 608 609 610 611 612 613 614 615 616 801
 802 803 804 805 806 807 808 809 810 811 812 813 814 815 816
../data/g-iaea-pd-2019/g_68-Er-166_6837.dat
MF   1
 451
MF   3
   5
MF   6
   5
../data/g-iaea-pd-2019/g_68-Er-170_6849.dat
MF   1
 451
MF   3
   5
MF   6
   5
../data/g-iaea-pd-2019/g_69-Tm-169_6925.dat
MF   1
 451
MF   3
   1   4   5  11  16  17  22  28  32  33  34  41  42  44  50  51  52  53  54  55
  56  57  58  59  60  61  62  63  64  65  66  67  68  69  70  71  72  73  74  75
  76  77  78  79  80  81  82  83  84  85  86  87  88  89  91 102 104 105 106 111
 112 115 116 600 601 602 603 604 605 607 608 609 610 611 612 613 614 615 616 618
 619 620 621 622 623 624 625 626 627 628 629 630 631 633 634 635 636 637 638 639
 649 800 801 802 803 804 805 806 807 808 809 810 811 812 813 814 815 817 818 819
 820 821 822 823 824 825 826 827 828 829 831 832 833 834 835 836 837 849
MF   6
   5  11  16  17  22  28  32  33  34  41  42  44  50  51  52  53  54  55  56  57
  58  59  60  61  62  63  64  65  66  67  68  69  70  71  72  73  74  75  76  77
  78  79  80  81  82  83  84  85  86  87  88  89  91 102 104 105 106 111 112 115
 116 600 601 602 603 604 605 649 800 801 802 803 804 805 806 807 808 809 810 811
 812 813 814 815 849
MF   8
   5  22  23  24  25  29  30  35  36  37  45 108 109 112 114
MF   10
   5  22  23  24  25  29  30  35  36  37  45 108 109 112 114
MF   12
  51  52  53  54  55  56  57  58  59  60  61  62  63  64  65  66  67  68  69  70
  71  72  73  74  75  76  77  78  79  80  81  82  83  84  85  86  87  88  89 601
 602 603 604 605 606 607 608 609 610 611 612 613 614 615 616 617 618 619 620 621
 622 623 624 625 626 627 628 629 630 631 632 633 634 635 636 801 802 803 804 805
 806 807 808 809 810 811 812 813 814 815 816 817 818 819 820 821 822 823 824 825
 826 827 828 829 830 831 832 833 834 835
MF   14
  51  52  53  54  55  56  57  58  59  60  61  62  63  64  65  66  67  68  69  70
  71  72  73  74  75  76  77  78  79  80  81  82  83  84  85  86  87  88  89 601
 602 603 604 605 606 607 608 609 610 611 612 613 614 615 616 617 618 619 620 621
 622 623 624 625 626 627 628 629 630 631 632 633 634 635 636 801 802 803 804 805
 806 807 808 809 810 811 812 813 814 815 816 817 818 819 820 821 822 823 824 825
 826 827 828 829 830 831 832 833 834 835
../data/g-iaea-pd-2019/g_71-Lu-175_7125.dat
MF   1
 451
MF   3
   3   5
MF   6
   5
MF   8
   5
../data/g-iaea-pd-2019/g_72-Hf-174_7225.dat
MF   1
 451
MF   3
   5
MF   6
   5
../data/g-iaea-pd-2019/g_72-Hf-176_7231.dat
MF   1
 451
MF   3
   5
MF   6
   5
../data/g-iaea-pd-2019/g_72-Hf-177_7234.dat
MF   1
 451
MF   3
   5
MF   6
   5
../data/g-iaea-pd-2019/g_72-Hf-178_7237.dat
MF   1
 451
MF   3
   5
MF   6
   5
../data/g-iaea-pd-2019/g_72-Hf-179_7240.dat
MF   1
 451
MF   3
   5
MF   6
   5
../data/g-iaea-pd-2019/g_72-Hf-180_7243.dat
MF   1
 451
MF   3
   5
MF   6
   5
../data/g-iaea-pd-2019/g_73-Ta-181_7328.dat
MF   1
 451
MF   3
   1   4   5  11  16  17  22  28  32  33  34  41  42  44  50  51  52  53  54  55
  56  57  58  59  60  61  62  63  64  65  66  67  68  69  70  71  72  73  74  75
  76  77  78  79  80  81  82  83  84  85  86  87  88  89  91 102 104 105 106 111
 112 115 116 600 601 602 603 604 605 606 607 608 609 610 611 612 613 614 615 616
 617 618 619 620 621 622 623 624 625 626 627 628 629 630 631 632 633 634 635 636
 637 638 639 649 800 801 802 803 804 805 806 807 808 809 810 811 812 813 814 815
 816 817 818 819 820 821 822 823 824 825 826 827 828 829 830 831 832 833 834 835
 836 837 838 839 849
MF   6
   5  11  16  17  22  28  32  33  34  41  42  44  50  51  52  53  54  55  56  57
  58  59  60  61  62  63  64  65  66  67  68  69  70  71  72  73  74  75  76  77
  78  79  80  81  82  83  84  85  86  87  88  89  91 102 104 105 106 111 112 115
 116 600 601 602 603 604 605 606 607 608 609 610 611 612 613 614 615 616 617 618
 619 620 621 622 623 624 625 626 627 628 629 630 631 632 633 634 635 636 637 638
 639 649 800 801 802 803 804 805 806 807 808 809 810 811 812 813 814 815 816 817
 818 819 820 821 822 823 824 825 826 827 828 829 830 831 832 833 834 835 836 837
 838 839 849
MF   8
   4   5  22  23  24  25  29  30  35  36  37  45 103 107 108 109 112 114
MF   10
   4   5  22  23  24  25  29  30  35  36  37  45 103 107 108 109 112 114
MF   12
  51  52  53  54  55  56  57  58  59  60  61  62  63  64  65  66  67  68  69  70
  71  72  73  74  75  76  77  78  79  80  81  82  83  84  85  86  87  88  89 601
 602 603 604 605 606 607 608 609 610 611 612 613 614 615 616 617 618 619 620 621
 622 623 624 625 626 627 628 629 630 631 632 633 634 635 636 637 638 639 801 802
 803 804 805 806 807 808 809 810 811 812 813 814 815 816 817 818 819 820 821 822
 823 824 825 826 827 828 829 830 831 832 833 834 835 836 837 838 839
MF   14
  51  52  53  54  55  56  57  58  59  60  61  62  63  64  65  66  67  68  69  70
  71  72  73  74  75  76  77  78  79  80  81  82  83  84  85  86  87  88  89 601
 602 603 604 605 606 607 608 609 610 611 612 613 614 615 616 617 618 619 620 621
 622 623 624 625 626 627 628 629 630 631 632 633 634 635 636 637 638 639 801 802
 803 804 805 806 807 808 809 810 811 812 813 814 815 816 817 818 819 820 821 822
 823 824 825 826 827 828 829 830 831 832 833 834 835 836 837 838 839
../data/g-iaea-pd-2019/g_74-W-180_7425.dat
MF   1
 451
MF   3
   5 201 203 204 205 206
MF   6
   5
../data/g-iaea-pd-2019/g_74-W-182_7431.dat
MF   1
 451
MF   3
   5 201 203 204 205 206
MF   6
   5
../data/g-iaea-pd-2019/g_74-W-183_7434.dat
MF   1
 451
MF   3
   5 201 203 204 205 206
MF   6
   5
../data/g-iaea-pd-2019/g_74-W-184_7437.dat
MF   1
 451
MF   3
   5 201 203 204 205 206
MF   6
   5
../data/g-iaea-pd-2019/g_74-W-186_7443.dat
MF   1
 451
MF   3
   5 201 203 204 205 206
MF   6
   5
../data/g-iaea-pd-2019/g_75-Re-185_7525.dat
MF   1
 451 452 456
MF   3
   3   5  18
MF   6
   5  18
../data/g-iaea-pd-2019/g_75-Re-187_7531.dat
MF   1
 451 452 456
MF   3
   3   5  18
MF   6
   5  18
../data/g-iaea-pd-2019/g_76-Os-186_7631.dat
MF   1
 451
MF   3
   3   5
MF   6
   5
MF   8
   5
../data/g-iaea-pd-2019/g_76-Os-188_7637.dat
MF   1
 451
MF   3
   3   5
MF   6
   5
MF   8
   5
../data/g-iaea-pd-2019/g_76-Os-189_7640.dat
MF   1
 451
MF   3
   3   5
MF   6
   5
MF   8
   5
../data/g-iaea-pd-2019/g_76-Os-190_7643.dat
MF   1
 451
MF   3
   3   5
MF   6
   5
MF   8
   5
../data/g-iaea-pd-2019/g_76-Os-192_7649.dat
MF   1
 451
MF   3
   3   5
MF   6
   5
MF   8
   5
../data/g-iaea-pd-2019/g_78-Pt-194_7837.dat
MF   1
 451 452 456
MF   3
   3   5  18
MF   6
   5  18
../data/g-iaea-pd-2019/g_79-Au-197_7925.dat
MF   1
 451 452 456
MF   3
   3   5  18
MF   6
   5  18
../data/g-iaea-pd-2019/g_82-Pb-206_8231.dat
MF   1
 451 452 456
MF   3
   3   5  18
MF   6
   5  18
../data/g-iaea-pd-2019/g_82-Pb-207_8234.dat
MF   1
 451 452 456
MF   3
   3   5  18
MF   6
   5  18
../data/g-iaea-pd-2019/g_82-Pb-208_8237.dat
MF   1
 451 452 456
MF   3
   3   5  18
MF   6
   5  18
../data/g-iaea-pd-2019/g_83-Bi-209_8325.dat
MF   1
 451
MF   3
   3   5
MF   6
   5
MF   8
   5
../data/g-iaea-pd-2019/g_88-Ra-226_8834.dat
MF   1
 451 452 456
MF   3
   3   5  18
MF   6
   5  18
../data/g-iaea-pd-2019/g_90-Th-232_9040.dat
MF   1
 451 452 455 456
MF   3
   3   5  18
MF   6
   5  18
../data/g-iaea-pd-2019/g_92-U-233_9222.dat
MF   1
 451 452 455 456
MF   3
   3   5  18
MF   5
 455
MF   6
   5  18
../data/g-iaea-pd-2019/g_92-U-234_9225.dat
MF   1
 451 452 455 456
MF   3
   3   5  18
MF   5
 455
MF   6
   5  18
../data/g-iaea-pd-2019/g_92-U-235_9228.dat
MF   1
 451 452 455 456
MF   3
   3   5  18
MF   5
 455
MF   6
   5  18
../data/g-iaea-pd-2019/g_92-U-236_9231.dat
MF   1
 451 452 455 456
MF   3
   3   5  18
MF   5
 455
MF   6
   5  18
../data/g-iaea-pd-2019/g_92-U-238_9237.dat
MF   1
 451 452 455 456
MF   3
   3   5  18
MF   5
 455
MF   6
   5  18
../data/g-iaea-pd-2019/g_93-Np-237_9346.dat
MF   1
 451 452 455 456
MF   3
   3   5  18
MF   5
 455
MF   6
   5  18
../data/g-iaea-pd-2019/g_94-Pu-238_9434.dat
MF   1
 451 452 455 456
MF   3
   3   5  18
MF   6
   5  18
../data/g-iaea-pd-2019/g_94-Pu-239_9437.dat
MF   1
 451 452 455 456
MF   3
   3   5  18
MF   5
 455
MF   6
   5  18
../data/g-iaea-pd-2019/g_94-Pu-241_9443.dat
MF   1
 451 452 455 456
MF   3
   3   5  18
MF   5
 455
MF   6
   5  18
