#    [ 2725 :  3 :   5 ]    27 -  59
# Cross section
#           QM -7.320000e+06  mass difference Q-value
#           QI -7.320000e+06  reaction Q-value
#           NR             1  number of interpolation range
#           NP           237  lin-lin  interpolation
# Energy        CrossSection
  7.320000e+06  0.000000e+00
  7.364030e+06  0.000000e+00
  7.500000e+06  0.000000e+00
  7.750000e+06  0.000000e+00
  7.927190e+06  0.000000e+00
  8.000000e+06  0.000000e+00
  8.174796e+06  0.000000e+00
  8.232030e+06  0.000000e+00
  8.235040e+06  0.000000e+00
  8.235930e+06  0.000000e+00
  8.250000e+06  0.000000e+00
  8.471280e+06  0.000000e+00
  8.500000e+06  0.000000e+00
  8.750000e+06  0.000000e+00
  8.827020e+06  0.000000e+00
  8.958130e+06  0.000000e+00
  9.000000e+06  0.000000e+00
  9.038761e+06  0.000000e+00
  9.141360e+06  0.000000e+00
  9.157930e+06  0.000000e+00
  9.195390e+06  0.000000e+00
  9.209740e+06  0.000000e+00
  9.223930e+06  0.000000e+00
  9.250000e+06  0.000000e+00
  9.254380e+06  0.000000e+00
  9.308760e+06  0.000000e+00
  9.322930e+06  0.000000e+00
  9.341330e+06  0.000000e+00
  9.369450e+06  0.000000e+00
  9.440550e+06  0.000000e+00
  9.497925e+06  0.000000e+00
  9.500000e+06  0.000000e+00
  9.506090e+06  0.000000e+00
  9.524930e+06  0.000000e+00
  9.564630e+06  0.000000e+00
  9.621980e+06  0.000000e+00
  9.637530e+06  0.000000e+00
  9.670240e+06  0.000000e+00
  9.683930e+06  0.000000e+00
  9.695630e+06  0.000000e+00
  9.750000e+06  0.000000e+00
  9.765030e+06  0.000000e+00
  9.766590e+06  0.000000e+00
  9.771370e+06  0.000000e+00
  9.816210e+06  0.000000e+00
  9.867930e+06  0.000000e+00
  9.896350e+06  0.000000e+00
  9.919110e+06  0.000000e+00
  9.926930e+06  0.000000e+00
  9.934700e+06  0.000000e+00
  9.948750e+06  0.000000e+00
  9.964427e+06  0.000000e+00
  9.970930e+06  0.000000e+00
  9.978850e+06  0.000000e+00
  9.980290e+06  0.000000e+00
  9.982830e+06  0.000000e+00
  9.982900e+06  0.000000e+00
  1.000000e+07  0.000000e+00
  1.014617e+07  0.000000e+00
  1.022875e+07  0.000000e+00
  1.024037e+07  0.000000e+00
  1.025000e+07  0.000000e+00
  1.033403e+07  0.000000e+00
  1.044772e+07  0.000000e+00
  1.045443e+07  0.000000e+00
  1.047938e+07  0.000000e+00
  1.049803e+07  0.000000e+00
  1.050000e+07  0.000000e+00
  1.050758e+07  0.000000e+00
  1.056619e+07  0.000000e+00
  1.059729e+07  0.000000e+00
  1.060800e+07  0.000000e+00
  1.075000e+07  0.000000e+00
  1.075303e+07  0.000000e+00
  1.081373e+07  0.000000e+00
  1.082009e+07  0.000000e+00
  1.082836e+07  0.000000e+00
  1.090200e+07  0.000000e+00
  1.090703e+07  0.000000e+00
  1.091193e+07  0.000000e+00
  1.096093e+07  0.000000e+00
  1.099363e+07  0.000000e+00
  1.100000e+07  0.000000e+00
  1.111823e+07  0.000000e+00
  1.115352e+07  0.000000e+00
  1.121803e+07  0.000000e+00
  1.122493e+07  0.000000e+00
  1.124413e+07  0.000000e+00
  1.125000e+07  0.000000e+00
  1.125043e+07  0.000000e+00
  1.126565e+07  0.000000e+00
  1.134006e+07  0.000000e+00
  1.137483e+07  0.000000e+00
  1.137904e+07  0.000000e+00
  1.145252e+07  0.000000e+00
  1.149455e+07  0.000000e+00
  1.149869e+07  0.000000e+00
  1.150000e+07  0.000000e+00
  1.150327e+07  0.000000e+00
  1.150462e+07  0.000000e+00
  1.152203e+07  0.000000e+00
  1.152993e+07  0.000000e+00
  1.157867e+07  0.000000e+00
  1.158743e+07  0.000000e+00
  1.159403e+07  0.000000e+00
  1.160103e+07  0.000000e+00
  1.163906e+07  0.000000e+00
  1.166183e+07  0.000000e+00
  1.167695e+07  0.000000e+00
  1.168653e+07  0.000000e+00
  1.169098e+07  0.000000e+00
  1.170400e+07  0.000000e+00
  1.170403e+07  0.000000e+00
  1.175000e+07  0.000000e+00
  1.180594e+07  0.000000e+00
  1.180790e+07  0.000000e+00
  1.182343e+07  0.000000e+00
  1.183131e+07  0.000000e+00
  1.187255e+07  0.000000e+00
  1.187843e+07  0.000000e+00
  1.187903e+07  0.000000e+00
  1.188933e+07  0.000000e+00
  1.196775e+07  0.000000e+00
  1.197700e+07  0.000000e+00
  1.197883e+07  0.000000e+00
  1.200000e+07  0.000000e+00
  1.200324e+07  0.000000e+00
  1.200917e+07  0.000000e+00
  1.206005e+07  0.000000e+00
  1.212433e+07  0.000000e+00
  1.218367e+07  0.000000e+00
  1.219493e+07  0.000000e+00
  1.220378e+07  0.000000e+00
  1.221163e+07  0.000000e+00
  1.223243e+07  0.000000e+00
  1.225000e+07  0.000000e+00
  1.226773e+07  0.000000e+00
  1.228243e+07  0.000000e+00
  1.229743e+07  0.000000e+00
  1.232023e+07  0.000000e+00
  1.232170e+07  0.000000e+00
  1.232213e+07  0.000000e+00
  1.250000e+07  0.000000e+00
  1.275000e+07  0.000000e+00
  1.300000e+07  0.000000e+00
  1.325000e+07  0.000000e+00
  1.350000e+07  0.000000e+00
  1.375000e+07  1.891400e-11
  1.400000e+07  4.001800e-11
  1.425000e+07  0.000000e+00
  1.450000e+07  0.000000e+00
  1.475000e+07  2.891000e-11
  1.500000e+07  2.488000e-11
  1.501000e+07  2.388500e-11
  1.518400e+07  6.568300e-12
  1.525000e+07  0.000000e+00
  1.550000e+07  0.000000e+00
  1.575000e+07  0.000000e+00
  1.600000e+07  0.000000e+00
  1.625000e+07  0.000000e+00
  1.650000e+07  4.973000e-09
  1.657300e+07  4.424920e-09
  1.675000e+07  3.096000e-09
  1.700000e+07  1.619000e-09
  1.716900e+07  5.245600e-10
  1.725000e+07  0.000000e+00
  1.740800e+07  0.000000e+00
  1.750000e+07  0.000000e+00
  1.775000e+07  0.000000e+00
  1.800000e+07  0.000000e+00
  1.825000e+07  0.000000e+00
  1.850000e+07  0.000000e+00
  1.875000e+07  0.000000e+00
  1.900000e+07  6.000000e-10
  1.902600e+07  6.811200e-10
  1.925000e+07  1.380000e-09
  1.931700e+07  1.010160e-09
  1.950000e+07  0.000000e+00
  1.975000e+07  4.550000e-09
  2.000000e+07  6.604000e-09
  2.024900e+07  3.484530e-09
  2.050000e+07  3.400000e-10
  2.100000e+07  5.479000e-09
  2.150000e+07  1.987000e-09
  2.200000e+07  1.276900e-13
  2.250000e+07  1.679200e-12
  2.283000e+07  1.225300e-11
  2.300000e+07  1.770000e-11
  2.350000e+07  9.493000e-11
  2.400000e+07  1.662830e-09
  2.450000e+07  2.452400e-09
  2.500000e+07  8.317850e-09
  2.505400e+07  1.061120e-08
  2.550000e+07  2.955230e-08
  2.574300e+07  5.002120e-08
  2.600000e+07  7.166940e-08
  2.650000e+07  1.905450e-07
  2.675700e+07  2.763400e-07
  2.700000e+07  3.574620e-07
  2.750000e+07  6.355970e-07
  2.752000e+07  6.643070e-07
  2.777000e+07  1.023180e-06
  2.777037e+07  1.023710e-06
  2.796700e+07  1.305980e-06
  2.800000e+07  1.353350e-06
  2.850000e+07  1.934500e-06
  2.900000e+07  3.406850e-06
  3.000000e+07  6.780440e-06
  3.040200e+07  8.432860e-06
  3.100000e+07  1.089090e-05
  3.200000e+07  1.555510e-05
  3.300000e+07  2.510400e-05
  3.400000e+07  6.586160e-05
  3.500000e+07  1.536560e-04
  3.600000e+07  3.884810e-04
  3.625100e+07  4.355400e-04
  3.700000e+07  5.759700e-04
  3.800000e+07  9.398850e-04
  3.900000e+07  1.153908e-03
  4.000000e+07  1.405047e-03
  4.100000e+07  1.715652e-03
  4.200000e+07  1.837488e-03
  4.300000e+07  1.993292e-03
  4.400000e+07  2.164993e-03
  4.500000e+07  2.331267e-03
  5.000000e+07  3.540763e-03
  5.500000e+07  4.712113e-03
  6.000000e+07  5.334523e-03
  7.000000e+07  5.705636e-03
  8.000000e+07  6.396259e-03
  9.000000e+07  6.738705e-03
  1.000000e+08  6.695443e-03
  1.200000e+08  6.042634e-03
  1.400000e+08  5.305239e-03
  1.600000e+08  4.514615e-03
  1.800000e+08  3.880051e-03
  2.000000e+08  3.404484e-03


