MF   1
 451
MF   3
   1   4   5  11  16  17  22  28  32  33  34  41  42  44  50  51  52  53  54  55
  56  57  58  59  60  61  62  63  64  65  66  67  68  69  70  71  72  73  91 102
 104 105 106 111 112 115 116 600 601 602 603 604 605 606 607 608 609 610 611 612
 613 614 615 616 649 800 801 802 803 804 805 806 807 808 809 810 811 812 813 814
 815 816 849
MF   6
   5  11  16  17  22  28  32  33  34  41  42  44  50  51  52  53  54  55  56  57
  58  59  60  61  62  63  64  65  66  67  68  69  70  71  72  73  91 102 104 105
 106 111 112 115 116 600 601 602 603 604 605 606 607 608 609 610 611 612 613 614
 615 616 649 800 801 802 803 804 805 806 807 808 809 810 811 812 813 814 815 816
 849
MF   8
   4   5  22  23  24  25  29  30  35  36  37  45 108 109 112 114
MF   10
   4   5  22  23  24  25  29  30  35  36  37  45 108 109 112 114
MF   12
  51  52  53  54  55  56  57  58  59  60  61  62  63  64  65  66  67  68  69  70
  71  72  73 601 602 603 604 605 606 607 608 609 610 611 612 613 614 615 616 801
 802 803 804 805 806 807 808 809 810 811 812 813 814 815 816
MF   14
  51  52  53  54  55  56  57  58  59  60  61  62  63  64  65  66  67  68  69  70
  71  72  73 601 602 603 604 605 606 607 608 609 610 611 612 613 614 615 616 801
 802 803 804 805 806 807 808 809 810 811 812 813 814 815 816
