 47107.00u  105.986700  0.0000E+00   06/19/20
Ace Ag107 IAEA-PD                                                        mat4725
      0         0.      0         0.      0         0.      0         0.
      0         0.      0         0.      0         0.      0         0.
      0         0.      0         0.      0         0.      0         0.
      0         0.      0         0.      0         0.      0         0.
   325949    47107       89        1        7        2       12        0
        0        0        0        0        0        0        0        1
        1       90       90        0      179      268      269      270
      271      362      446        0        0        0        0        0
        0        0        0        0        0        0        0        0
        0        0        0        0        0        0        0        0
   9.99999000000E-01   1.00000000000E+00   1.50000000000E+00   2.00000000000E+00
   2.50000000000E+00   3.00000000000E+00   3.50000000000E+00   4.00000000000E+00
   4.50000000000E+00   5.00000000000E+00   5.50000000000E+00   6.00000000000E+00
   6.50000000000E+00   7.00000000000E+00   7.50000000000E+00   8.00000000000E+00
   8.50000000000E+00   9.00000000000E+00   9.50000000000E+00   1.00000000000E+01
   1.05000000000E+01   1.10000000000E+01   1.15000000000E+01   1.20000000000E+01
   1.25000000000E+01   1.30000000000E+01   1.35000000000E+01   1.40000000000E+01
   1.45000000000E+01   1.50000000000E+01   1.55000000000E+01   1.60000000000E+01
   1.65000000000E+01   1.70000000000E+01   1.75000000000E+01   1.80000000000E+01
   1.85000000000E+01   1.90000000000E+01   1.95000000000E+01   2.00000000000E+01
   2.10000000000E+01   2.20000000000E+01   2.30000000000E+01   2.40000000000E+01
   2.50000000000E+01   2.60000000000E+01   2.70000000000E+01   2.80000000000E+01
   2.90000000000E+01   3.00000000000E+01   3.20000000000E+01   3.40000000000E+01
   3.60000000000E+01   3.80000000000E+01   4.00000000000E+01   4.20000000000E+01
   4.40000000000E+01   4.60000000000E+01   4.80000000000E+01   5.00000000000E+01
   5.20000000000E+01   5.40000000000E+01   5.60000000000E+01   5.80000000000E+01
   6.00000000000E+01   6.20000000000E+01   6.40000000000E+01   6.60000000000E+01
   6.80000000000E+01   7.00000000000E+01   7.20000000000E+01   7.40000000000E+01
   7.60000000000E+01   7.80000000000E+01   8.00000000000E+01   8.50000000000E+01
   9.00000000000E+01   9.50000000000E+01   1.00000000000E+02   1.10000000000E+02
   1.20000000000E+02   1.30000000000E+02   1.40000000000E+02   1.50000000000E+02
   1.60000000000E+02   1.70000000000E+02   1.80000000000E+02   1.90000000000E+02
   2.00000000000E+02   0.00000000000E+00   1.62686500000E-05   4.64398600000E-05
   1.01032900000E-04   1.88714300000E-04   3.19788000000E-04   5.06816200000E-04
   7.65466000000E-04   1.11568400000E-03   1.58333000000E-03   2.20231200000E-03
   3.01689800000E-03   4.08253800000E-03   5.46011000000E-03   7.19416800000E-03
   9.27779900000E-03   1.16662000000E-02   1.44082800000E-02   1.77491900000E-02
   2.20514000000E-02   2.77024400000E-02   3.51192900000E-02   4.47796700000E-02
   5.72166100000E-02   7.29472500000E-02   9.23122900000E-02   1.15178100000E-01
   1.40432200000E-01   1.65430400000E-01   1.86091400000E-01   1.98332400000E-01
   2.00222500000E-01   1.92935400000E-01   1.79666200000E-01   1.63809600000E-01
   1.47860200000E-01   1.33240600000E-01   1.20570800000E-01   1.09977300000E-01
   1.01293200000E-01   8.78558300000E-02   7.64866300000E-02   6.52130300000E-02
   5.50288000000E-02   4.67445500000E-02   4.02372100000E-02   3.51053000000E-02
   3.09920100000E-02   2.76372300000E-02   2.48592100000E-02   2.05594200000E-02
   1.74387700000E-02   1.51294500000E-02   1.34032000000E-02   1.21067400000E-02
   1.11313600000E-02   1.03973200000E-02   9.84499300000E-03   9.42936500000E-03
   9.11628900000E-03   8.87979800000E-03   8.70012200000E-03   8.56220500000E-03
   8.45457800000E-03   8.36850600000E-03   8.29734600000E-03   8.23605200000E-03
   8.18080800000E-03   8.12873900000E-03   8.07770000000E-03   8.02610400000E-03
   7.97280300000E-03   7.91698600000E-03   7.85810500000E-03   7.79581500000E-03
   7.62426700000E-03   7.43060100000E-03   7.21754200000E-03   6.98923600000E-03
   6.50652900000E-03   6.02336900000E-03   5.58005100000E-03   5.21433800000E-03
   4.76107600000E-03   4.36985400000E-03   4.02937200000E-03   3.73086100000E-03
   3.46741600000E-03   3.23353000000E-03   0.00000000000E+00   1.00000000000E+00
   6.03129900000E-01   2.06260600000E-01   2.51221000000E-01   2.81025800000E-01
   2.86730300000E-01   2.54957000000E-01   2.99046400000E-01   3.03146100000E-01
   2.66837300000E-01   1.92856700000E-01   1.96072500000E-01   1.81027200000E-01
   1.50696700000E-01   1.09126700000E-01   1.86173800000E+00   3.76821100000E+00
   5.80769500000E+00   9.05134300000E+00   9.00993500000E+00   9.18293100000E+00
   9.33770000000E+00   9.46876700000E+00   9.52937800000E+00   9.55903800000E+00
   9.56215300000E+00   9.54179900000E+00   9.57551900000E+00   9.59740900000E+00
   9.60306800000E+00   9.59987100000E+00   9.71019400000E+00   9.82180700000E+00
   9.91529600000E+00   1.04255900000E+01   1.13235500000E+01   1.20207000000E+01
   1.26389300000E+01   1.31482600000E+01   1.37063300000E+01   1.42254000000E+01
   1.46379200000E+01   1.50554700000E+01   1.54643500000E+01   1.58737800000E+01
   1.63012100000E+01   1.67340400000E+01   1.73123000000E+01   1.78864200000E+01
   1.93239500000E+01   2.07343600000E+01   2.21537900000E+01   2.34001300000E+01
   2.46198400000E+01   2.58422600000E+01   2.70636900000E+01   2.83282200000E+01
   2.95509300000E+01   3.07703800000E+01   3.19829300000E+01   3.31860300000E+01
   3.44112200000E+01   3.55868200000E+01   3.67994800000E+01   3.78793400000E+01
   3.90373000000E+01   4.01735700000E+01   4.12669100000E+01   4.23766400000E+01
   4.35444800000E+01   4.46725500000E+01   4.57977000000E+01   4.68492600000E+01
   4.79461200000E+01   5.07419000000E+01   5.34803900000E+01   5.60954900000E+01
   5.88064600000E+01   6.43699200000E+01   6.96776900000E+01   7.49701700000E+01
   8.04209000000E+01   8.57555200000E+01   9.15991100000E+01   9.72145200000E+01
   1.02799500000E+02   1.08159700000E+02   1.14082100000E+02                   5
   0.00000000000E+00                   1                   1                  89
   0.00000000000E+00   1.62686500000E-05   4.64398600000E-05   1.01032900000E-04
   1.88714300000E-04   3.19788000000E-04   5.06816200000E-04   7.65466000000E-04
   1.11568400000E-03   1.58333000000E-03   2.20231200000E-03   3.01689800000E-03
   4.08253800000E-03   5.46011000000E-03   7.19416800000E-03   9.27779900000E-03
   1.16662000000E-02   1.44082800000E-02   1.77491900000E-02   2.20514000000E-02
   2.77024400000E-02   3.51192900000E-02   4.47796700000E-02   5.72166100000E-02
   7.29472500000E-02   9.23122900000E-02   1.15178100000E-01   1.40432200000E-01
   1.65430400000E-01   1.86091400000E-01   1.98332400000E-01   2.00222500000E-01
   1.92935400000E-01   1.79666200000E-01   1.63809600000E-01   1.47860200000E-01
   1.33240600000E-01   1.20570800000E-01   1.09977300000E-01   1.01293200000E-01
   8.78558300000E-02   7.64866300000E-02   6.52130300000E-02   5.50288000000E-02
   4.67445500000E-02   4.02372100000E-02   3.51053000000E-02   3.09920100000E-02
   2.76372300000E-02   2.48592100000E-02   2.05594200000E-02   1.74387700000E-02
   1.51294500000E-02   1.34032000000E-02   1.21067400000E-02   1.11313600000E-02
   1.03973200000E-02   9.84499300000E-03   9.42936500000E-03   9.11628900000E-03
   8.87979800000E-03   8.70012200000E-03   8.56220500000E-03   8.45457800000E-03
   8.36850600000E-03   8.29734600000E-03   8.23605200000E-03   8.18080800000E-03
   8.12873900000E-03   8.07770000000E-03   8.02610400000E-03   7.97280300000E-03
   7.91698600000E-03   7.85810500000E-03   7.79581500000E-03   7.62426700000E-03
   7.43060100000E-03   7.21754200000E-03   6.98923600000E-03   6.50652900000E-03
   6.02336900000E-03   5.58005100000E-03   5.21433800000E-03   4.76107600000E-03
   4.36985400000E-03   4.02937200000E-03   3.73086100000E-03   3.46741600000E-03
   3.23353000000E-03                   1                   1                 446
                 519                 592                 593                 594
                 595                 743                 744                 744
                 745                   2                   1               52055
               52146               52237               52238               52239
               52240               52418               52419               52419
               52420                   9                   1               66142
               66223               66304               66305               66306
               66307               66471               66472               66472
               66473                  31                   1              124325
              124391              124457              124458              124459
              124460              124594              124595              124595
              124596                  32                   1              171660
              171725              171790              171791              171792
              171793              171923              171924              171924
              171925                  33                   1              218529
              218587              218645              218646              218647
              218648              218768              218769              218769
              218770                  34                   1              261267
              261352              261437              261438              261439
              261440              261614              261615              261615
              261616                  19                  71   0.00000000000E+00
   2.07370900000E-02   2.70960900000E-02   3.44876600000E-02   4.40485100000E-02
   5.63489700000E-02   7.19121800000E-02   9.10825400000E-02   1.13733100000E-01
   1.38758500000E-01   1.63528800000E-01   1.83958700000E-01   1.95964300000E-01
   1.97644700000E-01   1.90126800000E-01   1.76636200000E-01   1.60592500000E-01
   1.58786300000E-01   1.58269000000E-01   1.53443600000E-01   1.47742200000E-01
   1.40388400000E-01   1.26400300000E-01   1.12126000000E-01   9.65858400000E-02
   8.25506300000E-02   7.06010500000E-02   6.12267100000E-02   5.36992400000E-02
   4.76445100000E-02   4.28492600000E-02   3.92345700000E-02   3.38244000000E-02
   2.98734500000E-02   2.68193000000E-02   2.43658600000E-02   2.25645700000E-02
   2.12456900000E-02   2.03716300000E-02   1.97592500000E-02   1.94194700000E-02
   1.92225600000E-02   1.91187700000E-02   1.91262400000E-02   1.91841000000E-02
   1.93683300000E-02   1.95446800000E-02   1.97964000000E-02   1.99817200000E-02
   2.01918100000E-02   2.04230700000E-02   2.06282100000E-02   2.08222300000E-02
   2.10180700000E-02   2.11823600000E-02   2.14035200000E-02   2.15475300000E-02
   2.18428700000E-02   2.19891300000E-02   2.21100500000E-02   2.20425200000E-02
   2.16472400000E-02   2.10812700000E-02   2.04840500000E-02   1.99126900000E-02
   1.91049700000E-02   1.81952100000E-02   1.73577500000E-02   1.65792300000E-02
   1.59700200000E-02   1.52871400000E-02                  19                  71
   0.00000000000E+00   2.06625600000E-01   4.22092500000E-01   6.31783600000E-01
   8.41207900000E-01   1.05080800000E+00   1.13467600000E+00   1.21857500000E+00
   1.30249900000E+00   1.38634600000E+00   1.46621500000E+00   1.54554400000E+00
   1.62403300000E+00   1.70166200000E+00   1.78009900000E+00   1.85707900000E+00
   1.93275600000E+00   2.20579600000E+00   2.49999200000E+00   2.74290000000E+00
   2.96339400000E+00   3.12748000000E+00   3.59488500000E+00   4.01786400000E+00
   4.40031500000E+00   4.80230300000E+00   5.16587700000E+00   5.53779100000E+00
   5.88854600000E+00   6.24119300000E+00   6.55524400000E+00   6.93855400000E+00
   7.70570800000E+00   8.45144500000E+00   9.18837500000E+00   9.90712400000E+00
   1.06535800000E+01   1.13636800000E+01   1.21313200000E+01   1.28646600000E+01
   1.36500500000E+01   1.44303500000E+01   1.52178000000E+01   1.60249100000E+01
   1.68283800000E+01   1.76557700000E+01   1.84580300000E+01   1.93283300000E+01
   2.01346600000E+01   2.09722900000E+01   2.18456500000E+01   2.27099600000E+01
   2.35439100000E+01   2.44048300000E+01   2.52567900000E+01   2.62082900000E+01
   2.70993500000E+01   2.93128900000E+01   3.15425900000E+01   3.38531500000E+01
   3.60884900000E+01   4.04909800000E+01   4.51414700000E+01   4.97152000000E+01
   5.41812600000E+01   5.87218300000E+01   6.27892100000E+01   6.70908600000E+01
   7.14063900000E+01   7.59016400000E+01   7.98547100000E+01                   5
                  -1                   1                   6                   5
                   0                  72   1.00000000000E+00   9.53560400000E+00
   1.00000000000E+01   1.05000000000E+01   1.10000000000E+01   1.15000000000E+01
   1.20000000000E+01   1.25000000000E+01   1.30000000000E+01   1.35000000000E+01
   1.40000000000E+01   1.45000000000E+01   1.50000000000E+01   1.55000000000E+01
   1.60000000000E+01   1.65000000000E+01   1.70000000000E+01   1.75000000000E+01
   1.80000000000E+01   1.85000000000E+01   1.90000000000E+01   1.95000000000E+01
   2.00000000000E+01   2.10000000000E+01   2.20000000000E+01   2.30000000000E+01
   2.40000000000E+01   2.50000000000E+01   2.60000000000E+01   2.70000000000E+01
   2.80000000000E+01   2.90000000000E+01   3.00000000000E+01   3.20000000000E+01
   3.40000000000E+01   3.60000000000E+01   3.80000000000E+01   4.00000000000E+01
   4.20000000000E+01   4.40000000000E+01   4.60000000000E+01   4.80000000000E+01
   5.00000000000E+01   5.20000000000E+01   5.40000000000E+01   5.60000000000E+01
   5.80000000000E+01   6.00000000000E+01   6.20000000000E+01   6.40000000000E+01
   6.60000000000E+01   6.80000000000E+01   7.00000000000E+01   7.20000000000E+01
   7.40000000000E+01   7.60000000000E+01   7.80000000000E+01   8.00000000000E+01
   8.50000000000E+01   9.00000000000E+01   9.50000000000E+01   1.00000000000E+02
   1.10000000000E+02   1.20000000000E+02   1.30000000000E+02   1.40000000000E+02
   1.50000000000E+02   1.60000000000E+02   1.70000000000E+02   1.80000000000E+02
   1.90000000000E+02   2.00000000000E+02   0.00000000000E+00   0.00000000000E+00
   9.40397900000E-01   9.78112000000E-01   9.82014700000E-01   9.83672100000E-01
   9.84835900000E-01   9.85810700000E-01   9.86678400000E-01   9.87454200000E-01
   9.88081800000E-01   9.88505100000E-01   9.88539500000E-01   9.88059900000E-01
   9.87125300000E-01   9.85442800000E-01   9.83135400000E-01   9.80360700000E-01
   1.07389500000E+00   1.18784400000E+00   1.27264300000E+00   1.34338800000E+00
   1.38596100000E+00   1.43872400000E+00   1.46595600000E+00   1.48108200000E+00
   1.50013500000E+00   1.51035900000E+00   1.52164400000E+00   1.52966200000E+00
   1.53731600000E+00   1.55041800000E+00   1.57827100000E+00   1.64520200000E+00
   1.71304800000E+00   1.77265500000E+00   1.81791400000E+00   1.86380200000E+00
   1.90863400000E+00   1.95931500000E+00   2.00703500000E+00   2.05946700000E+00
   2.10859500000E+00   2.15306400000E+00   2.19838800000E+00   2.24055600000E+00
   2.29086900000E+00   2.33550400000E+00   2.38587100000E+00   2.42612800000E+00
   2.46819300000E+00   2.51245200000E+00   2.55372300000E+00   2.59431400000E+00
   2.63622100000E+00   2.67555900000E+00   2.72375100000E+00   2.76398700000E+00
   2.86491400000E+00   2.95926700000E+00   3.06337700000E+00   3.15378100000E+00
   3.32700300000E+00   3.49991300000E+00   3.67094300000E+00   3.81883400000E+00
   4.01274200000E+00   4.16380300000E+00   4.30780500000E+00   4.44380800000E+00
   4.60574100000E+00   4.72769400000E+00                   0                   1
                   0                   4                  10                   0
                   2   1.00000000000E+00   2.00000000000E+02   1.00000000000E+00
   1.00000000000E+00                   0                  31   1.00000000000E+00
   9.53560400000E+00   1.00000000000E+01   1.20000000000E+01   1.40000000000E+01
   1.60000000000E+01   1.80000000000E+01   2.00000000000E+01   2.20000000000E+01
   2.40000000000E+01   2.60000000000E+01   2.80000000000E+01   3.00000000000E+01
   3.20000000000E+01   3.60000000000E+01   4.00000000000E+01   4.40000000000E+01
   4.80000000000E+01   5.00000000000E+01   5.20000000000E+01   5.60000000000E+01
   6.00000000000E+01   7.00000000000E+01   8.00000000000E+01   9.00000000000E+01
   1.00000000000E+02   1.20000000000E+02   1.40000000000E+02   1.60000000000E+02
   1.80000000000E+02   2.00000000000E+02                  74                  85
                  96                 119                 364                 883
                1578                2383                3425                4558
                5756                7019                8334                9688
               11081               12539               14281               16068
               17900               19747               21609               23501
               25423               27669               29949               32535
               35159               38101               41369               44660
               47974                   2                   3   0.00000000000E+00
   5.00000000000E-07   1.00000000000E-06   0.00000000000E+00   2.00000000000E+06
   0.00000000000E+00   0.00000000000E+00   5.00000000000E-01   1.00000000000E+00
                   2                   3   0.00000000000E+00   5.00000000000E-07
   1.00000000000E-06   0.00000000000E+00   2.00000000000E+06   0.00000000000E+00
   0.00000000000E+00   5.00000000000E-01   1.00000000000E+00                   2
                   7   0.00000000000E+00   2.50000000000E-02   1.00000000000E-01
   2.00000000000E-01   3.00000000000E-01   4.00000000000E-01   5.00000000000E-01
   0.00000000000E+00   6.12086800000E-01   2.44833700000E+00   5.57756900000E+00
   1.61195800000E-01   9.49873900000E-01   1.72604700000E+00   0.00000000000E+00
   7.65108464000E-03   1.22416972000E-01   5.23712253000E-01   8.10650479000E-01
   8.66203961000E-01   1.00000000000E+00                   2                  27
   0.00000000000E+00   2.50000000000E-02   1.00000000000E-01   2.00000000000E-01
   3.00000000000E-01   4.00000000000E-01   5.00000000000E-01   6.00000000000E-01
   7.00000000000E-01   8.00000000000E-01   9.00000000000E-01   1.00000000000E+00
   1.10000000000E+00   1.20000000000E+00   1.30000000000E+00   1.40000000000E+00
   1.50000000000E+00   1.60000000000E+00   1.70000000000E+00   1.80000000000E+00
   1.90000000000E+00   2.00000000000E+00   2.10000000000E+00   2.20000000000E+00
   2.30000000000E+00   2.40000000000E+00   2.50000000000E+00   0.00000000000E+00
   7.73108000000E-02   3.07883300000E-01   4.97766300000E-01   5.81982200000E-01
   6.09472600000E-01   6.08427400000E-01   5.93419700000E-01   5.71880300000E-01
   5.47507000000E-01   5.22071900000E-01   4.96322500000E-01   4.70522200000E-01
   4.44740600000E-01   4.18997500000E-01   3.93333700000E-01   3.67831500000E-01
   1.81422600000E-01   4.76660900000E-01   3.70520500000E-01   4.91312100000E-01
   3.26011400000E-01   1.93205400000E-01   3.27036700000E-01   5.75451800000E-02
   9.62517300000E-02   9.54093800000E-02   0.00000000000E+00   9.66385011000E-04
   1.54111639000E-02   5.56936444000E-02   1.09681070000E-01   1.69253811000E-01
   2.30148811000E-01   2.90241167000E-01   3.48506168000E-01   4.04475533000E-01
   4.57954479000E-01   5.08874199000E-01   5.57216435000E-01   6.02979576000E-01
   6.46166481000E-01   6.86783041000E-01   7.24841302000E-01   7.52304007000E-01
   7.85208183000E-01   8.27567253000E-01   8.70658884000E-01   9.11525059000E-01
   9.37485899000E-01   9.63498005000E-01   9.82727099000E-01   9.90416944000E-01
   1.00000000000E+00                   0                   0                   0
                   0                   0                   0                   0
                   0                   0                   0                   0
                   0                   0                   0                   0
                   0                   0                   0                   0
                   0                   0                   0                   0
                   0                   0                   0                   0
                   0                   0                   0                   0
                   0                   0                   0                   0
                   0                   0                   0                   0
                   0                   0                   0                   0
                   0                   0                   0                   0
                   0                   0                   0                   0
                   0                   0                   0                   0
                   0                   0                   0                   0
                   0                   0                   0                   0
                   0                   0                   0                   0
                   0                   0                   0                   0
                   0                   0                   0                   0
                   0                   0                   0                   0
                   0                   0                   0                   0
                   0                   0                   0                   0
                   0                   0                   0                   0
                   0                   0                   0                   0
                   0                   0                   0                   0
                   0                   0                   0                   0
                   0                   0                   0                   0
                   0                   0                   0                   0
                   0                   0                   0                   0
                   0                   0                   0                   0
                   0                   0                   0                   0
                   0                   0                   0                   0
                   0                   0                   0                   0
                   0
