 18036.00u   35.658570  0.0000E+00   02/26/20
Ace Ar36 IAEA-PD                                                         mat1825
      0         0.      0         0.      0         0.      0         0.
      0         0.      0         0.      0         0.      0         0.
      0         0.      0         0.      0         0.      0         0.
      0         0.      0         0.      0         0.      0         0.
   277675    18036       89        1        7        2       12        0
        0        0        0        0        0        0        0        1
        1       90       90        0      179      268      269      270
      271      362      446        0        0        0        0        0
        0        0        0        0        0        0        0        0
        0        0        0        0        0        0        0        0
   9.99999000000E-01   1.00000000000E+00   1.50000000000E+00   2.00000000000E+00
   2.50000000000E+00   3.00000000000E+00   3.50000000000E+00   4.00000000000E+00
   4.50000000000E+00   5.00000000000E+00   5.50000000000E+00   6.00000000000E+00
   6.50000000000E+00   7.00000000000E+00   7.50000000000E+00   8.00000000000E+00
   8.50000000000E+00   9.00000000000E+00   9.50000000000E+00   1.00000000000E+01
   1.05000000000E+01   1.10000000000E+01   1.15000000000E+01   1.20000000000E+01
   1.25000000000E+01   1.30000000000E+01   1.35000000000E+01   1.40000000000E+01
   1.45000000000E+01   1.50000000000E+01   1.55000000000E+01   1.60000000000E+01
   1.65000000000E+01   1.70000000000E+01   1.75000000000E+01   1.80000000000E+01
   1.85000000000E+01   1.90000000000E+01   1.95000000000E+01   2.00000000000E+01
   2.10000000000E+01   2.20000000000E+01   2.30000000000E+01   2.40000000000E+01
   2.50000000000E+01   2.60000000000E+01   2.70000000000E+01   2.80000000000E+01
   2.90000000000E+01   3.00000000000E+01   3.20000000000E+01   3.40000000000E+01
   3.60000000000E+01   3.80000000000E+01   4.00000000000E+01   4.20000000000E+01
   4.40000000000E+01   4.60000000000E+01   4.80000000000E+01   5.00000000000E+01
   5.20000000000E+01   5.40000000000E+01   5.60000000000E+01   5.80000000000E+01
   6.00000000000E+01   6.20000000000E+01   6.40000000000E+01   6.60000000000E+01
   6.80000000000E+01   7.00000000000E+01   7.20000000000E+01   7.40000000000E+01
   7.60000000000E+01   7.80000000000E+01   8.00000000000E+01   8.50000000000E+01
   9.00000000000E+01   9.50000000000E+01   1.00000000000E+02   1.10000000000E+02
   1.20000000000E+02   1.30000000000E+02   1.40000000000E+02   1.50000000000E+02
   1.60000000000E+02   1.70000000000E+02   1.80000000000E+02   1.90000000000E+02
   2.00000000000E+02   0.00000000000E+00   4.35752100000E-06   1.09770400000E-05
   2.17395900000E-05   3.77050900000E-05   6.01223400000E-05   9.04854400000E-05
   1.30608500000E-04   1.82728800000E-04   2.49653900000E-04   3.34967200000E-04
   4.43309700000E-04   5.80761400000E-04   7.55368800000E-04   9.77899100000E-04
   1.26294300000E-03   1.63052500000E-03   2.10833800000E-03   2.73441100000E-03
   3.55870400000E-03   4.63808600000E-03   6.01043300000E-03   7.62966400000E-03
   9.29916500000E-03   1.07785200000E-02   1.20937700000E-02   1.36012900000E-02
   1.57077700000E-02   1.86795600000E-02   2.25913500000E-02   2.72253200000E-02
   3.19141600000E-02   3.55974300000E-02   3.73820200000E-02   3.72206300000E-02
   3.58692900000E-02   3.42309200000E-02   3.28886600000E-02   3.20608700000E-02
   3.17245000000E-02   3.17611100000E-02   3.13067500000E-02   2.92486700000E-02
   2.58915900000E-02   2.21679500000E-02   1.87431900000E-02   1.58622100000E-02
   1.35294700000E-02   1.16636800000E-02   1.01708400000E-02   7.99352300000E-03
   6.53466500000E-03   5.52517200000E-03   4.80863500000E-03   4.29057900000E-03
   3.91122900000E-03   3.63106300000E-03   3.42294700000E-03   3.26768700000E-03
   3.15139900000E-03   3.06388000000E-03   2.99754400000E-03   2.94671200000E-03
   2.90710800000E-03   2.87550400000E-03   2.84946000000E-03   2.82713300000E-03
   2.80713100000E-03   2.78840900000E-03   2.77018800000E-03   2.75189300000E-03
   2.73310500000E-03   2.71352900000E-03   2.69296300000E-03   2.67127800000E-03
   2.61181100000E-03   2.54494400000E-03   2.47155900000E-03   2.39304700000E-03
   2.22728900000E-03   2.06155400000E-03   1.90956000000E-03   1.78417200000E-03
   1.62897000000E-03   1.49502100000E-03   1.37845300000E-03   1.27626200000E-03
   1.18608100000E-03   1.10602400000E-03   0.00000000000E+00   1.00000000000E+00
   1.02927300000E+00   1.05854600000E+00   1.08782000000E+00   1.11709400000E+00
   1.14636700000E+00   1.17564100000E+00   1.20491400000E+00   1.23418800000E+00
   1.26346100000E+00   1.29273500000E+00   1.32200800000E+00   1.35128200000E+00
   1.19188100000E+00   9.96081800000E-01   1.03942800000E+00   1.41235300000E+00
   8.38008100000E+00   9.88825100000E+00   1.04693300000E+01   1.09195300000E+01
   1.13012200000E+01   1.17810400000E+01   1.21242000000E+01   1.24414200000E+01
   1.27223400000E+01   1.29564800000E+01   1.31073700000E+01   1.31969300000E+01
   1.32809500000E+01   1.32964000000E+01   1.33354400000E+01   1.34253300000E+01
   1.35988400000E+01   1.38552100000E+01   1.42931000000E+01   1.48015600000E+01
   1.53115700000E+01   1.58677600000E+01   1.70996600000E+01   1.83701400000E+01
   1.98584000000E+01   2.11499100000E+01   2.22644800000E+01   2.31902200000E+01
   2.39078100000E+01   2.46022300000E+01   2.51312100000E+01   2.56812100000E+01
   2.68391100000E+01   2.84029800000E+01   3.00716000000E+01   3.18066200000E+01
   3.33693700000E+01   3.47888300000E+01   3.63126600000E+01   3.77477300000E+01
   3.91779500000E+01   4.06272900000E+01   4.21287200000E+01   4.35902200000E+01
   4.50360100000E+01   4.64637700000E+01   4.78896800000E+01   4.93259700000E+01
   5.07466100000E+01   5.21082000000E+01   5.35486300000E+01   5.49930200000E+01
   5.63907600000E+01   5.78547700000E+01   5.93027300000E+01   6.07337000000E+01
   6.21739000000E+01   6.57644200000E+01   6.92559100000E+01   7.28411300000E+01
   7.63776000000E+01   8.35301700000E+01   9.05433100000E+01   9.83570600000E+01
   1.07279300000E+02   1.14777300000E+02   1.22169100000E+02   1.29817100000E+02
   1.37326000000E+02   1.44833100000E+02   1.52174900000E+02                   5
   0.00000000000E+00                   1                   1                  89
   0.00000000000E+00   4.35752100000E-06   1.09770400000E-05   2.17395900000E-05
   3.77050900000E-05   6.01223400000E-05   9.04854400000E-05   1.30608500000E-04
   1.82728800000E-04   2.49653900000E-04   3.34967200000E-04   4.43309700000E-04
   5.80761400000E-04   7.55368800000E-04   9.77899100000E-04   1.26294300000E-03
   1.63052500000E-03   2.10833800000E-03   2.73441100000E-03   3.55870400000E-03
   4.63808600000E-03   6.01043300000E-03   7.62966400000E-03   9.29916500000E-03
   1.07785200000E-02   1.20937700000E-02   1.36012900000E-02   1.57077700000E-02
   1.86795600000E-02   2.25913500000E-02   2.72253200000E-02   3.19141600000E-02
   3.55974300000E-02   3.73820200000E-02   3.72206300000E-02   3.58692900000E-02
   3.42309200000E-02   3.28886600000E-02   3.20608700000E-02   3.17245000000E-02
   3.17611100000E-02   3.13067500000E-02   2.92486700000E-02   2.58915900000E-02
   2.21679500000E-02   1.87431900000E-02   1.58622100000E-02   1.35294700000E-02
   1.16636800000E-02   1.01708400000E-02   7.99352300000E-03   6.53466500000E-03
   5.52517200000E-03   4.80863500000E-03   4.29057900000E-03   3.91122900000E-03
   3.63106300000E-03   3.42294700000E-03   3.26768700000E-03   3.15139900000E-03
   3.06388000000E-03   2.99754400000E-03   2.94671200000E-03   2.90710800000E-03
   2.87550400000E-03   2.84946000000E-03   2.82713300000E-03   2.80713100000E-03
   2.78840900000E-03   2.77018800000E-03   2.75189300000E-03   2.73310500000E-03
   2.71352900000E-03   2.69296300000E-03   2.67127800000E-03   2.61181100000E-03
   2.54494400000E-03   2.47155900000E-03   2.39304700000E-03   2.22728900000E-03
   2.06155400000E-03   1.90956000000E-03   1.78417200000E-03   1.62897000000E-03
   1.49502100000E-03   1.37845300000E-03   1.27626200000E-03   1.18608100000E-03
   1.10602400000E-03                   1                   1                 446
                 508                 570                 571                 572
                 573                 699                 700                 700
                 701                   2                   1               42959
               43050               43141               43142               43143
               43144               43302               43303               43303
               43304                   9                   1               56642
               56717               56792               56793               56794
               56795               56947               56948               56948
               56949                  31                   1              108977
              109032              109087              109088              109089
              109090              109200              109201              109201
              109202                  32                   1              147885
              147933              147981              147982              147983
              147984              148082              148083              148083
              148084                  33                   1              181713
              181768              181823              181824              181825
              181826              181938              181939              181939
              181940                  34                   1              220665
              220744              220823              220824              220825
              220826              220986              220987              220987
              220988                  30                  60   0.00000000000E+00
   7.02409700000E-04   1.45397800000E-03   1.65871500000E-03   2.15492800000E-03
   2.27777300000E-03   2.15207800000E-03   2.19035500000E-03   2.08514600000E-03
   2.27670000000E-03   2.49977200000E-03   3.04733200000E-03   3.19654400000E-03
   3.18123700000E-03   3.23540800000E-03   3.40056100000E-03   3.53991600000E-03
   3.57438600000E-03   3.51081000000E-03   3.39878500000E-03   3.24270500000E-03
   2.97530100000E-03   2.77388700000E-03   2.61236300000E-03   2.48344000000E-03
   2.40179500000E-03   2.35084200000E-03   2.23213200000E-03   2.24492700000E-03
   2.28312900000E-03   2.32237500000E-03   2.37095800000E-03   2.42610200000E-03
   2.47518300000E-03   2.54592900000E-03   2.61612600000E-03   2.68900100000E-03
   2.76772700000E-03   2.84985800000E-03   2.91788600000E-03   2.97506800000E-03
   3.03789700000E-03   3.09105700000E-03   3.13425400000E-03   3.18468200000E-03
   3.22491900000E-03   3.30317300000E-03   3.37074300000E-03   3.42160900000E-03
   3.45379900000E-03   3.47574200000E-03   3.44932800000E-03   3.53260200000E-03
   3.49585700000E-03   3.36129200000E-03   3.24107500000E-03   3.12629100000E-03
   3.02512100000E-03   2.92559700000E-03   2.84259200000E-03                  30
                  60   0.00000000000E+00   6.32521700000E-03   3.40174000000E-02
   4.59313000000E-02   7.06039600000E-02   8.95819600000E-02   1.02170200000E-01
   1.14323600000E-01   1.18583900000E-01   1.38768200000E-01   1.60579600000E-01
   2.23102200000E-01   2.66767000000E-01   3.12372800000E-01   3.91284700000E-01
   4.92674300000E-01   6.21762000000E-01   7.87729200000E-01   9.59962000000E-01
   1.15296400000E+00   1.34350100000E+00   1.77627300000E+00   2.21694200000E+00
   2.68229200000E+00   3.16006000000E+00   3.67466900000E+00   4.18977800000E+00
   4.53493900000E+00   5.03042100000E+00   5.56384400000E+00   6.08865100000E+00
   6.63004500000E+00   7.17559000000E+00   7.69737200000E+00   8.25075800000E+00
   8.80571700000E+00   9.36059100000E+00   9.94607200000E+00   1.05582400000E+01
   1.11344100000E+01   1.16854600000E+01   1.22680000000E+01   1.28312000000E+01
   1.33726800000E+01   1.39663100000E+01   1.45380100000E+01   1.59195000000E+01
   1.73942500000E+01   1.88206000000E+01   2.02877500000E+01   2.31233300000E+01
   2.60653600000E+01   2.82697500000E+01   2.93595800000E+01   3.17621100000E+01
   3.42558900000E+01   3.66261400000E+01   3.91034600000E+01   4.14248500000E+01
   4.39261900000E+01                   5                  -1                   1
                   6                   5                   0                  61
   1.00000000000E+00   1.52555700000E+01   1.55000000000E+01   1.60000000000E+01
   1.65000000000E+01   1.70000000000E+01   1.75000000000E+01   1.80000000000E+01
   1.85000000000E+01   1.90000000000E+01   1.95000000000E+01   2.00000000000E+01
   2.10000000000E+01   2.20000000000E+01   2.30000000000E+01   2.40000000000E+01
   2.50000000000E+01   2.60000000000E+01   2.70000000000E+01   2.80000000000E+01
   2.90000000000E+01   3.00000000000E+01   3.20000000000E+01   3.40000000000E+01
   3.60000000000E+01   3.80000000000E+01   4.00000000000E+01   4.20000000000E+01
   4.40000000000E+01   4.60000000000E+01   4.80000000000E+01   5.00000000000E+01
   5.20000000000E+01   5.40000000000E+01   5.60000000000E+01   5.80000000000E+01
   6.00000000000E+01   6.20000000000E+01   6.40000000000E+01   6.60000000000E+01
   6.80000000000E+01   7.00000000000E+01   7.20000000000E+01   7.40000000000E+01
   7.60000000000E+01   7.80000000000E+01   8.00000000000E+01   8.50000000000E+01
   9.00000000000E+01   9.50000000000E+01   1.00000000000E+02   1.10000000000E+02
   1.20000000000E+02   1.30000000000E+02   1.40000000000E+02   1.50000000000E+02
   1.60000000000E+02   1.70000000000E+02   1.80000000000E+02   1.90000000000E+02
   2.00000000000E+02   0.00000000000E+00   0.00000000000E+00   2.57998700000E-02
   4.55590200000E-02   4.65964800000E-02   5.76461100000E-02   6.11965200000E-02
   5.99977900000E-02   6.39876200000E-02   6.34001500000E-02   7.10118000000E-02
   7.87962600000E-02   9.59453900000E-02   1.02104000000E-01   1.08765200000E-01
   1.24959800000E-01   1.53399900000E-01   1.88864100000E-01   2.25339700000E-01
   2.59493500000E-01   2.91399000000E-01   3.18823700000E-01   3.72214000000E-01
   4.24488000000E-01   4.72811200000E-01   5.16454300000E-01   5.59783400000E-01
   6.01049400000E-01   6.14732400000E-01   6.55846300000E-01   6.98698800000E-01
   7.36934600000E-01   7.73841700000E-01   8.09363300000E-01   8.39981300000E-01
   8.75760000000E-01   9.09797400000E-01   9.43687900000E-01   9.78987200000E-01
   1.01522100000E+00   1.04643400000E+00   1.07395900000E+00   1.10393000000E+00
   1.13096900000E+00   1.15504700000E+00   1.18259400000E+00   1.20725700000E+00
   1.26470600000E+00   1.32448600000E+00   1.38439300000E+00   1.44326400000E+00
   1.56052600000E+00   1.67316900000E+00   1.84995600000E+00   1.95937200000E+00
   2.06344600000E+00   2.16791300000E+00   2.26797100000E+00   2.37029800000E+00
   2.46660800000E+00   2.57010000000E+00                   0                   1
                   0                   4                  10                   0
                   2   1.00000000000E+00   2.00000000000E+02   1.00000000000E+00
   1.00000000000E+00                   0                  28   1.00000000000E+00
   1.52555700000E+01   1.60000000000E+01   1.80000000000E+01   2.00000000000E+01
   2.20000000000E+01   2.40000000000E+01   2.60000000000E+01   2.80000000000E+01
   3.00000000000E+01   3.20000000000E+01   3.60000000000E+01   4.00000000000E+01
   4.40000000000E+01   4.80000000000E+01   5.00000000000E+01   5.20000000000E+01
   5.60000000000E+01   6.00000000000E+01   7.00000000000E+01   8.00000000000E+01
   9.00000000000E+01   1.00000000000E+02   1.20000000000E+02   1.40000000000E+02
   1.60000000000E+02   1.80000000000E+02   2.00000000000E+02                  68
                  79                  90                 116                 393
                 813                1439                2182                3016
                3928                4918                5960                7106
                8343                9845               11407               12999
               14621               16288               18000               20025
               22118               24533               26986               29781
               32639               35815               39014                   2
                   3   0.00000000000E+00   5.00000000000E-07   1.00000000000E-06
   0.00000000000E+00   2.00000000000E+06   0.00000000000E+00   0.00000000000E+00
   5.00000000000E-01   1.00000000000E+00                   2                   3
   0.00000000000E+00   5.00000000000E-07   1.00000000000E-06   0.00000000000E+00
   2.00000000000E+06   0.00000000000E+00   0.00000000000E+00   5.00000000000E-01
   1.00000000000E+00                   2                   8   0.00000000000E+00
   1.06666700000E-01   2.13333300000E-01   3.20000000000E-01   4.26666700000E-01
   5.33333300000E-01   6.40000000000E-01   7.46666700000E-01   0.00000000000E+00
   6.73801100000E-08   5.21648100000E-08   3.08313100000E-08   1.42134000000E-08
   4.47700100000E-09   5.85879100000E-10   1.87499900000E+01   0.00000000000E+00
   3.59360718000E-09   9.96933249000E-09   1.43957934000E-08   1.67981787000E-08
   1.77949996000E-08   1.80650199000E-08   1.00000000000E+00                   2
                  25   0.00000000000E+00   3.00000000000E-02   1.20000000000E-01
   2.40000000000E-01   3.60000000000E-01   4.80000000000E-01   6.00000000000E-01
   7.20000000000E-01   8.40000000000E-01   9.60000000000E-01   1.08000000000E+00
   1.20000000000E+00   1.32000000000E+00   1.44000000000E+00   1.56000000000E+00
   1.68000000000E+00   1.80000000000E+00   1.92000000000E+00   2.04000000000E+00
   2.16000000000E+00   2.28000000000E+00   2.40000000000E+00   2.52000000000E+00
   2.64000000000E+00   2.76000000000E+00   0.00000000000E+00   1.35670300000E-01
   5.42681300000E-01   1.93168000000E-06   1.94922000000E-06   1.83604000000E-06
   1.66552000000E-06   1.47382000000E-06   1.27981000000E-06   1.59836800000E+00
   9.18943900000E-07   7.59566900000E-07   6.10770000000E-07   4.83749000000E-07
   3.74442000000E+00   2.79874000000E-07   2.01157000000E-07   1.37293000000E-07
   8.79809900000E-08   5.16690000000E-08   2.67347000000E-08   1.13569000000E-08
   3.37747000000E-09   4.22395000000E-10   4.89570200000E+00   0.00000000000E+00
   2.03505434000E-03   3.25608739000E-02   6.51218652000E-02   6.51220981000E-02
   6.51223252000E-02   6.51225353000E-02   6.51227236000E-02   6.51228889000E-02
   1.61025038000E-01   2.56927166000E-01   2.56927266000E-01   2.56927348000E-01
   2.56927414000E-01   4.81592625000E-01   7.06257824000E-01   7.06257853000E-01
   7.06257873000E-01   7.06257887000E-01   7.06257895000E-01   7.06257900000E-01
   7.06257902000E-01   7.06257903000E-01   7.06257903000E-01   1.00000000000E+00
                   0                   0                   0                   0
                   0                   0                   0                   0
                   0                   0                   0                   0
                   0                   0                   0                   0
                   0                   0                   0                   0
                   0                   0                   0                   0
                   0                   0                   0                   0
                   0                   0                   0                   0
                   0                   0                   0                   0
                   0                   0                   0                   0
                   0                   0                   0                   0
                   0                   0                   0                   0
                   0                   0                   0                   0
                   0                   0                   0                   0
                   0                   0                   0                   0
                   0                   0                   0                   0
                   0                   0                   0                   0
                   0                   0                   0                   0
                   0                   0                   0                   0
                   0                   0                   0                   0
                   0                   0                   0                   0
                   0                   0                   0                   0
                   0                   0                   0                   0
                   0                   0                   0                   0
                   0                   0                   0                   0
                   0                   0                   0                   0
                   0                   0                   0                   0
                   0                   0                   0                   0
                   0                   0                   0                   0
                   0                   0                   0                   0
                   0                   0                   0                   0
                   0                   0
