 18038.00u   37.636610  0.0000E+00   05/27/20
Ace Ar38 IAEA-PD                                                         mat1831
      0         0.      0         0.      0         0.      0         0.
      0         0.      0         0.      0         0.      0         0.
      0         0.      0         0.      0         0.      0         0.
      0         0.      0         0.      0         0.      0         0.
   283177    18038       89        1        7        2       12        0
        0        0        0        0        0        0        0        1
        1       90       90        0      179      268      269      270
      271      362      446        0        0        0        0        0
        0        0        0        0        0        0        0        0
        0        0        0        0        0        0        0        0
   9.99999000000E-01   1.00000000000E+00   1.50000000000E+00   2.00000000000E+00
   2.50000000000E+00   3.00000000000E+00   3.50000000000E+00   4.00000000000E+00
   4.50000000000E+00   5.00000000000E+00   5.50000000000E+00   6.00000000000E+00
   6.50000000000E+00   7.00000000000E+00   7.50000000000E+00   8.00000000000E+00
   8.50000000000E+00   9.00000000000E+00   9.50000000000E+00   1.00000000000E+01
   1.05000000000E+01   1.10000000000E+01   1.15000000000E+01   1.20000000000E+01
   1.25000000000E+01   1.30000000000E+01   1.35000000000E+01   1.40000000000E+01
   1.45000000000E+01   1.50000000000E+01   1.55000000000E+01   1.60000000000E+01
   1.65000000000E+01   1.70000000000E+01   1.75000000000E+01   1.80000000000E+01
   1.85000000000E+01   1.90000000000E+01   1.95000000000E+01   2.00000000000E+01
   2.10000000000E+01   2.20000000000E+01   2.30000000000E+01   2.40000000000E+01
   2.50000000000E+01   2.60000000000E+01   2.70000000000E+01   2.80000000000E+01
   2.90000000000E+01   3.00000000000E+01   3.20000000000E+01   3.40000000000E+01
   3.60000000000E+01   3.80000000000E+01   4.00000000000E+01   4.20000000000E+01
   4.40000000000E+01   4.60000000000E+01   4.80000000000E+01   5.00000000000E+01
   5.20000000000E+01   5.40000000000E+01   5.60000000000E+01   5.80000000000E+01
   6.00000000000E+01   6.20000000000E+01   6.40000000000E+01   6.60000000000E+01
   6.80000000000E+01   7.00000000000E+01   7.20000000000E+01   7.40000000000E+01
   7.60000000000E+01   7.80000000000E+01   8.00000000000E+01   8.50000000000E+01
   9.00000000000E+01   9.50000000000E+01   1.00000000000E+02   1.10000000000E+02
   1.20000000000E+02   1.30000000000E+02   1.40000000000E+02   1.50000000000E+02
   1.60000000000E+02   1.70000000000E+02   1.80000000000E+02   1.90000000000E+02
   2.00000000000E+02   0.00000000000E+00   4.10162000000E-06   1.03880400000E-05
   2.06648900000E-05   3.59759800000E-05   5.75502700000E-05   8.68579500000E-05
   1.25685100000E-04   1.76237000000E-04   2.41287000000E-04   3.24384600000E-04
   4.30143000000E-04   5.64627600000E-04   7.35897100000E-04   9.54776300000E-04
   1.23598400000E-03   1.59974900000E-03   2.07396200000E-03   2.69634500000E-03
   3.51424300000E-03   4.57439600000E-03   5.88688500000E-03   7.35816700000E-03
   8.77759400000E-03   1.00116200000E-02   1.12309100000E-02   1.28005100000E-02
   1.50434200000E-02   1.81619500000E-02   2.22065400000E-02   2.69527700000E-02
   3.17267900000E-02   3.54600500000E-02   3.72617000000E-02   3.70996800000E-02
   3.57425400000E-02   3.40963900000E-02   3.27476600000E-02   3.19221100000E-02
   3.16010400000E-02   3.16898600000E-02   3.12837300000E-02   2.92553400000E-02
   2.59182900000E-02   2.22125000000E-02   1.88045100000E-02   1.59383600000E-02
   1.36179700000E-02   1.17621000000E-02   1.02770700000E-02   8.11061600000E-03
   6.65835100000E-03   5.65289100000E-03   4.93885700000E-03   4.42239800000E-03
   4.04412800000E-03   3.76476700000E-03   3.55732200000E-03   3.40268000000E-03
   3.28699100000E-03   3.20005900000E-03   3.13429100000E-03   3.08399000000E-03
   3.04486200000E-03   3.01366200000E-03   2.98793200000E-03   2.96581700000E-03
   2.94591400000E-03   2.92717300000E-03   2.90880900000E-03   2.89024600000E-03
   2.87106500000E-03   2.85097300000E-03   2.82977200000E-03   2.80733700000E-03
   2.74552900000E-03   2.67573200000E-03   2.59893800000E-03   2.51665000000E-03
   2.34268800000E-03   2.16858600000E-03   2.00884800000E-03   1.87705300000E-03
   1.71383000000E-03   1.57294800000E-03   1.45033900000E-03   1.34284600000E-03
   1.24798300000E-03   1.16376600000E-03   0.00000000000E+00   1.00000000000E+00
   1.05071300000E+00   1.10142700000E+00   1.15214100000E+00   1.20285500000E+00
   1.25356800000E+00   1.30428200000E+00   1.35499600000E+00   1.40571000000E+00
   1.45642400000E+00   1.50713700000E+00   1.55785100000E+00   1.60856500000E+00
   1.39074300000E+00   1.11722900000E+00   1.17324800000E+00   1.22764600000E+00
   1.55982200000E+00   3.64066600000E+00   5.71867600000E+00   6.85193600000E+00
   1.06610600000E+01   1.18448700000E+01   1.21355200000E+01   1.24858700000E+01
   1.24892100000E+01   1.27989200000E+01   1.30086800000E+01   1.31942800000E+01
   1.31898500000E+01   1.30386700000E+01   1.29451900000E+01   1.28438900000E+01
   1.27982800000E+01   1.28888400000E+01   1.29133900000E+01   1.29416600000E+01
   1.29579700000E+01   1.29692200000E+01   1.34286700000E+01   1.43784300000E+01
   1.59193000000E+01   1.73962100000E+01   1.87537900000E+01   1.98967100000E+01
   2.07252200000E+01   2.14470500000E+01   2.19751200000E+01   2.25171300000E+01
   2.35260300000E+01   2.49146900000E+01   2.64098700000E+01   2.80618100000E+01
   2.96750200000E+01   3.11260900000E+01   3.25361200000E+01   3.39565200000E+01
   3.53297100000E+01   3.67905900000E+01   3.82124800000E+01   3.95936700000E+01
   4.09378700000E+01   4.23193000000E+01   4.37002700000E+01   4.50774200000E+01
   4.64494200000E+01   4.78217800000E+01   4.91760300000E+01   5.05555600000E+01
   5.19480300000E+01   5.33776800000E+01   5.47746400000E+01   5.61066900000E+01
   5.74558700000E+01   6.09135800000E+01   6.42960100000E+01   6.78187300000E+01
   7.11969300000E+01   7.81820200000E+01   8.50517000000E+01   9.21876200000E+01
   9.91553500000E+01   1.06941600000E+02   1.16699700000E+02   1.24156300000E+02
   1.31590000000E+02   1.38982400000E+02   1.46227200000E+02                   5
   0.00000000000E+00                   1                   1                  89
   0.00000000000E+00   4.10162000000E-06   1.03880400000E-05   2.06648900000E-05
   3.59759800000E-05   5.75502700000E-05   8.68579500000E-05   1.25685100000E-04
   1.76237000000E-04   2.41287000000E-04   3.24384600000E-04   4.30143000000E-04
   5.64627600000E-04   7.35897100000E-04   9.54776300000E-04   1.23598400000E-03
   1.59974900000E-03   2.07396200000E-03   2.69634500000E-03   3.51424300000E-03
   4.57439600000E-03   5.88688500000E-03   7.35816700000E-03   8.77759400000E-03
   1.00116200000E-02   1.12309100000E-02   1.28005100000E-02   1.50434200000E-02
   1.81619500000E-02   2.22065400000E-02   2.69527700000E-02   3.17267900000E-02
   3.54600500000E-02   3.72617000000E-02   3.70996800000E-02   3.57425400000E-02
   3.40963900000E-02   3.27476600000E-02   3.19221100000E-02   3.16010400000E-02
   3.16898600000E-02   3.12837300000E-02   2.92553400000E-02   2.59182900000E-02
   2.22125000000E-02   1.88045100000E-02   1.59383600000E-02   1.36179700000E-02
   1.17621000000E-02   1.02770700000E-02   8.11061600000E-03   6.65835100000E-03
   5.65289100000E-03   4.93885700000E-03   4.42239800000E-03   4.04412800000E-03
   3.76476700000E-03   3.55732200000E-03   3.40268000000E-03   3.28699100000E-03
   3.20005900000E-03   3.13429100000E-03   3.08399000000E-03   3.04486200000E-03
   3.01366200000E-03   2.98793200000E-03   2.96581700000E-03   2.94591400000E-03
   2.92717300000E-03   2.90880900000E-03   2.89024600000E-03   2.87106500000E-03
   2.85097300000E-03   2.82977200000E-03   2.80733700000E-03   2.74552900000E-03
   2.67573200000E-03   2.59893800000E-03   2.51665000000E-03   2.34268800000E-03
   2.16858600000E-03   2.00884800000E-03   1.87705300000E-03   1.71383000000E-03
   1.57294800000E-03   1.45033900000E-03   1.34284600000E-03   1.24798300000E-03
   1.16376600000E-03                   1                   1                 446
                 515                 584                 585                 586
                 587                 727                 728                 728
                 729                   2                   1               47922
               48013               48104               48105               48106
               48107               48265               48266               48266
               48267                   9                   1               61596
               61668               61740               61741               61742
               61743               61889               61890               61890
               61891                  31                   1              111562
              111618              111674              111675              111676
              111677              111789              111790              111790
              111791                  32                   1              151599
              151651              151703              151704              151705
              151706              151812              151813              151813
              151814                  33                   1              189263
              189315              189367              189368              189369
              189370              189474              189475              189475
              189476                  34                   1              226304
              226382              226460              226461              226462
              226463              226619              226620              226620
              226621                  23                  67   0.00000000000E+00
   5.90788400000E-03   6.81961000000E-03   6.61840100000E-03   7.17649100000E-03
   8.10425600000E-03   9.55386300000E-03   1.14483600000E-02   1.41198200000E-02
   1.74973500000E-02   2.01954200000E-02   2.17297500000E-02   2.19497000000E-02
   2.11172000000E-02   2.01635900000E-02   1.93849700000E-02   1.92289900000E-02
   1.93183600000E-02   2.05823500000E-02   2.47783800000E-02   2.69191500000E-02
   2.63420800000E-02   2.37099600000E-02   2.03104100000E-02   1.73631200000E-02
   1.48131800000E-02   1.27764400000E-02   1.11059900000E-02   8.74487400000E-03
   7.31310700000E-03   6.53159900000E-03   5.96637100000E-03   5.53166800000E-03
   5.17234300000E-03   4.89842500000E-03   4.68208700000E-03   4.57290200000E-03
   4.50123200000E-03   4.47077700000E-03   4.47665500000E-03   4.49725600000E-03
   4.53131800000E-03   4.56069500000E-03   4.61426600000E-03   4.66100400000E-03
   4.70361700000E-03   4.77111100000E-03   4.82140900000E-03   4.87519500000E-03
   4.91811700000E-03   4.96672000000E-03   5.02181000000E-03   5.07107000000E-03
   5.17320500000E-03   5.25668700000E-03   5.28049900000E-03   5.30873000000E-03
   5.26856700000E-03   5.16702900000E-03   5.02508100000E-03   4.92523700000E-03
   4.92090500000E-03   4.69474800000E-03   4.49167200000E-03   4.30358000000E-03
   4.11700400000E-03   3.96016200000E-03                  23                  67
   0.00000000000E+00   1.34612800000E-01   3.51727400000E-01   4.90721700000E-01
   6.44218300000E-01   7.89464200000E-01   8.08732500000E-01   8.29698500000E-01
   8.80813400000E-01   9.66958800000E-01   1.06185600000E+00   1.15209600000E+00
   1.23459100000E+00   1.29852400000E+00   1.36491800000E+00   1.43149100000E+00
   1.52307900000E+00   1.61307400000E+00   1.67070400000E+00   1.98485900000E+00
   2.34663300000E+00   2.63703000000E+00   2.96511200000E+00   3.19821000000E+00
   3.45842200000E+00   3.68556100000E+00   3.92924600000E+00   4.15664400000E+00
   4.62776400000E+00   5.03742200000E+00   5.63938600000E+00   6.22010200000E+00
   6.77583700000E+00   7.35067500000E+00   7.90764300000E+00   8.42996200000E+00
   9.04743000000E+00   9.59683100000E+00   1.01874700000E+01   1.07834700000E+01
   1.13860900000E+01   1.19854000000E+01   1.25598200000E+01   1.31622100000E+01
   1.37462000000E+01   1.43227400000E+01   1.49858600000E+01   1.56102100000E+01
   1.62060000000E+01   1.67831400000E+01   1.73992200000E+01   1.80609500000E+01
   1.87268300000E+01   2.02706100000E+01   2.19029600000E+01   2.33937900000E+01
   2.50577000000E+01   2.81103500000E+01   3.12604700000E+01   3.41871100000E+01
   3.72954900000E+01   3.94699100000E+01   3.96340100000E+01   4.22151700000E+01
   4.48130000000E+01   4.72636200000E+01   4.99235400000E+01                   5
                  -1                   1                   6                   5
                   0                  68   1.00000000000E+00   1.18384700000E+01
   1.20000000000E+01   1.25000000000E+01   1.30000000000E+01   1.35000000000E+01
   1.40000000000E+01   1.45000000000E+01   1.50000000000E+01   1.55000000000E+01
   1.60000000000E+01   1.65000000000E+01   1.70000000000E+01   1.75000000000E+01
   1.80000000000E+01   1.85000000000E+01   1.90000000000E+01   1.95000000000E+01
   2.00000000000E+01   2.10000000000E+01   2.20000000000E+01   2.30000000000E+01
   2.40000000000E+01   2.50000000000E+01   2.60000000000E+01   2.70000000000E+01
   2.80000000000E+01   2.90000000000E+01   3.00000000000E+01   3.20000000000E+01
   3.40000000000E+01   3.60000000000E+01   3.80000000000E+01   4.00000000000E+01
   4.20000000000E+01   4.40000000000E+01   4.60000000000E+01   4.80000000000E+01
   5.00000000000E+01   5.20000000000E+01   5.40000000000E+01   5.60000000000E+01
   5.80000000000E+01   6.00000000000E+01   6.20000000000E+01   6.40000000000E+01
   6.60000000000E+01   6.80000000000E+01   7.00000000000E+01   7.20000000000E+01
   7.40000000000E+01   7.60000000000E+01   7.80000000000E+01   8.00000000000E+01
   8.50000000000E+01   9.00000000000E+01   9.50000000000E+01   1.00000000000E+02
   1.10000000000E+02   1.20000000000E+02   1.30000000000E+02   1.40000000000E+02
   1.50000000000E+02   1.60000000000E+02   1.70000000000E+02   1.80000000000E+02
   1.90000000000E+02   2.00000000000E+02   0.00000000000E+00   0.00000000000E+00
   6.73064200000E-01   6.81169500000E-01   5.89302300000E-01   5.60641000000E-01
   5.38724300000E-01   5.26037300000E-01   5.15540000000E-01   5.23872700000E-01
   5.51500800000E-01   5.69526000000E-01   5.83165800000E-01   5.91641200000E-01
   5.90814200000E-01   5.91370200000E-01   5.91949800000E-01   6.02372100000E-01
   6.11320400000E-01   6.49493200000E-01   7.92053200000E-01   9.20144800000E-01
   1.01635100000E+00   1.06741500000E+00   1.08008200000E+00   1.08939200000E+00
   1.08776700000E+00   1.08623800000E+00   1.08065700000E+00   1.07820100000E+00
   1.09833600000E+00   1.15544400000E+00   1.20804700000E+00   1.25083000000E+00
   1.27897600000E+00   1.30112300000E+00   1.31618300000E+00   1.34391200000E+00
   1.36940800000E+00   1.39709200000E+00   1.42828300000E+00   1.45825900000E+00
   1.48818500000E+00   1.51334000000E+00   1.54430100000E+00   1.57157500000E+00
   1.59665800000E+00   1.62993800000E+00   1.65752000000E+00   1.68677500000E+00
   1.71299400000E+00   1.74211400000E+00   1.77463400000E+00   1.80636300000E+00
   1.88422900000E+00   1.96457900000E+00   2.03179100000E+00   2.10944300000E+00
   2.24894100000E+00   2.38267200000E+00   2.50147400000E+00   2.62392000000E+00
   2.87129100000E+00   2.98468100000E+00   3.09698100000E+00   3.20482000000E+00
   3.29892600000E+00   3.40288500000E+00                   0                   1
                   0                   4                  10                   0
                   2   1.00000000000E+00   2.00000000000E+02   1.00000000000E+00
   1.00000000000E+00                   0                  30   1.00000000000E+00
   1.18384700000E+01   1.20000000000E+01   1.40000000000E+01   1.60000000000E+01
   1.80000000000E+01   2.00000000000E+01   2.20000000000E+01   2.40000000000E+01
   2.60000000000E+01   2.80000000000E+01   3.00000000000E+01   3.20000000000E+01
   3.60000000000E+01   4.00000000000E+01   4.40000000000E+01   4.80000000000E+01
   5.00000000000E+01   5.20000000000E+01   5.60000000000E+01   6.00000000000E+01
   7.00000000000E+01   8.00000000000E+01   9.00000000000E+01   1.00000000000E+02
   1.20000000000E+02   1.40000000000E+02   1.60000000000E+02   1.80000000000E+02
   2.00000000000E+02                  72                  83                  94
                 105                 176                 629                1214
                1909                2834                3850                4944
                6103                7314                8577                9918
               11324               13006               14733               16475
               18247               20049               21881               24042
               26254               28764               31312               34191
               37390               40635               43903                   2
                   3   0.00000000000E+00   5.00000000000E-07   1.00000000000E-06
   0.00000000000E+00   2.00000000000E+06   0.00000000000E+00   0.00000000000E+00
   5.00000000000E-01   1.00000000000E+00                   2                   3
   0.00000000000E+00   5.00000000000E-07   1.00000000000E-06   0.00000000000E+00
   2.00000000000E+06   0.00000000000E+00   0.00000000000E+00   5.00000000000E-01
   1.00000000000E+00                   2                   3   0.00000000000E+00
   1.00000000000E-01   2.00000000000E-01   0.00000000000E+00   5.55586000000E-09
   2.00000000000E+01   0.00000000000E+00   2.77793000000E-10   1.00000000000E+00
                   2                  23   0.00000000000E+00   1.00000000000E-01
   2.00000000000E-01   3.00000000000E-01   4.00000000000E-01   5.00000000000E-01
   6.00000000000E-01   7.00000000000E-01   8.00000000000E-01   9.00000000000E-01
   1.00000000000E+00   1.10000000000E+00   1.20000000000E+00   1.30000000000E+00
   1.40000000000E+00   1.50000000000E+00   1.60000000000E+00   1.70000000000E+00
   1.80000000000E+00   1.90000000000E+00   2.00000000000E+00   2.10000000000E+00
   2.20000000000E+00   0.00000000000E+00   1.25703000000E-05   1.30786000000E-05
   1.18642000000E-05   1.03891000000E-05   8.91909000000E-06   1.41463600000E-01
   6.29091000000E-06   5.08514000000E+00   4.18997000000E-06   3.33424000000E-06
   2.59980000000E-06   1.97848000000E-06   1.46166000000E-06   1.04059000000E-06
   6.76751000000E-07   4.12030000000E-07   2.35494000000E-07   1.19237000000E-07
   4.98314000000E-08   1.46540000000E-08   1.82087000000E-09   9.54663500000E+00
   0.00000000000E+00   6.28514979000E-07   1.91095994000E-06   3.15809990000E-06
   4.27076486000E-06   5.23617433000E-06   7.07886190000E-03   1.41523562000E-02
   2.68409662000E-01   5.22666864000E-01   5.22667240000E-01   5.22667537000E-01
   5.22667765000E-01   5.22667937000E-01   5.22668063000E-01   5.22668148000E-01
   5.22668203000E-01   5.22668235000E-01   5.22668253000E-01   5.22668261000E-01
   5.22668265000E-01   5.22668266000E-01   1.00000000000E+00                   2
                  41   0.00000000000E+00   2.66666700000E-02   1.06666700000E-01
   2.13333300000E-01   3.20000000000E-01   4.26666700000E-01   5.33333300000E-01
   6.40000000000E-01   7.46666700000E-01   8.53333300000E-01   9.60000000000E-01
   1.06666700000E+00   1.17333300000E+00   1.28000000000E+00   1.38666700000E+00
   1.49333300000E+00   1.60000000000E+00   1.70666700000E+00   1.81333300000E+00
   1.92000000000E+00   2.02666700000E+00   2.13333300000E+00   2.24000000000E+00
   2.34666700000E+00   2.45333300000E+00   2.56000000000E+00   2.66666700000E+00
   2.77333300000E+00   2.88000000000E+00   2.98666700000E+00   3.09333300000E+00
   3.20000000000E+00   3.30666700000E+00   3.41333300000E+00   3.52000000000E+00
   3.62666700000E+00   3.73333300000E+00   3.84000000000E+00   3.94666700000E+00
   4.05333300000E+00   4.16000000000E+00   0.00000000000E+00   4.49179000000E-04
   1.75207600000E-03   1.16219100000E+00   4.02189000000E-05   3.02808800000E-02
   7.74357500000E-01   8.21135100000E-01   3.07962000000E-05   2.15888100000E-01
   6.03504500000E-01   2.39340000000E-05   2.18552000000E-05   1.98880000000E-05
   7.37615100000E-01   1.52726000000E-05   1.33039000000E-05   1.55263400000E+00
   1.01007000000E-05   1.79781000000E-01   7.55462000000E-06   6.48513000000E-06
   5.52396000000E-06   4.65839000000E-06   3.88842000000E-06   6.52798000000E-01
   2.49114000000E-06   1.59319800000E+00   1.48229000000E-06   1.11518000000E-06
   8.23560000000E-07   5.88898000000E-07   4.02064000000E-07   2.62059000000E-07
   1.60724000000E-07   8.88864900000E-08   4.29446000000E-08   1.73841000000E-08
   4.91245000000E-09   5.73512000000E-10   2.09929600000E+00   0.00000000000E+00
   5.98905372000E-06   9.40392815000E-05   6.21709608000E-02   1.24156641000E-01
   1.25773767000E-01   1.68687785000E-01   2.53780745000E-01   2.97576270000E-01
   3.09091937000E-01   3.52792887000E-01   3.84981168000E-01   3.84983610000E-01
   3.84985837000E-01   4.24326490000E-01   4.63666528000E-01   4.63668052000E-01
   5.46476162000E-01   6.29283325000E-01   6.38872213000E-01   6.48460966000E-01
   6.48461714000E-01   6.48462355000E-01   6.48462898000E-01   6.48463354000E-01
   6.83279561000E-01   7.18095694000E-01   8.03065851000E-01   8.88036750000E-01
   8.88036889000E-01   8.88036992000E-01   8.88037068000E-01   8.88037120000E-01
   8.88037156000E-01   8.88037178000E-01   8.88037192000E-01   8.88037199000E-01
   8.88037202000E-01   8.88037203000E-01   8.88037203000E-01   1.00000000000E+00
                   0                   0                   0                   0
                   0                   0                   0                   0
                   0                   0                   0                   0
                   0                   0                   0                   0
                   0                   0                   0                   0
                   0                   0                   0                   0
                   0                   0                   0                   0
                   0                   0                   0                   0
                   0                   0                   0                   0
                   0                   0                   0                   0
                   0                   0                   0                   0
                   0                   0                   0                   0
                   0                   0                   0                   0
                   0                   0                   0                   0
                   0                   0                   0                   0
                   0                   0                   0                   0
                   0                   0                   0                   0
                   0                   0                   0                   0
                   0                   0                   0                   0
                   0                   0                   0                   0
                   0                   0                   0                   0
                   0                   0                   0                   0
                   0                   0                   0                   0
                   0                   0                   0                   0
                   0                   0                   0                   0
                   0                   0                   0                   0
                   0                   0                   0                   0
                   0                   0                   0                   0
                   0                   0                   0                   0
                   0                   0                   0                   0
                   0                   0                   0                   0
                   0                   0                   0                   0
