 79197.00u  195.274500  0.0000E+00   06/19/20
Ace Au197 IAEA-PD                                                        mat7925
      0         0.      0         0.      0         0.      0         0.
      0         0.      0         0.      0         0.      0         0.
      0         0.      0         0.      0         0.      0         0.
      0         0.      0         0.      0         0.      0         0.
   361412    79197       89        2        7        2       12        0
        0        0        0        0        0        0        0        1
        1       90       90        0      179      268      270      272
      274      428      512        0        0        0        0        0
        0        0        0        0        0        0        0        0
        0        0        0        0        0        0        0        0
   9.99999000000E-01   1.00000000000E+00   1.50000000000E+00   2.00000000000E+00
   2.50000000000E+00   3.00000000000E+00   3.50000000000E+00   4.00000000000E+00
   4.50000000000E+00   5.00000000000E+00   5.50000000000E+00   6.00000000000E+00
   6.50000000000E+00   7.00000000000E+00   7.50000000000E+00   8.00000000000E+00
   8.50000000000E+00   9.00000000000E+00   9.50000000000E+00   1.00000000000E+01
   1.05000000000E+01   1.10000000000E+01   1.15000000000E+01   1.20000000000E+01
   1.25000000000E+01   1.30000000000E+01   1.35000000000E+01   1.40000000000E+01
   1.45000000000E+01   1.50000000000E+01   1.55000000000E+01   1.60000000000E+01
   1.65000000000E+01   1.70000000000E+01   1.75000000000E+01   1.80000000000E+01
   1.85000000000E+01   1.90000000000E+01   1.95000000000E+01   2.00000000000E+01
   2.10000000000E+01   2.20000000000E+01   2.30000000000E+01   2.40000000000E+01
   2.50000000000E+01   2.60000000000E+01   2.70000000000E+01   2.80000000000E+01
   2.90000000000E+01   3.00000000000E+01   3.20000000000E+01   3.40000000000E+01
   3.60000000000E+01   3.80000000000E+01   4.00000000000E+01   4.20000000000E+01
   4.40000000000E+01   4.60000000000E+01   4.80000000000E+01   5.00000000000E+01
   5.20000000000E+01   5.40000000000E+01   5.60000000000E+01   5.80000000000E+01
   6.00000000000E+01   6.20000000000E+01   6.40000000000E+01   6.60000000000E+01
   6.80000000000E+01   7.00000000000E+01   7.20000000000E+01   7.40000000000E+01
   7.60000000000E+01   7.80000000000E+01   8.00000000000E+01   8.50000000000E+01
   9.00000000000E+01   9.50000000000E+01   1.00000000000E+02   1.10000000000E+02
   1.20000000000E+02   1.30000000000E+02   1.40000000000E+02   1.50000000000E+02
   1.60000000000E+02   1.70000000000E+02   1.80000000000E+02   1.90000000000E+02
   2.00000000000E+02   0.00000000000E+00   2.80760800000E-05   8.02100400000E-05
   1.75246700000E-04   3.29682200000E-04   5.64202000000E-04   9.05464100000E-04
   1.38847600000E-03   2.05940700000E-03   2.97759100000E-03   4.21283000000E-03
   5.83210600000E-03   7.88530700000E-03   1.04452500000E-02   1.37276800000E-02
   1.81677100000E-02   2.44185700000E-02   3.34281000000E-02   4.66770000000E-02
   6.66615100000E-02   9.79998400000E-02   1.49784000000E-01   2.35174600000E-01
   3.40589700000E-01   4.07730300000E-01   4.68675000000E-01   5.50429800000E-01
   5.95153700000E-01   5.56037500000E-01   4.63789600000E-01   3.68488900000E-01
   2.91423300000E-01   2.33946400000E-01   1.91791100000E-01   1.60617300000E-01
   1.37166600000E-01   1.19181200001E-01   1.05124400004E-01   9.39445100174E-02
   8.49114200464E-02   7.10413702748E-02   6.12444111816E-02   5.40590136305E-02
   4.86285989363E-02   4.44239188719E-02   4.11031056498E-02   3.84368018808E-02
   3.62661105343E-02   3.44778949093E-02   3.29896186697E-02   3.06820010261E-02
   2.90062759648E-02   2.77580206200E-02   2.68069312890E-02   2.60666328380E-02
   2.54779965970E-02   2.49995589880E-02   2.46015286410E-02   2.42622146600E-02
   2.39655445300E-02   2.36995329900E-02   2.34551203100E-02   2.32254508500E-02
   2.30053138000E-02   2.27907280100E-02   2.25786877100E-02   2.23669399600E-02
   2.21537680000E-02   2.19379573400E-02   2.17186316000E-02   2.14951972000E-02
   2.12673061000E-02   2.10347815000E-02   2.07975821000E-02   2.05558012000E-02
   1.99327306000E-02   1.92871150000E-02   1.86254142000E-02   1.79551241000E-02
   1.66208846000E-02   1.53498190000E-02   1.42062973000E-02   1.32517579000E-02
   1.21670122000E-02   1.12278590000E-02   1.04081000000E-02   9.68733300000E-03
   9.04942400000E-03   8.48149000000E-03   0.00000000000E+00   1.00000000000E+00
   5.95661600000E-01   1.91324100000E-01   2.36189300000E-01   2.60981400000E-01
   2.60147500000E-01   2.21011600000E-01   3.02875800000E-01   3.31589500000E-01
   2.93238400000E-01   1.81324700000E-01   1.81590300000E-01   1.53121400000E-01
   1.12875400000E-01   7.54800700000E-02   6.05597400000E+00   6.48559500000E+00
   7.17703500000E+00   8.03933900000E+00   8.11145800000E+00   8.14250100000E+00
   8.13826500000E+00   8.10105300000E+00   8.15019400000E+00   8.17410400000E+00
   8.17081000000E+00   8.13803800000E+00   8.38294300000E+00   8.73995400000E+00
   9.69141100000E+00   1.07234900000E+01   1.16413400000E+01   1.23016700000E+01
   1.28207600000E+01   1.32700800000E+01   1.34630300000E+01   1.36222600000E+01
   1.37621100000E+01   1.38915800000E+01   1.40879400000E+01   1.42119300000E+01
   1.43501600000E+01   1.44907500000E+01   1.55015000000E+01   1.66807100000E+01
   1.80248100000E+01   1.91618100000E+01   1.99312100000E+01   2.06281200000E+01
   2.14109800000E+01   2.26555800000E+01   2.38855600000E+01   2.52860300000E+01
   2.66256400000E+01   2.73838200000E+01   2.81754600000E+01   2.93526300000E+01
   3.06734400000E+01   3.21411500000E+01   3.35300000000E+01   3.47713900000E+01
   3.59567200000E+01   3.71547000000E+01   3.83813400000E+01   3.96018600000E+01
   4.07602500000E+01   4.19318500000E+01   4.31493000000E+01   4.43644900000E+01
   4.56815600000E+01   4.69596500000E+01   4.82510700000E+01   4.96039100000E+01
   5.08996400000E+01   5.41550800000E+01   5.74665400000E+01   6.09439100000E+01
   6.44694500000E+01   7.16114100000E+01   7.90372900000E+01   8.66520900000E+01
   9.43764800000E+01   1.02218900000E+02   1.10046900000E+02   1.18110600000E+02
   1.26383600000E+02   1.34712600000E+02   1.42226800000E+02                   5
                  18   0.00000000000E+00   1.41144000000E+02                   1
                  92                   1                  89   0.00000000000E+00
   2.80760800000E-05   8.02100400000E-05   1.75246700000E-04   3.29682200000E-04
   5.64202000000E-04   9.05464100000E-04   1.38847600000E-03   2.05940700000E-03
   2.97759100000E-03   4.21283000000E-03   5.83210600000E-03   7.88530700000E-03
   1.04452500000E-02   1.37276800000E-02   1.81677100000E-02   2.44185700000E-02
   3.34281000000E-02   4.66770000000E-02   6.66615100000E-02   9.79998400000E-02
   1.49784000000E-01   2.35174600000E-01   3.40589700000E-01   4.07730300000E-01
   4.68675000000E-01   5.50429800000E-01   5.95153700000E-01   5.56037500000E-01
   4.63789600000E-01   3.68488900000E-01   2.91423300000E-01   2.33946400000E-01
   1.91791100000E-01   1.60617300000E-01   1.37166600000E-01   1.19181200000E-01
   1.05124400000E-01   9.39445100000E-02   8.49114200000E-02   7.10413700000E-02
   6.12444100000E-02   5.40590100000E-02   4.86285900000E-02   4.44239000000E-02
   4.11030700000E-02   3.84367400000E-02   3.62660100000E-02   3.44777400000E-02
   3.29893900000E-02   3.06815500000E-02   2.90054700000E-02   2.77566800000E-02
   2.68048200000E-02   2.60634500000E-02   2.54733700000E-02   2.49930400000E-02
   2.45925900000E-02   2.42502500000E-02   2.39498700000E-02   2.36793900000E-02
   2.34296800000E-02   2.31938200000E-02   2.29665400000E-02   2.27438100000E-02
   2.25225800000E-02   2.23005600000E-02   2.20760100000E-02   2.18477000000E-02
   2.16147400000E-02   2.13765500000E-02   2.11327800000E-02   2.08832800000E-02
   2.06280400000E-02   2.03671800000E-02   1.96922800000E-02   1.89896600000E-02
   1.82669400000E-02   1.75329300000E-02   1.60685500000E-02   1.46712800000E-02
   1.34106000000E-02   1.23470600000E-02   1.11853800000E-02   1.01829100000E-02
   9.31093700000E-03   8.54776600000E-03   7.87481500000E-03   7.27732700000E-03
                  29                  61   0.00000000000E+00   9.28772000000E-20
   8.20678000000E-19   7.20389000000E-18   6.33933000000E-17   5.76360000000E-16
   5.43695000000E-15   5.30600000000E-14   5.27732000000E-13   4.38662000000E-12
   1.74138000000E-11   4.63928000000E-11   2.74786000000E-10   1.18159100000E-09
   3.63053000000E-09   8.93625300000E-09   1.88719000000E-08   3.56497600000E-08
   6.18808100000E-08   1.00534300000E-07   1.54909300000E-07   2.28669700000E-07
   4.51026100000E-07   8.05964800000E-07   1.34062000000E-06   2.11128900000E-06
   3.18283800000E-06   4.62659700000E-06   6.51898800000E-06   8.93864100000E-06
   1.19646600000E-05   1.56745300000E-05   2.01429900000E-05   2.54403100000E-05
   3.16308500000E-05   3.87738000000E-05   4.69180100000E-05   5.61077100000E-05
   6.63799600000E-05   7.77580000000E-05   9.02573400000E-05   1.03891600000E-04
   1.18647200000E-04   1.34526100000E-04   1.51501500000E-04   1.69542100000E-04
   1.88621200000E-04   2.40450600000E-04   2.97455000000E-04   3.58474200000E-04
   4.22194100000E-04   5.52334600000E-04   6.78539000000E-04   7.95697300000E-04
   9.04697900000E-04   9.81632200000E-04   1.04494900000E-03   1.09716300000E-03
   1.13956700000E-03   1.17460900000E-03   1.20416300000E-03                   1
                   2                 512                 589                 666
                 668                 670                 672                 952
                 954                 954                 956                   2
                   1               63138               63229               63320
               63321               63322               63323               63501
               63502               63502               63503                   9
                   1               77639               77720               77801
               77802               77803               77804               77968
               77969               77969               77970                  31
                   1              137566              137635              137704
              137705              137706              137707              137849
              137850              137850              137851                  32
                   1              189284              189353              189422
              189423              189424              189425              189569
              189570              189570              189571                  33
                   1              242061              242122              242183
              242184              242185              242186              242318
              242319              242319              242320                  34
                   1              289427              289517              289607
              289608              289609              289610              289790
              289791              289791              289792                  15
                  75   0.00000000000E+00   0.00000000000E+00   2.36991500000E-02
   3.29333200000E-02   4.60141800000E-02   6.57423700000E-02   9.67817200000E-02
   1.48215000000E-01   2.33201200000E-01   3.38386800000E-01   4.05756800000E-01
   4.67011600000E-01   5.49011500000E-01   5.94038100000E-01   5.55259400000E-01
   4.76059200000E-01   4.40721200000E-01   4.03956700000E-01   3.59897100000E-01
   3.15281000000E-01   2.75362600000E-01   2.41802500000E-01   2.13712900000E-01
   1.91062800000E-01   1.72465100000E-01   1.57237300000E-01   1.33306300000E-01
   1.15919400000E-01   1.02847300000E-01   9.32304000000E-02   8.89695400000E-02
   8.82870100000E-02   8.83999100000E-02   8.80796100000E-02   8.68896700000E-02
   8.51796600000E-02   8.13408900000E-02   8.05707000000E-02   8.22587300000E-02
   8.36983400000E-02   8.38568000000E-02   8.32053700000E-02   8.28293600000E-02
   8.33103900000E-02   8.46152400000E-02   8.62658800000E-02   8.78023900000E-02
   8.90313500000E-02   9.01296700000E-02   9.13053900000E-02   9.23439200000E-02
   9.34247000000E-02   9.43152400000E-02   9.50331700000E-02   9.56576100000E-02
   9.63784100000E-02   9.70667800000E-02   9.77667700000E-02   9.84177700000E-02
   9.88204000000E-02   9.91597700000E-02   9.95670300000E-02   9.94021400000E-02
   9.89348200000E-02   9.81581800000E-02   9.55665000000E-02   9.20488700000E-02
   8.86635300000E-02   8.56963100000E-02   8.13383700000E-02   7.73676700000E-02
   7.38714700000E-02   7.04933800000E-02   6.73379000000E-02   6.51189900000E-02
                  15                  75   0.00000000000E+00   0.00000000000E+00
   2.77872800000E-01   5.39480400000E-01   7.97376900000E-01   1.05538500000E+00
   1.11185600000E+00   1.16918300000E+00   1.22688700000E+00   1.28461600000E+00
   1.30581200000E+00   1.32662300000E+00   1.34705300000E+00   1.36715000000E+00
   1.33252400000E+00   1.33343300000E+00   1.51146200000E+00   1.70276800000E+00
   1.98601700000E+00   2.22507800000E+00   2.42780800000E+00   2.60670100000E+00
   2.73610400000E+00   2.85889500000E+00   2.97427600000E+00   3.08744100000E+00
   3.25992200000E+00   3.42066600000E+00   3.63320300000E+00   3.85765000000E+00
   4.07931400000E+00   4.42819100000E+00   4.82659600000E+00   5.18689800000E+00
   5.56375000000E+00   5.88630800000E+00   6.53933100000E+00   7.17511400000E+00
   7.99998000000E+00   8.78826200000E+00   9.42533600000E+00   1.00764200000E+01
   1.07384600000E+01   1.13833000000E+01   1.21431600000E+01   1.28822900000E+01
   1.36513500000E+01   1.44177600000E+01   1.51806100000E+01   1.59559500000E+01
   1.67284400000E+01   1.75171300000E+01   1.82936500000E+01   1.90599100000E+01
   1.98307900000E+01   2.06468500000E+01   2.14309400000E+01   2.22446700000E+01
   2.30756600000E+01   2.38762100000E+01   2.46884300000E+01   2.67101800000E+01
   2.87388600000E+01   3.07086500000E+01   3.27239300000E+01   3.67388200000E+01
   4.07310700000E+01   4.46012300000E+01   4.84994700000E+01   5.22468000000E+01
   5.60252800000E+01   5.95067600000E+01   6.28541300000E+01   6.61671100000E+01
   7.02308200000E+01                   5                  18                  -1
                  -1                   1                 155                   6
                   5                   0                  75   1.00000000000E+00
   8.00000000000E+00   8.50000000000E+00   9.00000000000E+00   9.50000000000E+00
   1.00000000000E+01   1.05000000000E+01   1.10000000000E+01   1.15000000000E+01
   1.20000000000E+01   1.25000000000E+01   1.30000000000E+01   1.35000000000E+01
   1.40000000000E+01   1.45000000000E+01   1.50000000000E+01   1.55000000000E+01
   1.60000000000E+01   1.65000000000E+01   1.70000000000E+01   1.75000000000E+01
   1.80000000000E+01   1.85000000000E+01   1.90000000000E+01   1.95000000000E+01
   2.00000000000E+01   2.10000000000E+01   2.20000000000E+01   2.30000000000E+01
   2.40000000000E+01   2.50000000000E+01   2.60000000000E+01   2.70000000000E+01
   2.80000000000E+01   2.90000000000E+01   3.00000000000E+01   3.20000000000E+01
   3.40000000000E+01   3.60000000000E+01   3.80000000000E+01   4.00000000000E+01
   4.20000000000E+01   4.40000000000E+01   4.60000000000E+01   4.80000000000E+01
   5.00000000000E+01   5.20000000000E+01   5.40000000000E+01   5.60000000000E+01
   5.80000000000E+01   6.00000000000E+01   6.20000000000E+01   6.40000000000E+01
   6.60000000000E+01   6.80000000000E+01   7.00000000000E+01   7.20000000000E+01
   7.40000000000E+01   7.60000000000E+01   7.80000000000E+01   8.00000000000E+01
   8.50000000000E+01   9.00000000000E+01   9.50000000000E+01   1.00000000000E+02
   1.10000000000E+02   1.20000000000E+02   1.30000000000E+02   1.40000000000E+02
   1.50000000000E+02   1.60000000000E+02   1.70000000000E+02   1.80000000000E+02
   1.90000000000E+02   2.00000000000E+02   0.00000000000E+00   0.00000000000E+00
   9.70538200000E-01   9.85198600000E-01   9.85799900000E-01   9.86211900000E-01
   9.87570200000E-01   9.89525200000E-01   9.91608600000E-01   9.93532200000E-01
   9.95159700000E-01   9.96450800000E-01   9.97423300000E-01   9.98125500000E-01
   9.98600700000E-01   1.02645500000E+00   1.19602300000E+00   1.38615100000E+00
   1.53837400000E+00   1.64387700000E+00   1.71440200000E+00   1.76283800000E+00
   1.79317600000E+00   1.81749200000E+00   1.83581900000E+00   1.85178000000E+00
   1.87646000000E+00   1.89273400000E+00   1.90250100000E+00   1.91719300000E+00
   2.00274000000E+00   2.14794100000E+00   2.29987900000E+00   2.42870700000E+00
   2.52016300000E+00   2.58202500000E+00   2.65111900000E+00   2.77774800000E+00
   2.96351700000E+00   3.12243200000E+00   3.21728800000E+00   3.26618500000E+00
   3.31383600000E+00   3.38725800000E+00   3.48875900000E+00   3.60128100000E+00
   3.70711600000E+00   3.79885300000E+00   3.88457100000E+00   3.97389500000E+00
   4.05811500000E+00   4.14555500000E+00   4.22630000000E+00   4.30129400000E+00
   4.37425200000E+00   4.45411400000E+00   4.53525600000E+00   4.61994300000E+00
   4.70550000000E+00   4.78236700000E+00   4.85934500000E+00   5.04393500000E+00
   5.21887600000E+00   5.39643500000E+00   5.57442400000E+00   5.91305200000E+00
   6.22783600000E+00   6.55211800000E+00   6.86735200000E+00   7.18408700000E+00
   7.49517800000E+00   7.81600300000E+00   8.11367700000E+00   8.40188500000E+00
   8.78273500000E+00                   6                  18                   0
                  61   1.00000000000E+00   1.50000000000E+01   1.55000000000E+01
   1.60000000000E+01   1.65000000000E+01   1.70000000000E+01   1.75000000000E+01
   1.80000000000E+01   1.85000000000E+01   1.90000000000E+01   1.95000000000E+01
   2.00000000000E+01   2.10000000000E+01   2.20000000000E+01   2.30000000000E+01
   2.40000000000E+01   2.50000000000E+01   2.60000000000E+01   2.70000000000E+01
   2.80000000000E+01   2.90000000000E+01   3.00000000000E+01   3.20000000000E+01
   3.40000000000E+01   3.60000000000E+01   3.80000000000E+01   4.00000000000E+01
   4.20000000000E+01   4.40000000000E+01   4.60000000000E+01   4.80000000000E+01
   5.00000000000E+01   5.20000000000E+01   5.40000000000E+01   5.60000000000E+01
   5.80000000000E+01   6.00000000000E+01   6.20000000000E+01   6.40000000000E+01
   6.60000000000E+01   6.80000000000E+01   7.00000000000E+01   7.20000000000E+01
   7.40000000000E+01   7.60000000000E+01   7.80000000000E+01   8.00000000000E+01
   8.50000000000E+01   9.00000000000E+01   9.50000000000E+01   1.00000000000E+02
   1.10000000000E+02   1.20000000000E+02   1.30000000000E+02   1.40000000000E+02
   1.50000000000E+02   1.60000000000E+02   1.70000000000E+02   1.80000000000E+02
   1.90000000000E+02   2.00000000000E+02   1.00000000000E+00   1.00000000000E+00
   1.00000000000E+00   1.00000000000E+00   1.00000000000E+00   1.00000000000E+00
   1.00000000000E+00   1.00000000000E+00   1.00000000000E+00   1.00000000000E+00
   1.00000000000E+00   1.00000000000E+00   1.00000000000E+00   1.00000000000E+00
   1.00000000000E+00   1.00000000000E+00   1.00000000000E+00   1.00000000000E+00
   1.00000000000E+00   1.00000000000E+00   1.00000000000E+00   1.00000000000E+00
   1.00000000000E+00   1.00000000000E+00   1.00000000000E+00   1.00000000000E+00
   1.00000000000E+00   1.00000000000E+00   1.00000000000E+00   1.00000000000E+00
   1.00000000000E+00   1.00000000000E+00   1.00000000000E+00   1.00000000000E+00
   1.00000000000E+00   1.00000000000E+00   1.00000000000E+00   1.00000000000E+00
   1.00000000000E+00   1.00000000000E+00   1.00000000000E+00   1.00000000000E+00
   1.00000000000E+00   1.00000000000E+00   1.00000000000E+00   1.00000000000E+00
   1.00000000000E+00   1.00000000000E+00   1.00000000000E+00   1.00000000000E+00
   1.00000000000E+00   1.00000000000E+00   1.00000000000E+00   1.00000000000E+00
   1.00000000000E+00   1.00000000000E+00   1.00000000000E+00   1.00000000000E+00
   1.00000000000E+00   1.00000000000E+00   1.00000000000E+00                   0
                   0                   1               56127                   0
                   4                  10                   0                   2
   1.00000000000E+00   2.00000000000E+02   1.00000000000E+00   1.00000000000E+00
                   0                  31   1.00000000000E+00   8.00000000000E+00
   1.00000000000E+01   1.20000000000E+01   1.40000000000E+01   1.60000000000E+01
   1.80000000000E+01   2.00000000000E+01   2.20000000000E+01   2.40000000000E+01
   2.60000000000E+01   2.80000000000E+01   3.00000000000E+01   3.20000000000E+01
   3.60000000000E+01   4.00000000000E+01   4.40000000000E+01   4.80000000000E+01
   5.00000000000E+01   5.20000000000E+01   5.60000000000E+01   6.00000000000E+01
   7.00000000000E+01   8.00000000000E+01   9.00000000000E+01   1.00000000000E+02
   1.20000000000E+02   1.40000000000E+02   1.60000000000E+02   1.80000000000E+02
   2.00000000000E+02                  74                  85                 126
                 359                 838                1643                2602
                3649                4751                5897                7303
                8761               10336               11937               13551
               15217               17169               19151               21163
               23190               25217               27274               29346
               31711               34110               36829               39548
               42595               45955               49338               52721
                   2                   3   0.00000000000E+00   5.00000000000E-07
   1.00000000000E-06   0.00000000000E+00   2.00000000000E+06   0.00000000000E+00
   0.00000000000E+00   5.00000000000E-01   1.00000000000E+00                   2
                  13   0.00000000000E+00   2.50000000000E-02   1.00000000000E-01
   2.00000000000E-01   3.00000000000E-01   4.00000000000E-01   5.00000000000E-01
   6.00000000000E-01   7.00000000000E-01   8.00000000000E-01   9.00000000000E-01
   1.00000000000E+00   1.10000000000E+00   0.00000000000E+00   1.99918700000E+01
   4.64788000000E-03   5.59088900000E-09   9.99999800000E-13   9.99999800000E-13
   0.00000000000E+00   0.00000000000E+00   0.00000000000E+00   0.00000000000E+00
   0.00000000000E+00   0.00000000000E+00   0.00000000000E+00   0.00000000000E+00
   2.49898327000E-01   9.99767605000E-01   1.00000000000E+00   1.00000000000E+00
   1.00000000000E+00   1.00000000000E+00   1.00000000000E+00   1.00000000000E+00
   1.00000000000E+00   1.00000000000E+00   1.00000000000E+00   1.00000000000E+00
                   2                  33   0.00000000000E+00   2.50000000000E-02
   1.00000000000E-01   2.00000000000E-01   3.00000000000E-01   4.00000000000E-01
   5.00000000000E-01   6.00000000000E-01   7.00000000000E-01   8.00000000000E-01
   9.00000000000E-01   1.00000000000E+00   1.10000000000E+00   1.20000000000E+00
   1.30000000000E+00   1.40000000000E+00   1.50000000000E+00   1.60000000000E+00
   1.70000000000E+00   1.80000000000E+00   1.90000000000E+00   2.00000000000E+00
   2.10000000000E+00   2.20000000000E+00   2.30000000000E+00   2.40000000000E+00
   2.50000000000E+00   2.60000000000E+00   2.70000000000E+00   2.80000000000E+00
   2.90000000000E+00   3.00000000000E+00   3.10000000000E+00   0.00000000000E+00
   6.20494800000E-02   2.37928500000E-01   3.61169600000E-01   4.53669900000E-01
   5.15015300000E-01   5.48150100000E-01   5.58689500000E-01   5.52701100000E-01
   5.35510700000E-01   5.11311200000E-01   4.83183800000E-01   4.53272900000E-01
   4.22993400000E-01   3.93222100000E-01   7.07151500000E-01   8.55920400000E-01
   1.01756700000E+00   5.98833800000E-01   4.54920200000E-01   3.37505700000E-01
   0.00000000000E+00   0.00000000000E+00   0.00000000000E+00   0.00000000000E+00
   0.00000000000E+00   0.00000000000E+00   0.00000000000E+00   0.00000000000E+00
   0.00000000000E+00   0.00000000000E+00   0.00000000000E+00   0.00000000000E+00
   0.00000000000E+00   7.75618471000E-04   1.20247923000E-02   4.19796962000E-02
   8.27216696000E-02   1.31155928000E-01   1.84314196000E-01   2.39656174000E-01
   2.95225702000E-01   3.49636290000E-01   4.01977383000E-01   4.51702131000E-01
   4.98524964000E-01   5.42338277000E-01   5.83149051000E-01   6.38167729000E-01
   7.16321321000E-01   8.09995687000E-01   8.90815724000E-01   9.43503422000E-01
   9.83124716000E-01   1.00000000000E+00   1.00000000000E+00   1.00000000000E+00
   1.00000000000E+00   1.00000000000E+00   1.00000000000E+00   1.00000000000E+00
   1.00000000000E+00   1.00000000000E+00   1.00000000000E+00   1.00000000000E+00
   1.00000000000E+00                   0                   0                   0
                   0                   0                   0                   0
                   0                   0                   0                   0
                   0                   0                   0                   0
                   0                   0                   0                   0
                   0                   0                   0                   0
                   0                   0                   0                   0
                   0                   0                   0                   0
                   0                   0                   0                   0
                   0                   0                   0                   0
                   0                   0                   0                   0
                   0                   0                   0                   0
                   0                   0                   0                   0
                   0                   0                   0                   0
                   0                   0                   0                   0
                   0                   0                   0                   0
                   0                   0                   0                   0
                   0                   0                   0                   0
                   0                   0                   0                   0
                   0                   0                   0                   0
                   0                   0                   0                   0
                   0                   0                   0                   0
                   0                   0                   0                   0
                   0                   0                   0                   0
                   0                   0                   0                   0
                   0                   0                   0                   0
                   0                   0                   0                   0
                   0                   0                   0                   0
                   0                   0                   0                   0
                   0                   0                   0                   0
                   0                   0                   0                   0
                   0                   0                   0                   0
                   0                   0                   0                   0
                   0                   2                  53                   0
                   0                   0                   0                   0
