 20040.00u   39.619000  0.0000E+00   02/26/20
Ace Ca40 IAEA-PD                                                         mat2025
      0         0.      0         0.      0         0.      0         0.
      0         0.      0         0.      0         0.      0         0.
      0         0.      0         0.      0         0.      0         0.
      0         0.      0         0.      0         0.      0         0.
   458950    20040      240        1        6        2       12        0
        0        0        0        0        0        0        0        1
        1      241      241        0      481      721      722      723
      724      966     1038        0        0        0        0        0
        0        0        0        0        0        0        0        0
        0        0        0        0        0        0        0        0
   8.32900000000E+00   8.40000000000E+00   8.60000000000E+00   8.80000000000E+00
   9.00000000000E+00   9.20000000000E+00   9.40000000000E+00   9.60000000000E+00
   9.80000000000E+00   1.00000000000E+01   1.02000000000E+01   1.04000000000E+01
   1.06000000000E+01   1.08000000000E+01   1.10000000000E+01   1.12000000000E+01
   1.14000000000E+01   1.16000000000E+01   1.18000000000E+01   1.20000000000E+01
   1.22000000000E+01   1.24000000000E+01   1.26000000000E+01   1.28000000000E+01
   1.30000000000E+01   1.32000000000E+01   1.34000000000E+01   1.36000000000E+01
   1.38000000000E+01   1.40000000000E+01   1.42000000000E+01   1.44000000000E+01
   1.46000000000E+01   1.48000000000E+01   1.50000000000E+01   1.52000000000E+01
   1.54000000000E+01   1.56000000000E+01   1.58000000000E+01   1.60000000000E+01
   1.62000000000E+01   1.64000000000E+01   1.66000000000E+01   1.68000000000E+01
   1.70000000000E+01   1.72000000000E+01   1.74000000000E+01   1.76000000000E+01
   1.78000000000E+01   1.80000000000E+01   1.82000000000E+01   1.84000000000E+01
   1.86000000000E+01   1.88000000000E+01   1.90000000000E+01   1.92000000000E+01
   1.94000000000E+01   1.96000000000E+01   1.98000000000E+01   2.00000000000E+01
   2.02000000000E+01   2.04000000000E+01   2.06000000000E+01   2.08000000000E+01
   2.10000000000E+01   2.12000000000E+01   2.14000000000E+01   2.16000000000E+01
   2.18000000000E+01   2.20000000000E+01   2.22000000000E+01   2.24000000000E+01
   2.26000000000E+01   2.28000000000E+01   2.30000000000E+01   2.32000000000E+01
   2.34000000000E+01   2.36000000000E+01   2.38000000000E+01   2.40000000000E+01
   2.42000000000E+01   2.44000000000E+01   2.46000000000E+01   2.48000000000E+01
   2.50000000000E+01   2.52000000000E+01   2.54000000000E+01   2.56000000000E+01
   2.58000000000E+01   2.60000000000E+01   2.62000000000E+01   2.64000000000E+01
   2.66000000000E+01   2.68000000000E+01   2.70000000000E+01   2.72000000000E+01
   2.74000000000E+01   2.76000000000E+01   2.78000000000E+01   2.80000000000E+01
   2.82000000000E+01   2.84000000000E+01   2.86000000000E+01   2.88000000000E+01
   2.90000000000E+01   2.92000000000E+01   2.94000000000E+01   2.96000000000E+01
   2.98000000000E+01   3.00000000000E+01   3.05000000000E+01   3.10000000000E+01
   3.15000000000E+01   3.20000000000E+01   3.25000000000E+01   3.30000000000E+01
   3.35000000000E+01   3.40000000000E+01   3.45000000000E+01   3.50000000000E+01
   3.55000000000E+01   3.60000000000E+01   3.65000000000E+01   3.70000000000E+01
   3.75000000000E+01   3.80000000000E+01   3.85000000000E+01   3.90000000000E+01
   3.95000000000E+01   4.00000000000E+01   4.05000000000E+01   4.10000000000E+01
   4.15000000000E+01   4.20000000000E+01   4.25000000000E+01   4.30000000000E+01
   4.35000000000E+01   4.40000000000E+01   4.45000000000E+01   4.50000000000E+01
   4.55000000000E+01   4.60000000000E+01   4.65000000000E+01   4.70000000000E+01
   4.75000000000E+01   4.80000000000E+01   4.85000000000E+01   4.90000000000E+01
   4.95000000000E+01   5.00000000000E+01   5.10000000000E+01   5.20000000000E+01
   5.30000000000E+01   5.40000000000E+01   5.50000000000E+01   5.60000000000E+01
   5.70000000000E+01   5.80000000000E+01   5.90000000000E+01   6.00000000000E+01
   6.10000000000E+01   6.20000000000E+01   6.30000000000E+01   6.40000000000E+01
   6.50000000000E+01   6.60000000000E+01   6.70000000000E+01   6.80000000000E+01
   6.90000000000E+01   7.00000000000E+01   7.10000000000E+01   7.20000000000E+01
   7.30000000000E+01   7.40000000000E+01   7.50000000000E+01   7.60000000000E+01
   7.70000000000E+01   7.80000000000E+01   7.90000000000E+01   8.00000000000E+01
   8.10000000000E+01   8.20000000000E+01   8.30000000000E+01   8.40000000000E+01
   8.50000000000E+01   8.60000000000E+01   8.70000000000E+01   8.80000000000E+01
   8.90000000000E+01   9.00000000000E+01   9.10000000000E+01   9.20000000000E+01
   9.30000000000E+01   9.40000000000E+01   9.50000000000E+01   9.60000000000E+01
   9.70000000000E+01   9.80000000000E+01   9.90000000000E+01   1.00000000000E+02
   1.01000000000E+02   1.02000000000E+02   1.03000000000E+02   1.04000000000E+02
   1.05000000000E+02   1.06000000000E+02   1.07000000000E+02   1.08000000000E+02
   1.09000000000E+02   1.10000000000E+02   1.11000000000E+02   1.12000000000E+02
   1.13000000000E+02   1.14000000000E+02   1.15000000000E+02   1.16000000000E+02
   1.17000000000E+02   1.18000000000E+02   1.19000000000E+02   1.20000000000E+02
   1.21000000000E+02   1.22000000000E+02   1.23000000000E+02   1.24000000000E+02
   1.25000000000E+02   1.26000000000E+02   1.27000000000E+02   1.28000000000E+02
   1.29000000000E+02   1.30000000000E+02   1.31000000000E+02   1.32000000000E+02
   1.33000000000E+02   1.34000000000E+02   1.35000000000E+02   1.36000000000E+02
   1.37000000000E+02   1.38000000000E+02   1.39000000000E+02   1.40000000000E+02
   0.00000000000E+00   4.70670000000E-06   1.79650000000E-05   3.12230000000E-05
   4.44810000000E-05   5.77390000000E-05   7.09980000000E-05   8.42560000000E-05
   9.75140000000E-05   1.10770000000E-04   3.20420000000E-04   5.30070000000E-04
   7.39710000000E-04   9.49360000000E-04   1.15900000000E-03   1.36870000000E-03
   1.57830000000E-03   1.78790000000E-03   1.99760000000E-03   2.20720000000E-03
   3.46570000000E-03   4.72410000000E-03   5.98260000000E-03   7.24100000000E-03
   8.49950000000E-03   9.75790000000E-03   1.10160000000E-02   1.22750000000E-02
   1.35330000000E-02   1.49340000000E-02   1.43510000000E-02   1.29840000000E-02
   1.26300000000E-02   1.33810000000E-02   1.51590000000E-02   1.79420000000E-02
   2.09150000000E-02   2.20880000000E-02   2.09690000000E-02   1.99860000000E-02
   1.99960000000E-02   2.09330000000E-02   2.26890000000E-02   2.52230000000E-02
   2.84360000000E-02   3.19720000000E-02   3.52770000000E-02   3.83260000000E-02
   4.21520000000E-02   4.82460000000E-02   5.76130000000E-02   6.89360000000E-02
   7.78970000000E-02   8.37380000000E-02   8.73250000000E-02   8.80200000000E-02
   8.91010000000E-02   9.34110000000E-02   9.92280000000E-02   1.01940000000E-01
   9.90110000000E-02   9.28280000000E-02   8.70240000000E-02   8.31080000000E-02
   8.07510000000E-02   7.89500000000E-02   7.67360000000E-02   7.35150000000E-02
   6.91920000000E-02   6.40720000000E-02   5.86500000000E-02   5.33990000000E-02
   4.86600000000E-02   4.46280000000E-02   4.13790000000E-02   3.89140000000E-02
   3.71870000000E-02   3.61060000000E-02   3.55240000000E-02   3.52170000000E-02
   3.48920000000E-02   3.42490000000E-02   3.31010000000E-02   3.14670000000E-02
   2.95430000000E-02   2.75750000000E-02   2.57600000000E-02   2.42010000000E-02
   2.29330000000E-02   2.19470000000E-02   2.12130000000E-02   2.06960000000E-02
   2.03610000000E-02   2.01750000000E-02   2.01070000000E-02   2.01290000000E-02
   2.02150000000E-02   2.03370000000E-02   2.04700000000E-02   2.05880000000E-02
   2.06670000000E-02   2.06870000000E-02   2.06300000000E-02   2.04860000000E-02
   2.02490000000E-02   1.99210000000E-02   1.95100000000E-02   1.90270000000E-02
   1.84900000000E-02   1.79140000000E-02   1.64220000000E-02   1.50170000000E-02
   1.38250000000E-02   1.28890000000E-02   1.22070000000E-02   1.17570000000E-02
   1.15080000000E-02   1.14330000000E-02   1.15070000000E-02   1.17060000000E-02
   1.20060000000E-02   1.23810000000E-02   1.27980000000E-02   1.32180000000E-02
   1.35940000000E-02   1.38760000000E-02   1.40160000000E-02   1.39780000000E-02
   1.37480000000E-02   1.33330000000E-02   1.27660000000E-02   1.20890000000E-02
   1.13520000000E-02   1.05970000000E-02   9.86040000000E-03   9.16410000000E-03
   8.52220000000E-03   7.94080000000E-03   7.42080000000E-03   6.95970000000E-03
   6.55300000000E-03   6.19550000000E-03   5.88190000000E-03   5.60700000000E-03
   5.36580000000E-03   5.15420000000E-03   4.96810000000E-03   4.80440000000E-03
   4.66000000000E-03   4.53250000000E-03   4.31940000000E-03   4.15120000000E-03
   4.01740000000E-03   3.91010000000E-03   3.82340000000E-03   3.75290000000E-03
   3.69510000000E-03   3.64730000000E-03   3.60760000000E-03   3.57420000000E-03
   3.54580000000E-03   3.52150000000E-03   3.50040000000E-03   3.48180000000E-03
   3.46520000000E-03   3.45020000000E-03   3.43640000000E-03   3.42340000000E-03
   3.41110000000E-03   3.39920000000E-03   3.38770000000E-03   3.37620000000E-03
   3.36480000000E-03   3.35330000000E-03   3.34170000000E-03   3.32990000000E-03
   3.31780000000E-03   3.30540000000E-03   3.29280000000E-03   3.27970000000E-03
   3.26630000000E-03   3.25260000000E-03   3.23840000000E-03   3.22390000000E-03
   3.20900000000E-03   3.19370000000E-03   3.17800000000E-03   3.16200000000E-03
   3.14560000000E-03   3.12880000000E-03   3.11170000000E-03   3.09430000000E-03
   3.07660000000E-03   3.05850000000E-03   3.04020000000E-03   3.02160000000E-03
   3.00270000000E-03   2.98360000000E-03   2.96430000000E-03   2.94480000000E-03
   2.89540000000E-03   2.87680000000E-03   2.85800000000E-03   2.83910000000E-03
   2.81990000000E-03   2.80060000000E-03   2.78110000000E-03   2.76160000000E-03
   2.74190000000E-03   2.72220000000E-03   2.70240000000E-03   2.68260000000E-03
   2.66280000000E-03   2.64300000000E-03   2.62320000000E-03   2.60350000000E-03
   2.58390000000E-03   2.56430000000E-03   2.54480000000E-03   2.52550000000E-03
   2.50630000000E-03   2.48730000000E-03   2.46840000000E-03   2.44980000000E-03
   2.43130000000E-03   2.41310000000E-03   2.39510000000E-03   2.37740000000E-03
   2.36000000000E-03   2.34290000000E-03   2.32610000000E-03   2.30960000000E-03
   2.29340000000E-03   2.27770000000E-03   2.26230000000E-03   2.24730000000E-03
   2.23270000000E-03   2.21850000000E-03   2.20470000000E-03   2.19140000000E-03
   0.00000000000E+00   8.40000000000E+00   8.60000000000E+00   8.80000000000E+00
   9.00000000000E+00   9.20000000000E+00   9.40000000000E+00   9.60000000000E+00
   9.80000000000E+00   1.00000000000E+01   1.02000000000E+01   1.04000000000E+01
   1.06000000000E+01   1.08000000000E+01   1.10000000000E+01   1.12000000000E+01
   1.14000000000E+01   1.16000000000E+01   1.18000000000E+01   1.20000000000E+01
   1.22000000000E+01   1.24000000000E+01   1.26000000000E+01   1.28000000000E+01
   1.30000000000E+01   1.32000000000E+01   1.34000000000E+01   1.36000000000E+01
   1.38000000000E+01   1.40000000000E+01   1.42000000000E+01   1.44000000000E+01
   1.46000000000E+01   1.48000000000E+01   1.50000000000E+01   1.52000000000E+01
   1.54000000000E+01   1.56000000000E+01   1.57978100000E+01   1.59906500000E+01
   1.61782500000E+01   1.63623000000E+01   1.65446600000E+01   1.67270500000E+01
   1.69081200000E+01   1.70862400000E+01   1.72608400000E+01   1.74304300000E+01
   1.75979700000E+01   1.77643300000E+01   1.79725600000E+01   1.81820200000E+01
   1.83864000000E+01   1.85871100000E+01   1.87920700000E+01   1.89682800000E+01
   1.91445600000E+01   1.93300200000E+01   1.95276900000E+01   1.97277800000E+01
   1.99126600000E+01   2.00992700000E+01   2.02867800000E+01   2.04741200000E+01
   2.06606000000E+01   2.08477800000E+01   2.10337800000E+01   2.12187400000E+01
   2.14036800000E+01   2.15880900000E+01   2.17773000000E+01   2.19659800000E+01
   2.21540800000E+01   2.23415400000E+01   2.25282500000E+01   2.27146800000E+01
   2.29002700000E+01   2.30851300000E+01   2.32701800000E+01   2.34553600000E+01
   2.36423900000E+01   2.38306100000E+01   2.40205000000E+01   2.42121800000E+01
   2.44056100000E+01   2.45984300000E+01   2.47922400000E+01   2.49866400000E+01
   2.51817900000E+01   2.53770100000E+01   2.55692700000E+01   2.57610900000E+01
   2.59523800000E+01   2.61431300000E+01   2.63333100000E+01   2.65214700000E+01
   2.67090400000E+01   2.68961000000E+01   2.70826000000E+01   2.72686600000E+01
   2.74526200000E+01   2.76364700000E+01   2.78199000000E+01   2.80028800000E+01
   2.81853500000E+01   2.83664900000E+01   2.85472500000E+01   2.87275200000E+01
   2.89074400000E+01   2.90869200000E+01   2.95344900000E+01   2.99805700000E+01
   3.04248200000E+01   3.08673300000E+01   3.13158700000E+01   3.17646100000E+01
   3.22145800000E+01   3.26654800000E+01   3.31282900000E+01   3.35920000000E+01
   3.40559800000E+01   3.45202200000E+01   3.49915500000E+01   3.54612800000E+01
   3.59287800000E+01   3.63936900000E+01   3.68622000000E+01   3.73283700000E+01
   3.77921800000E+01   3.75556400000E+01   3.80107400000E+01   3.84669100000E+01
   3.89264200000E+01   3.93899700000E+01   3.98605500000E+01   4.03383700000E+01
   4.08257100000E+01   4.13232700000E+01   4.18368200000E+01   4.23621200000E+01
   4.28442400000E+01   4.33301800000E+01   4.38243500000E+01   4.43217800000E+01
   4.48224400000E+01   4.53259100000E+01   4.58331300000E+01   4.63430500000E+01
   4.68553100000E+01   4.73695100000E+01   4.83449800000E+01   4.92853300000E+01
   5.02297500000E+01   5.11737600000E+01   5.21116700000E+01   5.30961000000E+01
   5.38468600000E+01   5.43528100000E+01   5.48432400000E+01   5.53167600000E+01
   5.76307500000E+01   5.86059000000E+01   5.95678600000E+01   6.05210200000E+01
   6.14824700000E+01   6.24059900000E+01   6.33207900000E+01   6.42326000000E+01
   6.48706200000E+01   6.55000800000E+01   6.63492900000E+01   6.71955700000E+01
   6.80343000000E+01   6.88699700000E+01   6.97043600000E+01   7.05622400000E+01
   7.14303700000E+01   7.22967600000E+01   7.31634000000E+01   7.40283600000E+01
   7.49179000000E+01   7.58060600000E+01   7.66929600000E+01   7.75435900000E+01
   7.82921100000E+01   7.91950200000E+01   8.00968900000E+01   8.09980800000E+01
   8.18982000000E+01   8.27977700000E+01   8.37469000000E+01   8.46962000000E+01
   8.56452500000E+01   8.65941900000E+01   8.75430200000E+01   8.84784100000E+01
   8.94136900000E+01   9.03487300000E+01   9.12835200000E+01   9.22180600000E+01
   9.32285600000E+01   9.41785000000E+01   9.51283600000E+01   9.60781100000E+01
   9.70276400000E+01   9.79655200000E+01   9.89028900000E+01   9.98402000000E+01
   1.00777400000E+02   1.01714300000E+02   1.02627600000E+02   1.03540400000E+02
   1.04452600000E+02   1.05364700000E+02   1.06276100000E+02   1.07205900000E+02
   1.08135300000E+02   1.09064500000E+02   1.09993400000E+02   1.10922000000E+02
   1.11851700000E+02   1.12781000000E+02   1.13710200000E+02   1.14639100000E+02
   1.15567600000E+02   1.16494100000E+02   1.17420100000E+02   1.18345900000E+02
   1.19271500000E+02   1.20196800000E+02   1.21305800000E+02   1.22414600000E+02
   1.23522700000E+02   1.24630500000E+02   1.25737700000E+02   1.26905000000E+02
   1.28070600000E+02   1.29234800000E+02   1.30397400000E+02   1.31558400000E+02
                   5   0.00000000000E+00                   1                   1
                 240   0.00000000000E+00   4.70670000000E-06   1.79650000000E-05
   3.12230000000E-05   4.44810000000E-05   5.77390000000E-05   7.09980000000E-05
   8.42560000000E-05   9.75140000000E-05   1.10770000000E-04   3.20420000000E-04
   5.30070000000E-04   7.39710000000E-04   9.49360000000E-04   1.15900000000E-03
   1.36870000000E-03   1.57830000000E-03   1.78790000000E-03   1.99760000000E-03
   2.20720000000E-03   3.46570000000E-03   4.72410000000E-03   5.98260000000E-03
   7.24100000000E-03   8.49950000000E-03   9.75790000000E-03   1.10160000000E-02
   1.22750000000E-02   1.35330000000E-02   1.49340000000E-02   1.43510000000E-02
   1.29840000000E-02   1.26300000000E-02   1.33810000000E-02   1.51590000000E-02
   1.79420000000E-02   2.09150000000E-02   2.20880000000E-02   2.09690000000E-02
   1.99860000000E-02   1.99960000000E-02   2.09330000000E-02   2.26890000000E-02
   2.52230000000E-02   2.84360000000E-02   3.19720000000E-02   3.52770000000E-02
   3.83260000000E-02   4.21520000000E-02   4.82460000000E-02   5.76130000000E-02
   6.89360000000E-02   7.78970000000E-02   8.37380000000E-02   8.73250000000E-02
   8.80200000000E-02   8.91010000000E-02   9.34110000000E-02   9.92280000000E-02
   1.01940000000E-01   9.90110000000E-02   9.28280000000E-02   8.70240000000E-02
   8.31080000000E-02   8.07510000000E-02   7.89500000000E-02   7.67360000000E-02
   7.35150000000E-02   6.91920000000E-02   6.40720000000E-02   5.86500000000E-02
   5.33990000000E-02   4.86600000000E-02   4.46280000000E-02   4.13790000000E-02
   3.89140000000E-02   3.71870000000E-02   3.61060000000E-02   3.55240000000E-02
   3.52170000000E-02   3.48920000000E-02   3.42490000000E-02   3.31010000000E-02
   3.14670000000E-02   2.95430000000E-02   2.75750000000E-02   2.57600000000E-02
   2.42010000000E-02   2.29330000000E-02   2.19470000000E-02   2.12130000000E-02
   2.06960000000E-02   2.03610000000E-02   2.01750000000E-02   2.01070000000E-02
   2.01290000000E-02   2.02150000000E-02   2.03370000000E-02   2.04700000000E-02
   2.05880000000E-02   2.06670000000E-02   2.06870000000E-02   2.06300000000E-02
   2.04860000000E-02   2.02490000000E-02   1.99210000000E-02   1.95100000000E-02
   1.90270000000E-02   1.84900000000E-02   1.79140000000E-02   1.64220000000E-02
   1.50170000000E-02   1.38250000000E-02   1.28890000000E-02   1.22070000000E-02
   1.17570000000E-02   1.15080000000E-02   1.14330000000E-02   1.15070000000E-02
   1.17060000000E-02   1.20060000000E-02   1.23810000000E-02   1.27980000000E-02
   1.32180000000E-02   1.35940000000E-02   1.38760000000E-02   1.40160000000E-02
   1.39780000000E-02   1.37480000000E-02   1.33330000000E-02   1.27660000000E-02
   1.20890000000E-02   1.13520000000E-02   1.05970000000E-02   9.86040000000E-03
   9.16410000000E-03   8.52220000000E-03   7.94080000000E-03   7.42080000000E-03
   6.95970000000E-03   6.55300000000E-03   6.19550000000E-03   5.88190000000E-03
   5.60700000000E-03   5.36580000000E-03   5.15420000000E-03   4.96810000000E-03
   4.80440000000E-03   4.66000000000E-03   4.53250000000E-03   4.31940000000E-03
   4.15120000000E-03   4.01740000000E-03   3.91010000000E-03   3.82340000000E-03
   3.75290000000E-03   3.69510000000E-03   3.64730000000E-03   3.60760000000E-03
   3.57420000000E-03   3.54580000000E-03   3.52150000000E-03   3.50040000000E-03
   3.48180000000E-03   3.46520000000E-03   3.45020000000E-03   3.43640000000E-03
   3.42340000000E-03   3.41110000000E-03   3.39920000000E-03   3.38770000000E-03
   3.37620000000E-03   3.36480000000E-03   3.35330000000E-03   3.34170000000E-03
   3.32990000000E-03   3.31780000000E-03   3.30540000000E-03   3.29280000000E-03
   3.27970000000E-03   3.26630000000E-03   3.25260000000E-03   3.23840000000E-03
   3.22390000000E-03   3.20900000000E-03   3.19370000000E-03   3.17800000000E-03
   3.16200000000E-03   3.14560000000E-03   3.12880000000E-03   3.11170000000E-03
   3.09430000000E-03   3.07660000000E-03   3.05850000000E-03   3.04020000000E-03
   3.02160000000E-03   3.00270000000E-03   2.98360000000E-03   2.96430000000E-03
   2.94480000000E-03   2.89540000000E-03   2.87680000000E-03   2.85800000000E-03
   2.83910000000E-03   2.81990000000E-03   2.80060000000E-03   2.78110000000E-03
   2.76160000000E-03   2.74190000000E-03   2.72220000000E-03   2.70240000000E-03
   2.68260000000E-03   2.66280000000E-03   2.64300000000E-03   2.62320000000E-03
   2.60350000000E-03   2.58390000000E-03   2.56430000000E-03   2.54480000000E-03
   2.52550000000E-03   2.50630000000E-03   2.48730000000E-03   2.46840000000E-03
   2.44980000000E-03   2.43130000000E-03   2.41310000000E-03   2.39510000000E-03
   2.37740000000E-03   2.36000000000E-03   2.34290000000E-03   2.32610000000E-03
   2.30960000000E-03   2.29340000000E-03   2.27770000000E-03   2.26230000000E-03
   2.24730000000E-03   2.23270000000E-03   2.21850000000E-03   2.20470000000E-03
   2.19140000000E-03                   1                   1                1038
                1243                1448                1449                1450
                1451                1863                1864                1864
                1865                   9                   1               72207
               72449               72691               72692               72693
               72694               72772               72773               72773
               72774                  31                   1              169909
              170097              170285              170286              170287
              170288              170354              170355              170355
              170356                  32                   1              234254
              234413              234572              234573              234574
              234575              234635              234636              234636
              234637                  33                   1              287481
              287670              287859              287860              287861
              287862              287926              287927              287927
              287928                  34                   1              352351
              352593              352835              352836              352837
              352838              352912              352913              352913
              352914                  38                 203   0.00000000000E+00
   3.24034000000E-04   5.83851000000E-04   7.99300100000E-04   1.02749600000E-03
   1.28646600000E-03   1.57525200000E-03   1.92102200000E-03   2.32749800000E-03
   2.78078000000E-03   3.29339200000E-03   3.89455000000E-03   4.73766100000E-03
   5.95833600000E-03   7.51953900000E-03   9.12018100000E-03   1.06271900000E-02
   1.18639700000E-02   1.25991800000E-02   1.33312900000E-02   1.45553000000E-02
   1.59419700000E-02   1.67436500000E-02   1.64843400000E-02   1.55579700000E-02
   1.46322200000E-02   1.40228100000E-02   1.37042500000E-02   1.35170300000E-02
   1.32899100000E-02   1.29048200000E-02   1.23009500000E-02   1.15419300000E-02
   1.07130100000E-02   9.89750500000E-03   9.15878500000E-03   8.53689000000E-03
   8.05235300000E-03   7.71080900000E-03   7.51065800000E-03   7.43783600000E-03
   7.45577700000E-03   7.52340800000E-03   7.57435500000E-03   7.53546500000E-03
   7.35769000000E-03   7.04294400000E-03   6.63772100000E-03   6.20437500000E-03
   5.79471200000E-03   5.43748100000E-03   5.14043200000E-03   4.90734900000E-03
   4.73580200000E-03   4.61645000000E-03   4.54172500000E-03   4.50386700000E-03
   4.49612600000E-03   4.51191500000E-03   4.54574700000E-03   4.59067100000E-03
   4.64136800000E-03   4.69118200000E-03   4.73894300000E-03   4.77311200000E-03
   4.79111100000E-03   4.79044600000E-03   4.76944900000E-03   4.72864800000E-03
   4.66776800000E-03   4.58950300000E-03   4.49695300000E-03   4.39376700000E-03
   4.11978700000E-03   3.85171000000E-03   3.62505300000E-03   3.45425200000E-03
   3.32823900000E-03   3.25680700000E-03   3.23236700000E-03   3.25108800000E-03
   3.29410900000E-03   3.37039200000E-03   3.47513700000E-03   3.60126100000E-03
   3.71615500000E-03   3.83573100000E-03   3.94810500000E-03   4.03972000000E-03
   4.07557200000E-03   4.06550100000E-03   4.00506700000E-03   5.45239700000E-03
   5.22374500000E-03   4.94756800000E-03   4.64069800000E-03   4.32063000000E-03
   4.00152800000E-03   3.69201400000E-03   3.39701700000E-03   3.12046400000E-03
   2.86365700000E-03   2.62609000000E-03   2.45786000000E-03   2.30685700000E-03
   2.17148000000E-03   2.05013200000E-03   1.94098200000E-03   1.84279100000E-03
   1.75385900000E-03   1.67313200000E-03   1.59962000000E-03   1.53256500000E-03
   1.44031300000E-03   1.38358700000E-03   1.33831600000E-03   1.30213400000E-03
   1.27315400000E-03   1.22987000000E-03   1.29147400000E-03   1.44873700000E-03
   1.60569900000E-03   1.76266700000E-03   1.24198700000E-03   1.22692600000E-03
   1.21348400000E-03   1.20421500000E-03   1.19743500000E-03   1.20394700000E-03
   1.21098700000E-03   1.21886700000E-03   1.31518400000E-03   1.41124600000E-03
   1.43672400000E-03   1.46219800000E-03   1.48767900000E-03   1.51307600000E-03
   1.53835200000E-03   1.55589600000E-03   1.57323400000E-03   1.59032700000E-03
   1.60731400000E-03   1.62394300000E-03   1.63243100000E-03   1.64074200000E-03
   1.64873400000E-03   1.66553100000E-03   1.70747700000E-03   1.70914000000E-03
   1.71059000000E-03   1.71178000000E-03   1.71274800000E-03   1.71336200000E-03
   1.70359400000E-03   1.69363400000E-03   1.68357700000E-03   1.67333600000E-03
   1.66302000000E-03   1.65435600000E-03   1.64551000000E-03   1.63656400000E-03
   1.62751900000E-03   1.61837400000E-03   1.58062800000E-03   1.57222900000E-03
   1.56369800000E-03   1.55508900000E-03   1.54632000000E-03   1.53968600000E-03
   1.53294200000E-03   1.52611500000E-03   1.51909500000E-03   1.51204600000E-03
   1.51010100000E-03   1.50802400000E-03   1.50584000000E-03   1.50347100000E-03
   1.50099500000E-03   1.49526800000E-03   1.48951500000E-03   1.48367800000E-03
   1.47781600000E-03   1.47198800000E-03   1.46728800000E-03   1.46263200000E-03
   1.45791100000E-03   1.45327000000E-03   1.44861700000E-03   1.44431300000E-03
   1.44005400000E-03   1.43587800000E-03   1.43176500000E-03   1.42776300000E-03
   1.41347800000E-03   1.39941000000E-03   1.38560300000E-03   1.37213200000E-03
   1.35891800000E-03   1.33709900000E-03   1.31570800000E-03   1.29469400000E-03
   1.27409600000E-03   1.25394100000E-03                  38                 203
   0.00000000000E+00   2.19011100000E-03   9.34815800000E-03   2.17453100000E-02
   3.76972800000E-02   5.53392000000E-02   7.29450900000E-02   9.18761200000E-02
   1.13758900000E-01   1.39155600000E-01   1.69569900000E-01   2.02031500000E-01
   2.35673500000E-01   2.27436400000E-01   2.17977200000E-01   2.13603900000E-01
   2.12886600000E-01   2.07933100000E-01   2.31724700000E-01   2.55437300000E-01
   2.69975300000E-01   2.72315000000E-01   2.72218700000E-01   2.87336900000E-01
   3.00734300000E-01   3.13222000000E-01   3.25880200000E-01   3.39399300000E-01
   3.52217700000E-01   3.66223200000E-01   3.81259400000E-01   3.96319900000E-01
   4.11911700000E-01   4.22699500000E-01   4.34024100000E-01   4.45923100000E-01
   4.58459400000E-01   4.71746400000E-01   4.85317100000E-01   4.99733700000E-01
   5.14866700000E-01   5.29822900000E-01   5.44642100000E-01   5.57607800000E-01
   5.69386200000E-01   5.79504700000E-01   5.87819100000E-01   5.94393700000E-01
   6.01570000000E-01   6.07764600000E-01   6.13355800000E-01   6.18214700000E-01
   6.22988100000E-01   6.30734100000E-01   6.38911100000E-01   6.47624800000E-01
   6.56868200000E-01   6.66692100000E-01   6.78527400000E-01   6.90965000000E-01
   7.03904900000E-01   7.17397800000E-01   7.31335900000E-01   7.47378900000E-01
   7.63532300000E-01   7.80096900000E-01   7.97118700000E-01   8.14645700000E-01
   8.33513500000E-01   8.52752800000E-01   8.72480200000E-01   8.92561400000E-01
   9.13077200000E-01   9.65510700000E-01   1.01943400000E+00   1.07518200000E+00
   1.13266700000E+00   1.18413100000E+00   1.23538800000E+00   1.28541900000E+00
   1.33452300000E+00   1.37170800000E+00   1.40799900000E+00   1.44401600000E+00
   1.47977500000E+00   1.50845200000E+00   1.53871700000E+00   1.57121600000E+00
   1.60630500000E+00   1.63780200000E+00   1.67163100000E+00   1.70782200000E+00
   2.44436300000E+00   2.48926200000E+00   2.53308700000E+00   2.57357700000E+00
   2.61002700000E+00   2.63944800000E+00   2.66163300000E+00   2.67429300000E+00
   2.67673200000E+00   2.66317800000E+00   2.63788300000E+00   2.65575900000E+00
   2.66981800000E+00   2.67565000000E+00   2.67822400000E+00   2.67755600000E+00
   2.67408600000E+00   2.66687100000E+00   2.65694900000E+00   2.64469200000E+00
   2.63048900000E+00   2.65501900000E+00   2.71467200000E+00   2.77024600000E+00
   2.82623700000E+00   2.88833300000E+00   2.90389800000E+00   3.15314000000E+00
   3.64719500000E+00   4.15676300000E+00   4.68323900000E+00   3.36924700000E+00
   3.39410200000E+00   3.43213900000E+00   3.47897900000E+00   3.51752600000E+00
   3.59400600000E+00   3.67921300000E+00   3.76740200000E+00   4.12937700000E+00
   4.49992500000E+00   4.65070600000E+00   4.80442600000E+00   4.96569600000E+00
   5.13002700000E+00   5.29564200000E+00   5.43775600000E+00   5.56963000000E+00
   5.70323900000E+00   5.83659800000E+00   5.97164400000E+00   6.08210100000E+00
   6.19393800000E+00   6.30704200000E+00   6.45641100000E+00   6.70789500000E+00
   6.80497500000E+00   6.90311000000E+00   7.00192200000E+00   7.10180100000E+00
   7.20223100000E+00   7.25309500000E+00   7.30380100000E+00   7.35474900000E+00
   7.40580900000E+00   7.45698400000E+00   7.52159400000E+00   7.58631000000E+00
   7.65127000000E+00   7.71647900000E+00   7.78193900000E+00   7.77144000000E+00
   7.82149600000E+00   7.87164400000E+00   7.92188500000E+00   7.97236400000E+00
   8.03448200000E+00   8.09710700000E+00   8.15980100000E+00   8.22256100000E+00
   8.28568500000E+00   8.37243700000E+00   8.45963100000E+00   8.54741700000E+00
   8.63534100000E+00   8.72385800000E+00   8.79413500000E+00   8.86469200000E+00
   8.93553000000E+00   9.00664800000E+00   9.07804600000E+00   9.14832800000E+00
   9.21903200000E+00   9.28984500000E+00   9.36092200000E+00   9.43242300000E+00
   9.50593600000E+00   9.57988600000E+00   9.65411500000E+00   9.72846100000E+00
   9.80324500000E+00   9.69418600000E+00   9.58543300000E+00   9.47730400000E+00
   9.36948400000E+00   9.26228500000E+00   9.09501600000E+00   8.92942000000E+00
   8.76519200000E+00   8.60263300000E+00   8.44159300000E+00                   5
                  -1                   1                   6                   5
                   0                 204   8.32900000000E+00   1.56410000000E+01
   1.58000000000E+01   1.60000000000E+01   1.62000000000E+01   1.64000000000E+01
   1.66000000000E+01   1.68000000000E+01   1.70000000000E+01   1.72000000000E+01
   1.74000000000E+01   1.76000000000E+01   1.78000000000E+01   1.80000000000E+01
   1.82000000000E+01   1.84000000000E+01   1.86000000000E+01   1.88000000000E+01
   1.90000000000E+01   1.92000000000E+01   1.94000000000E+01   1.96000000000E+01
   1.98000000000E+01   2.00000000000E+01   2.02000000000E+01   2.04000000000E+01
   2.06000000000E+01   2.08000000000E+01   2.10000000000E+01   2.12000000000E+01
   2.14000000000E+01   2.16000000000E+01   2.18000000000E+01   2.20000000000E+01
   2.22000000000E+01   2.24000000000E+01   2.26000000000E+01   2.28000000000E+01
   2.30000000000E+01   2.32000000000E+01   2.34000000000E+01   2.36000000000E+01
   2.38000000000E+01   2.40000000000E+01   2.42000000000E+01   2.44000000000E+01
   2.46000000000E+01   2.48000000000E+01   2.50000000000E+01   2.52000000000E+01
   2.54000000000E+01   2.56000000000E+01   2.58000000000E+01   2.60000000000E+01
   2.62000000000E+01   2.64000000000E+01   2.66000000000E+01   2.68000000000E+01
   2.70000000000E+01   2.72000000000E+01   2.74000000000E+01   2.76000000000E+01
   2.78000000000E+01   2.80000000000E+01   2.82000000000E+01   2.84000000000E+01
   2.86000000000E+01   2.88000000000E+01   2.90000000000E+01   2.92000000000E+01
   2.94000000000E+01   2.96000000000E+01   2.98000000000E+01   3.00000000000E+01
   3.05000000000E+01   3.10000000000E+01   3.15000000000E+01   3.20000000000E+01
   3.25000000000E+01   3.30000000000E+01   3.35000000000E+01   3.40000000000E+01
   3.45000000000E+01   3.50000000000E+01   3.55000000000E+01   3.60000000000E+01
   3.65000000000E+01   3.70000000000E+01   3.75000000000E+01   3.80000000000E+01
   3.85000000000E+01   3.90000000000E+01   3.95000000000E+01   4.00000000000E+01
   4.05000000000E+01   4.10000000000E+01   4.15000000000E+01   4.20000000000E+01
   4.25000000000E+01   4.30000000000E+01   4.35000000000E+01   4.40000000000E+01
   4.45000000000E+01   4.50000000000E+01   4.55000000000E+01   4.60000000000E+01
   4.65000000000E+01   4.70000000000E+01   4.75000000000E+01   4.80000000000E+01
   4.85000000000E+01   4.90000000000E+01   4.95000000000E+01   5.00000000000E+01
   5.10000000000E+01   5.20000000000E+01   5.30000000000E+01   5.40000000000E+01
   5.50000000000E+01   5.60000000000E+01   5.70000000000E+01   5.80000000000E+01
   5.90000000000E+01   6.00000000000E+01   6.10000000000E+01   6.20000000000E+01
   6.30000000000E+01   6.40000000000E+01   6.50000000000E+01   6.60000000000E+01
   6.70000000000E+01   6.80000000000E+01   6.90000000000E+01   7.00000000000E+01
   7.10000000000E+01   7.20000000000E+01   7.30000000000E+01   7.40000000000E+01
   7.50000000000E+01   7.60000000000E+01   7.70000000000E+01   7.80000000000E+01
   7.90000000000E+01   8.00000000000E+01   8.10000000000E+01   8.20000000000E+01
   8.30000000000E+01   8.40000000000E+01   8.50000000000E+01   8.60000000000E+01
   8.70000000000E+01   8.80000000000E+01   8.90000000000E+01   9.00000000000E+01
   9.10000000000E+01   9.20000000000E+01   9.30000000000E+01   9.40000000000E+01
   9.50000000000E+01   9.60000000000E+01   9.70000000000E+01   9.80000000000E+01
   9.90000000000E+01   1.00000000000E+02   1.01000000000E+02   1.02000000000E+02
   1.03000000000E+02   1.04000000000E+02   1.05000000000E+02   1.06000000000E+02
   1.07000000000E+02   1.08000000000E+02   1.09000000000E+02   1.10000000000E+02
   1.11000000000E+02   1.12000000000E+02   1.13000000000E+02   1.14000000000E+02
   1.15000000000E+02   1.16000000000E+02   1.17000000000E+02   1.18000000000E+02
   1.19000000000E+02   1.20000000000E+02   1.21000000000E+02   1.22000000000E+02
   1.23000000000E+02   1.24000000000E+02   1.25000000000E+02   1.26000000000E+02
   1.27000000000E+02   1.28000000000E+02   1.29000000000E+02   1.30000000000E+02
   1.31000000000E+02   1.32000000000E+02   1.33000000000E+02   1.34000000000E+02
   1.35000000000E+02   1.36000000000E+02   1.37000000000E+02   1.38000000000E+02
   1.39000000000E+02   1.40000000000E+02   0.00000000000E+00   0.00000000000E+00
   1.54530000000E-02   2.92130000000E-02   3.99730000000E-02   4.90850000000E-02
   5.67000000000E-02   6.24530000000E-02   6.75560000000E-02   7.27980000000E-02
   7.88270000000E-02   8.59310000000E-02   9.23930000000E-02   9.81980000000E-02
   1.03420000000E-01   1.09080000000E-01   1.17080000000E-01   1.26910000000E-01
   1.35860000000E-01   1.43140000000E-01   1.49620000000E-01   1.55820000000E-01
   1.60660000000E-01   1.64250000000E-01   1.66490000000E-01   1.67600000000E-01
   1.68140000000E-01   1.68730000000E-01   1.69710000000E-01   1.71210000000E-01
   1.73190000000E-01   1.75540000000E-01   1.77780000000E-01   1.80140000000E-01
   1.82660000000E-01   1.85350000000E-01   1.88220000000E-01   1.91290000000E-01
   1.94600000000E-01   1.98150000000E-01   2.01970000000E-01   2.06000000000E-01
   2.09880000000E-01   2.13630000000E-01   2.17080000000E-01   2.20020000000E-01
   2.22280000000E-01   2.23820000000E-01   2.24680000000E-01   2.25000000000E-01
   2.24950000000E-01   2.24680000000E-01   2.24150000000E-01   2.23600000000E-01
   2.23250000000E-01   2.23060000000E-01   2.23060000000E-01   2.23240000000E-01
   2.23610000000E-01   2.24150000000E-01   2.24870000000E-01   2.25730000000E-01
   2.26740000000E-01   2.27860000000E-01   2.29300000000E-01   2.30730000000E-01
   2.32240000000E-01   2.33840000000E-01   2.35540000000E-01   2.37370000000E-01
   2.39250000000E-01   2.41210000000E-01   2.43210000000E-01   2.45270000000E-01
   2.50870000000E-01   2.56490000000E-01   2.62210000000E-01   2.68000000000E-01
   2.72650000000E-01   2.77010000000E-01   2.80880000000E-01   2.84360000000E-01
   2.86270000000E-01   2.87920000000E-01   2.89450000000E-01   2.90870000000E-01
   2.90370000000E-01   2.90190000000E-01   2.90430000000E-01   2.91130000000E-01
   2.90780000000E-01   2.90850000000E-01   2.91320000000E-01   4.08940000000E-01
   4.09192000000E-01   4.09262000000E-01   4.08800000000E-01   4.07722000000E-01
   4.05818000000E-01   4.02878000000E-01   3.98608000000E-01   3.92966000000E-01
   3.85896000000E-01   3.77328000000E-01   3.75074000000E-01   3.72344000000E-01
   3.69180000000E-01   3.65638000000E-01   3.61732000000E-01   3.57532000000E-01
   3.53024000000E-01   3.48250000000E-01   3.43266000000E-01   3.38128000000E-01
   3.33452000000E-01   3.33298000000E-01   3.33130000000E-01   3.33018000000E-01
   3.32990000000E-01   3.27712000000E-01   3.49510000000E-01   3.97208000000E-01
   4.45088000000E-01   4.93164000000E-01   3.50270000000E-01   3.48410000000E-01
   3.46670000000E-01   3.45860000000E-01   3.45560000000E-01   3.48950000000E-01
   3.52400000000E-01   3.56040000000E-01   3.85560000000E-01   4.15170000000E-01
   4.24100000000E-01   4.33090000000E-01   4.42130000000E-01   4.51220000000E-01
   4.60350000000E-01   4.67250000000E-01   4.74180000000E-01   4.81130000000E-01
   4.88130000000E-01   4.95150000000E-01   4.99780000000E-01   5.04440000000E-01
   5.09120000000E-01   5.16620000000E-01   5.32090000000E-01   5.35160000000E-01
   5.38260000000E-01   5.41360000000E-01   5.44490000000E-01   5.47610000000E-01
   5.47480000000E-01   5.47340000000E-01   5.47220000000E-01   5.47110000000E-01
   5.47010000000E-01   5.47510000000E-01   5.48010000000E-01   5.48520000000E-01
   5.49040000000E-01   5.49570000000E-01   5.45910000000E-01   5.46520000000E-01
   5.47130000000E-01   5.47740000000E-01   5.48360000000E-01   5.49770000000E-01
   5.51200000000E-01   5.52620000000E-01   5.54030000000E-01   5.55450000000E-01
   5.58800000000E-01   5.62150000000E-01   5.65510000000E-01   5.68850000000E-01
   5.72200000000E-01   5.74330000000E-01   5.76460000000E-01   5.78590000000E-01
   5.80720000000E-01   5.82850000000E-01   5.85440000000E-01   5.88040000000E-01
   5.90630000000E-01   5.93220000000E-01   5.95820000000E-01   5.98530000000E-01
   6.01250000000E-01   6.03970000000E-01   6.06680000000E-01   6.09400000000E-01
   6.07660000000E-01   6.05910000000E-01   6.04170000000E-01   6.02420000000E-01
   6.00680000000E-01   5.94980000000E-01   5.89290000000E-01   5.83590000000E-01
   5.77900000000E-01   5.72210000000E-01                   0                   1
                   0                   4                  10                   0
                   2   8.32900000000E+00   1.40000000000E+02   1.00000000000E+00
   1.00000000000E+00                   0                  54   8.32900000000E+00
   1.56410000000E+01   1.60000000000E+01   1.65000000000E+01   1.70000000000E+01
   1.75000000000E+01   1.80000000000E+01   1.85000000000E+01   1.90000000000E+01
   1.95000000000E+01   2.00000000000E+01   2.10000000000E+01   2.20000000000E+01
   2.30000000000E+01   2.40000000000E+01   2.50000000000E+01   2.60000000000E+01
   2.70000000000E+01   2.80000000000E+01   2.90000000000E+01   3.00000000000E+01
   3.20000000000E+01   3.40000000000E+01   3.60000000000E+01   3.80000000000E+01
   4.00000000000E+01   4.20000000000E+01   4.40000000000E+01   4.60000000000E+01
   4.80000000000E+01   5.00000000000E+01   5.20000000000E+01   5.40000000000E+01
   5.60000000000E+01   5.80000000000E+01   6.00000000000E+01   6.20000000000E+01
   6.40000000000E+01   6.60000000000E+01   6.80000000000E+01   7.00000000000E+01
   7.20000000000E+01   7.40000000000E+01   7.60000000000E+01   7.80000000000E+01
   8.00000000000E+01   8.50000000000E+01   9.00000000000E+01   9.50000000000E+01
   1.00000000000E+02   1.10000000000E+02   1.20000000000E+02   1.30000000000E+02
   1.40000000000E+02                 120                 131                 142
                 159                 188                 232                 285
                 350                 627                 948                1302
                1689                2211                2798                3450
                4154                4910                5718                6565
                7451                8376                9340               10369
               11450               12583               13755               14966
               16408               17895               19412               20959
               22536               24143               25780               27432
               29114               30811               32523               34250
               35992               38000               40008               42033
               44075               46134               48210               50303
               52413               54557               56972               59425
               61916               64690               67506                   2
                   3   0.00000000000E+00   5.00000000000E-07   1.00000000000E-06
   0.00000000000E+00   2.00000000000E+06   0.00000000000E+00   0.00000000000E+00
   5.00000000000E-01   1.00000000000E+00                   2                   3
   0.00000000000E+00   5.00000000000E-07   1.00000000000E-06   0.00000000000E+00
   2.00000000000E+06   0.00000000000E+00   0.00000000000E+00   5.00000000000E-01
   1.00000000000E+00                   2                   5   0.00000000000E+00
   2.66666700000E-02   1.06666700000E-01   2.13333300000E-01   3.20000000000E-01
   0.00000000000E+00   5.06981100000E-08   1.71254000000E-08   2.51839100000E-09
   1.87499900000E+01   0.00000000000E+00   6.75974897000E-10   3.38891650000E-09
   4.43658487000E-09   1.00000000000E+00                   2                   9
   0.00000000000E+00   1.10000000000E-01   2.20000000000E-01   3.30000000000E-01
   4.40000000000E-01   5.50000000000E-01   6.60000000000E-01   7.70000000000E-01
   8.80000000000E-01   0.00000000000E+00   3.90650900000E-07   3.42353900000E-07
   2.23562900000E-07   1.23003000000E-07   5.45904900000E-08   1.68451000000E-08
   2.18226000000E-09   1.81818200000E+01   0.00000000000E+00   2.14858001000E-08
   6.18010660000E-08   9.29264939000E-08   1.11987620000E-07   1.21755260000E-07
   1.25684217000E-07   1.26730722000E-07   1.00000000000E+00                   2
                  14   0.00000000000E+00   2.83333300000E-02   1.13333300000E-01
   2.26666700000E-01   3.40000000000E-01   4.53333300000E-01   5.66666700000E-01
   6.80000000000E-01   7.93333300000E-01   9.06666700000E-01   1.02000000000E+00
   1.13333300000E+00   1.24666700000E+00   1.36000000000E+00   0.00000000000E+00
   6.51825800000E-07   1.74484000000E-06   1.63125000000E-06   1.32669000000E-06
   9.99070800000E-07   7.04904800000E-07   4.63537900000E-07   2.78954900000E-07
   1.48200000000E-07   6.47744800000E-08   1.98511000000E-08   2.56111900000E-09
   1.76471000000E+01   0.00000000000E+00   9.23419835000E-09   1.11092443000E-07
   3.02404276000E-07   4.70020786000E-07   6.01813839000E-07   6.98372512000E-07
   7.64584247000E-07   8.06658828000E-07   8.30864286000E-07   8.42932835000E-07
   8.47728270000E-07   8.48998303000E-07   1.00000000000E+00                   2
                  17   0.00000000000E+00   1.16666700000E-01   2.33333300000E-01
   3.50000000000E-01   4.66666700000E-01   5.83333300000E-01   7.00000000000E-01
   8.16666700000E-01   9.33333300000E-01   1.05000000000E+00   1.16666700000E+00
   1.28333300000E+00   1.40000000000E+00   1.51666700000E+00   1.63333300000E+00
   1.75000000000E+00   1.86666700000E+00   0.00000000000E+00   4.76010000000E-06
   4.90832000000E-06   4.41152000000E-06   3.73778000000E-06   3.04531000000E-06
   2.39940000000E-06   1.82673000000E-06   1.33683000000E-06   9.31543000000E-07
   6.09005000000E-07   3.64971000000E-07   1.92912000000E-07   8.37076000000E-08
   2.54037000000E-08   3.23788000000E-09   1.71427500000E+01   0.00000000000E+00
   2.77672594000E-07   8.41663467000E-07   1.38532098000E-06   1.86069698000E-06
   2.25637702000E-06   2.57398521000E-06   2.82050955000E-06   3.00505045000E-06
   3.13737225000E-06   3.22723782000E-06   3.28405276000E-06   3.31659603000E-06
   3.33273222000E-06   3.33909701000E-06   3.34076777000E-06   1.00000000000E+00
                   2                  21   0.00000000000E+00   1.20000000000E-01
   2.40000000000E-01   3.60000000000E-01   4.80000000000E-01   6.00000000000E-01
   7.20000000000E-01   8.40000000000E-01   9.60000000000E-01   1.08000000000E+00
   1.20000000000E+00   1.32000000000E+00   1.44000000000E+00   1.56000000000E+00
   1.68000000000E+00   1.80000000000E+00   1.92000000000E+00   2.04000000000E+00
   2.16000000000E+00   2.28000000000E+00   2.40000000000E+00   0.00000000000E+00
   8.17841000000E-06   1.13326000000E-05   1.10180000000E-05   1.00104000000E-05
   8.78015000000E-06   7.51719000000E-06   6.30497000000E-06   5.18036000000E-06
   4.15972000000E-06   3.25097000000E-06   2.45872000000E-06   1.78564000000E-06
   1.23218000000E-06   7.95813000000E-07   4.70149000000E-07   2.44572000000E-07
   1.04334000000E-07   3.11155000000E-08   3.89750000000E-09   1.66665000000E+01
   0.00000000000E+00   4.90704628000E-07   1.66136529000E-06   3.00240137000E-06
   4.26410544000E-06   5.39153851000E-06   6.36937896000E-06   7.19870861000E-06
   7.88782845000E-06   8.44823328000E-06   8.89287471000E-06   9.23545613000E-06
   9.49011774000E-06   9.67118695000E-06   9.79286654000E-06   9.86882426000E-06
   9.91170752000E-06   9.93264189000E-06   9.94076886000E-06   9.94286964000E-06
   1.00000000000E+00                   2                  25   0.00000000000E+00
   3.08333300000E-02   1.23333300000E-01   2.46666700000E-01   3.70000000000E-01
   4.93333300000E-01   6.16666700000E-01   7.40000000000E-01   8.63333300000E-01
   9.86666700000E-01   1.11000000000E+00   1.23333300000E+00   1.35666700000E+00
   1.48000000000E+00   1.60333300000E+00   1.72666700000E+00   1.85000000000E+00
   1.97333300000E+00   2.09666700000E+00   2.22000000000E+00   2.34333300000E+00
   2.46666700000E+00   2.59000000000E+00   2.71333300000E+00   2.83666700000E+00
   0.00000000000E+00   5.29441000000E-03   2.11490900000E-02   1.42483000000E-05
   3.06232100000E+00   1.26309000000E-05   1.13815000000E-05   1.00902000000E-05
   8.82158000000E-06   7.60465000000E-06   6.45395000000E-06   5.37921000000E-06
   4.38944000000E-06   3.49358000000E-06   2.69992000000E-06   2.01477000000E-06
   1.44126000000E-06   9.78528000000E-07   6.21494000000E-07   3.61069000000E-07
   1.84777000000E-07   7.74634000000E-08   2.26222000000E-08   2.79030000000E-09
   1.00490300000E+01   0.00000000000E+00   8.16221475000E-05   1.30463366000E-03
   2.60970693000E-03   1.91453668000E-01   3.80297529000E-01   3.80299010000E-01
   3.80300334000E-01   3.80301500000E-01   3.80302513000E-01   3.80303380000E-01
   3.80304110000E-01   3.80304712000E-01   3.80305198000E-01   3.80305580000E-01
   3.80305871000E-01   3.80306084000E-01   3.80306233000E-01   3.80306332000E-01
   3.80306393000E-01   3.80306426000E-01   3.80306443000E-01   3.80306449000E-01
   3.80306450000E-01   1.00000000000E+00                   0                   0
                   0                   0                   0                   0
                   0                   0                   0                   0
                   0                   0                   0                   0
                   0                   0                   0                   0
                   0                   0                   0                   0
                   0                   0                   0                   0
                   0                   0                   0                   0
                   0                   0                   0                   0
                   0                   0                   0                   0
                   0                   0                   0                   0
                   0                   0                   0                   0
                   0                   0                   0                   0
                   0                   0                   0                   0
                   0                   0                   0                   0
                   0                   0                   0                   0
                   0                   0                   0                   0
                   0                   0                   0                   0
                   0                   0                   0                   0
                   0                   0                   0                   0
                   0                   0                   0                   0
                   0                   0                   0                   0
                   0                   0                   0                   0
                   0                   0                   0                   0
                   0                   0                   0                   0
                   0                   0                   0                   0
                   0                   0                   0                   0
                   0                   0                   0                   0
                   0                   0                   0                   0
                   0                   0                   0                   0
                   0                   0                   0                   0
                   0                   0                   0                   0
                   0                   0                   0                   0
                   0                   0                   0                   0
                   0                   0                   0                   0
                   0                   0                   0                   0
                   0                   0                   0                   0
                   0                   0                   0                   0
                   0                   0                   0                   0
                   0                   0                   0
