 20044.00u   43.578000  0.0000E+00   02/26/20
Ace Ca44 IAEA-PD                                                         mat2037
      0         0.      0         0.      0         0.      0         0.
      0         0.      0         0.      0         0.      0         0.
      0         0.      0         0.      0         0.      0         0.
      0         0.      0         0.      0         0.      0         0.
   457806    20044      259        1        6        2       12        0
        0        0        0        0        0        0        0        1
        1      260      260        0      519      778      779      780
      781     1042     1114        0        0        0        0        0
        0        0        0        0        0        0        0        0
        0        0        0        0        0        0        0        0
   8.85410000000E+00   1.15000000000E+01   1.20000000000E+01   1.25000000000E+01
   1.30000000000E+01   1.35000000000E+01   1.40000000000E+01   1.45000000000E+01
   1.50000000000E+01   1.55000000000E+01   1.60000000000E+01   1.65000000000E+01
   1.70000000000E+01   1.75000000000E+01   1.80000000000E+01   1.85000000000E+01
   1.90000000000E+01   1.95000000000E+01   2.00000000000E+01   2.05000000000E+01
   2.10000000000E+01   2.15000000000E+01   2.20000000000E+01   2.25000000000E+01
   2.30000000000E+01   2.35000000000E+01   2.40000000000E+01   2.45000000000E+01
   2.50000000000E+01   2.55000000000E+01   2.60000000000E+01   2.65000000000E+01
   2.70000000000E+01   2.75000000000E+01   2.80000000000E+01   2.85000000000E+01
   2.90000000000E+01   2.95000000000E+01   3.00000000000E+01   3.05000000000E+01
   3.10000000000E+01   3.15000000000E+01   3.20000000000E+01   3.25000000000E+01
   3.30000000000E+01   3.35000000000E+01   3.40000000000E+01   3.45000000000E+01
   3.50000000000E+01   3.55000000000E+01   3.60000000000E+01   3.65000000000E+01
   3.70000000000E+01   3.75000000000E+01   3.80000000000E+01   3.85000000000E+01
   3.90000000000E+01   3.95000000000E+01   4.00000000000E+01   4.05000000000E+01
   4.10000000000E+01   4.15000000000E+01   4.20000000000E+01   4.25000000000E+01
   4.30000000000E+01   4.35000000000E+01   4.40000000000E+01   4.45000000000E+01
   4.50000000000E+01   4.55000000000E+01   4.60000000000E+01   4.65000000000E+01
   4.70000000000E+01   4.75000000000E+01   4.80000000000E+01   4.85000000000E+01
   4.90000000000E+01   4.95000000000E+01   5.00000000000E+01   5.05000000000E+01
   5.10000000000E+01   5.15000000000E+01   5.20000000000E+01   5.25000000000E+01
   5.30000000000E+01   5.35000000000E+01   5.40000000000E+01   5.45000000000E+01
   5.50000000000E+01   5.55000000000E+01   5.60000000000E+01   5.65000000000E+01
   5.70000000000E+01   5.75000000000E+01   5.80000000000E+01   5.85000000000E+01
   5.90000000000E+01   5.95000000000E+01   6.00000000000E+01   6.05000000000E+01
   6.10000000000E+01   6.15000000000E+01   6.20000000000E+01   6.25000000000E+01
   6.30000000000E+01   6.35000000000E+01   6.40000000000E+01   6.45000000000E+01
   6.50000000000E+01   6.55000000000E+01   6.60000000000E+01   6.65000000000E+01
   6.70000000000E+01   6.75000000000E+01   6.80000000000E+01   6.85000000000E+01
   6.90000000000E+01   6.95000000000E+01   7.00000000000E+01   7.05000000000E+01
   7.10000000000E+01   7.15000000000E+01   7.20000000000E+01   7.25000000000E+01
   7.30000000000E+01   7.35000000000E+01   7.40000000000E+01   7.45000000000E+01
   7.50000000000E+01   7.55000000000E+01   7.60000000000E+01   7.65000000000E+01
   7.70000000000E+01   7.75000000000E+01   7.80000000000E+01   7.85000000000E+01
   7.90000000000E+01   7.95000000000E+01   8.00000000000E+01   8.05000000000E+01
   8.10000000000E+01   8.15000000000E+01   8.20000000000E+01   8.25000000000E+01
   8.30000000000E+01   8.35000000000E+01   8.40000000000E+01   8.45000000000E+01
   8.50000000000E+01   8.55000000000E+01   8.60000000000E+01   8.65000000000E+01
   8.70000000000E+01   8.75000000000E+01   8.80000000000E+01   8.85000000000E+01
   8.90000000000E+01   8.95000000000E+01   9.00000000000E+01   9.05000000000E+01
   9.10000000000E+01   9.15000000000E+01   9.20000000000E+01   9.25000000000E+01
   9.30000000000E+01   9.35000000000E+01   9.40000000000E+01   9.45000000000E+01
   9.50000000000E+01   9.55000000000E+01   9.60000000000E+01   9.65000000000E+01
   9.70000000000E+01   9.75000000000E+01   9.80000000000E+01   9.85000000000E+01
   9.90000000000E+01   9.95000000000E+01   1.00000000000E+02   1.00500000000E+02
   1.01000000000E+02   1.01500000000E+02   1.02000000000E+02   1.02500000000E+02
   1.03000000000E+02   1.03500000000E+02   1.04000000000E+02   1.04500000000E+02
   1.05000000000E+02   1.05500000000E+02   1.06000000000E+02   1.06500000000E+02
   1.07000000000E+02   1.07500000000E+02   1.08000000000E+02   1.08500000000E+02
   1.09000000000E+02   1.09500000000E+02   1.10000000000E+02   1.10500000000E+02
   1.11000000000E+02   1.11500000000E+02   1.12000000000E+02   1.12500000000E+02
   1.13000000000E+02   1.13500000000E+02   1.14000000000E+02   1.14500000000E+02
   1.15000000000E+02   1.15500000000E+02   1.16000000000E+02   1.16500000000E+02
   1.17000000000E+02   1.17500000000E+02   1.18000000000E+02   1.18500000000E+02
   1.19000000000E+02   1.19500000000E+02   1.20000000000E+02   1.20500000000E+02
   1.21000000000E+02   1.21500000000E+02   1.22000000000E+02   1.22500000000E+02
   1.23000000000E+02   1.23500000000E+02   1.24000000000E+02   1.24500000000E+02
   1.25000000000E+02   1.25500000000E+02   1.26000000000E+02   1.26500000000E+02
   1.27000000000E+02   1.27500000000E+02   1.28000000000E+02   1.28500000000E+02
   1.29000000000E+02   1.29500000000E+02   1.30000000000E+02   1.30500000000E+02
   1.31000000000E+02   1.31500000000E+02   1.32000000000E+02   1.32500000000E+02
   1.33000000000E+02   1.33500000000E+02   1.34000000000E+02   1.34500000000E+02
   1.35000000000E+02   1.35500000000E+02   1.36000000000E+02   1.36500000000E+02
   1.37000000000E+02   1.37500000000E+02   1.38000000000E+02   1.38500000000E+02
   1.39000000000E+02   1.39500000000E+02   1.40000000000E+02   0.00000000000E+00
   1.99537000000E-03   4.69911000000E-03   7.39687000000E-03   1.00951500000E-02
   1.27934300000E-02   1.54921000000E-02   2.09326000000E-02   2.63718000000E-02
   3.18123000000E-02   3.72528000000E-02   4.37125000000E-02   5.01722000000E-02
   5.66319000000E-02   6.40835000000E-02   5.46060000000E-02   5.92120000000E-02
   6.26300000000E-02   6.44820000000E-02   6.46140000000E-02   6.31350000000E-02
   6.03630000000E-02   5.67200000000E-02   5.26150000000E-02   4.83830000000E-02
   4.42580000000E-02   4.03820000000E-02   3.68270000000E-02   3.36180000000E-02
   3.07490000000E-02   2.82010000000E-02   2.59430000000E-02   2.39460000000E-02
   2.21770000000E-02   2.06100000000E-02   1.92190000000E-02   1.79800000000E-02
   1.68750000000E-02   1.58870000000E-02   1.50010000000E-02   1.42060000000E-02
   1.34900000000E-02   1.28430000000E-02   1.22580000000E-02   1.17260000000E-02
   1.12420000000E-02   1.08020000000E-02   1.03990000000E-02   1.00300000000E-02
   9.69120000000E-03   9.38000000000E-03   9.09340000000E-03   8.82900000000E-03
   8.58460000000E-03   8.35840000000E-03   8.14860000000E-03   7.95390000000E-03
   7.77280000000E-03   7.60410000000E-03   7.44680000000E-03   7.29990000000E-03
   7.16260000000E-03   7.03400000000E-03   6.91340000000E-03   6.80030000000E-03
   6.69400000000E-03   6.59400000000E-03   6.49990000000E-03   6.41110000000E-03
   6.32730000000E-03   6.24810000000E-03   6.17310000000E-03   6.10220000000E-03
   6.03490000000E-03   5.97110000000E-03   5.91040000000E-03   5.85280000000E-03
   5.79790000000E-03   5.74550000000E-03   5.69560000000E-03   5.64790000000E-03
   5.60230000000E-03   5.55870000000E-03   5.51690000000E-03   5.47680000000E-03
   5.43830000000E-03   5.40130000000E-03   5.36570000000E-03   5.33140000000E-03
   5.29830000000E-03   5.26640000000E-03   5.23550000000E-03   5.20570000000E-03
   5.17680000000E-03   5.14880000000E-03   5.12160000000E-03   5.09520000000E-03
   5.06960000000E-03   5.04460000000E-03   5.02020000000E-03   4.99650000000E-03
   4.97330000000E-03   4.95070000000E-03   4.92850000000E-03   4.90680000000E-03
   4.88560000000E-03   4.86470000000E-03   4.84420000000E-03   4.82410000000E-03
   4.80430000000E-03   4.78490000000E-03   4.76570000000E-03   4.74680000000E-03
   4.72810000000E-03   4.70970000000E-03   4.69150000000E-03   4.67350000000E-03
   4.65570000000E-03   4.63810000000E-03   4.62070000000E-03   4.60340000000E-03
   4.58620000000E-03   4.56920000000E-03   4.55230000000E-03   4.53550000000E-03
   4.51880000000E-03   4.50230000000E-03   4.48580000000E-03   4.46940000000E-03
   4.45310000000E-03   4.43680000000E-03   4.42060000000E-03   4.40450000000E-03
   4.38840000000E-03   4.37240000000E-03   4.35640000000E-03   4.34050000000E-03
   4.32460000000E-03   4.30870000000E-03   4.29290000000E-03   4.27710000000E-03
   4.26130000000E-03   4.24550000000E-03   4.22980000000E-03   4.21410000000E-03
   4.19830000000E-03   4.18270000000E-03   4.16700000000E-03   4.15130000000E-03
   4.13560000000E-03   4.12000000000E-03   4.10440000000E-03   4.08870000000E-03
   4.07310000000E-03   4.05750000000E-03   4.04180000000E-03   4.02620000000E-03
   4.01060000000E-03   3.99500000000E-03   3.97940000000E-03   3.96380000000E-03
   3.94820000000E-03   3.93260000000E-03   3.91710000000E-03   3.90150000000E-03
   3.88590000000E-03   3.87030000000E-03   3.85480000000E-03   3.83920000000E-03
   3.82370000000E-03   3.80820000000E-03   3.79260000000E-03   3.77710000000E-03
   3.76160000000E-03   3.74610000000E-03   3.73070000000E-03   3.71520000000E-03
   3.69980000000E-03   3.68430000000E-03   3.66890000000E-03   3.65350000000E-03
   3.63820000000E-03   3.62280000000E-03   3.60750000000E-03   3.59220000000E-03
   3.57690000000E-03   3.56170000000E-03   3.54640000000E-03   3.53120000000E-03
   3.51610000000E-03   3.50100000000E-03   3.48590000000E-03   3.47080000000E-03
   3.45580000000E-03   3.44080000000E-03   3.42580000000E-03   3.41090000000E-03
   3.39610000000E-03   3.38130000000E-03   3.36650000000E-03   3.35180000000E-03
   3.33710000000E-03   3.32250000000E-03   3.30790000000E-03   3.29340000000E-03
   3.27890000000E-03   3.26450000000E-03   3.25020000000E-03   3.23590000000E-03
   3.22170000000E-03   3.20750000000E-03   3.19350000000E-03   3.17940000000E-03
   3.16550000000E-03   3.15160000000E-03   3.13780000000E-03   3.12410000000E-03
   3.11040000000E-03   3.09680000000E-03   3.08330000000E-03   3.06990000000E-03
   3.05660000000E-03   3.04330000000E-03   3.03020000000E-03   3.01710000000E-03
   3.00410000000E-03   2.99120000000E-03   2.97840000000E-03   2.96570000000E-03
   2.95310000000E-03   2.94060000000E-03   2.92820000000E-03   2.91590000000E-03
   2.90370000000E-03   2.89160000000E-03   2.87960000000E-03   2.86770000000E-03
   2.85590000000E-03   2.84430000000E-03   2.83270000000E-03   2.82130000000E-03
   2.81000000000E-03   2.79880000000E-03   2.78770000000E-03   2.77680000000E-03
   2.76600000000E-03   2.75530000000E-03   2.74470000000E-03   2.73430000000E-03
   2.72400000000E-03   2.71380000000E-03   2.70370000000E-03   2.69380000000E-03
   2.68410000000E-03   2.67440000000E-03   2.66490000000E-03   2.65560000000E-03
   2.64640000000E-03   2.63740000000E-03   0.00000000000E+00   1.13301500000E+01
   1.16232100000E+01   1.17350800000E+01   1.17585300000E+01   1.21628200000E+01
   1.24769200000E+01   1.29055200000E+01   1.32163400000E+01   1.35981200000E+01
   1.40017800000E+01   1.44695700000E+01   1.49533900000E+01   1.54455400000E+01
   1.59290700000E+01   1.64546800000E+01   1.69740800000E+01   1.76144500000E+01
   1.82601100000E+01   1.87081600000E+01   1.91569300000E+01   1.95781700000E+01
   1.99983000000E+01   2.04047200000E+01   2.08101200000E+01   2.12260800000E+01
   2.16411700000E+01   2.20507300000E+01   2.24596200000E+01   2.28587500000E+01
   2.32571300000E+01   2.36666900000E+01   2.40773600000E+01   2.44909400000E+01
   2.49056100000E+01   2.50466700000E+01   2.51713800000E+01   2.52763100000E+01
   2.53644500000E+01   2.58479800000E+01   2.63375000000E+01   2.68330000000E+01
   2.73344800000E+01   2.78410600000E+01   2.83507500000E+01   2.88635500000E+01
   2.93794600000E+01   2.99054900000E+01   3.04335200000E+01   3.09635400000E+01
   3.14955500000E+01   3.20103600000E+01   3.25267300000E+01   3.30446700000E+01
   3.35641700000E+01   3.40856300000E+01   3.46093300000E+01   3.51352900000E+01
   3.56634900000E+01   3.61838700000E+01   3.67069000000E+01   3.72188700000E+01
   3.77330900000E+01   3.82536700000E+01   3.87763600000E+01   3.93011500000E+01
   3.98280400000E+01   4.03556800000E+01   4.08854800000E+01   4.13194900000E+01
   4.17531700000E+01   4.22167000000E+01   4.26800900000E+01   4.31433300000E+01
   4.36064300000E+01   4.40520500000E+01   4.44974100000E+01   4.49425300000E+01
   4.53874000000E+01   4.56760500000E+01   4.59616000000E+01   4.62440600000E+01
   4.65234300000E+01   4.68064300000E+01   4.70867500000E+01   4.73643900000E+01
   4.76393500000E+01   4.79042200000E+01   4.81660000000E+01   4.86628400000E+01
   4.91606000000E+01   4.96586100000E+01   5.01575500000E+01   5.06574300000E+01
   5.11582400000E+01   5.16681900000E+01   5.21789400000E+01   5.26904800000E+01
   5.32028200000E+01   5.35134000000E+01   5.38219600000E+01   5.41285100000E+01
   5.44330500000E+01   5.47416200000E+01   5.50484100000E+01   5.53534100000E+01
   5.56566200000E+01   5.59575700000E+01   5.62567200000E+01   5.66183300000E+01
   5.69789200000E+01   5.73349800000E+01   5.76899400000E+01   5.80438100000E+01
   5.83965900000E+01   5.87522100000E+01   5.91068000000E+01   5.94603700000E+01
   5.98129200000E+01   6.02073800000E+01   6.06013000000E+01   6.09946800000E+01
   6.13875100000E+01   6.17861300000E+01   6.21842700000E+01   6.25819300000E+01
   6.29791100000E+01   6.33648300000E+01   6.37499600000E+01   6.41908100000E+01
   6.46316900000E+01   6.50847900000E+01   6.55379000000E+01   6.59910400000E+01
   6.64442000000E+01   6.68997200000E+01   6.73552600000E+01   6.78108200000E+01
   6.82664000000E+01   6.86953300000E+01   6.91240900000E+01   6.95526700000E+01
   6.99810700000E+01   7.04092900000E+01   7.08373300000E+01   7.12652000000E+01
   7.16928800000E+01   7.21203900000E+01   7.25477100000E+01   7.29711000000E+01
   7.33942600000E+01   7.38172100000E+01   7.42399300000E+01   7.46624400000E+01
   7.50847300000E+01   7.55068000000E+01   7.59286500000E+01   7.63502800000E+01
   7.67716900000E+01   7.71988900000E+01   7.76259100000E+01   7.80527600000E+01
   7.84794300000E+01   7.89059100000E+01   7.93322300000E+01   7.97583600000E+01
   8.01843200000E+01   8.06100900000E+01   8.10356900000E+01   8.14763400000E+01
   8.19169200000E+01   8.23574200000E+01   8.27978500000E+01   8.32382000000E+01
   8.36784700000E+01   8.41186700000E+01   8.45587900000E+01   8.49988400000E+01
   8.54388100000E+01   8.58958200000E+01   8.63528200000E+01   8.68098200000E+01
   8.72668300000E+01   8.77238400000E+01   8.81808400000E+01   8.86378500000E+01
   8.90948600000E+01   8.95518700000E+01   9.00088900000E+01   9.04780700000E+01
   9.09473200000E+01   9.14166400000E+01   9.18860300000E+01   9.23555000000E+01
   9.28250300000E+01   9.32946400000E+01   9.37643200000E+01   9.42340600000E+01
   9.47038800000E+01   9.51729600000E+01   9.56420900000E+01   9.61112600000E+01
   9.65804900000E+01   9.70497700000E+01   9.75190900000E+01   9.79884700000E+01
   9.84579000000E+01   9.89273800000E+01   9.93969100000E+01   9.98676900000E+01
   1.00338500000E+02   1.00809400000E+02   1.01280400000E+02   1.01751400000E+02
   1.02222400000E+02   1.02693500000E+02   1.03164700000E+02   1.03635900000E+02
   1.04107200000E+02   1.04572100000E+02   1.05036900000E+02   1.05501700000E+02
   1.05966600000E+02   1.06431400000E+02   1.06896200000E+02   1.07361000000E+02
   1.07825800000E+02   1.08290600000E+02   1.08755400000E+02   1.09219400000E+02
   1.09683400000E+02   1.10147400000E+02   1.10611300000E+02   1.11075300000E+02
   1.11539200000E+02   1.12003200000E+02   1.12467100000E+02   1.12931000000E+02
   1.13394900000E+02   1.13860400000E+02   1.14325800000E+02   1.14791200000E+02
   1.15256700000E+02   1.15722100000E+02   1.16187500000E+02   1.16652900000E+02
   1.17118200000E+02   1.17583600000E+02   1.18049000000E+02   1.18600600000E+02
   1.19152600000E+02   1.19704800000E+02   1.20257400000E+02   1.20810300000E+02
   1.21363600000E+02   1.21917100000E+02   1.22471000000E+02   1.23025300000E+02
   1.23579800000E+02                   5   0.00000000000E+00                   1
                   1                 259   0.00000000000E+00   1.99537000000E-03
   4.69911000000E-03   7.39687000000E-03   1.00951500000E-02   1.27934300000E-02
   1.54921000000E-02   2.09326000000E-02   2.63718000000E-02   3.18123000000E-02
   3.72528000000E-02   4.37125000000E-02   5.01722000000E-02   5.66319000000E-02
   6.40835000000E-02   5.46060000000E-02   5.92120000000E-02   6.26300000000E-02
   6.44820000000E-02   6.46140000000E-02   6.31350000000E-02   6.03630000000E-02
   5.67200000000E-02   5.26150000000E-02   4.83830000000E-02   4.42580000000E-02
   4.03820000000E-02   3.68270000000E-02   3.36180000000E-02   3.07490000000E-02
   2.82010000000E-02   2.59430000000E-02   2.39460000000E-02   2.21770000000E-02
   2.06100000000E-02   1.92190000000E-02   1.79800000000E-02   1.68750000000E-02
   1.58870000000E-02   1.50010000000E-02   1.42060000000E-02   1.34900000000E-02
   1.28430000000E-02   1.22580000000E-02   1.17260000000E-02   1.12420000000E-02
   1.08020000000E-02   1.03990000000E-02   1.00300000000E-02   9.69120000000E-03
   9.38000000000E-03   9.09340000000E-03   8.82900000000E-03   8.58460000000E-03
   8.35840000000E-03   8.14860000000E-03   7.95390000000E-03   7.77280000000E-03
   7.60410000000E-03   7.44680000000E-03   7.29990000000E-03   7.16260000000E-03
   7.03400000000E-03   6.91340000000E-03   6.80030000000E-03   6.69400000000E-03
   6.59400000000E-03   6.49990000000E-03   6.41110000000E-03   6.32730000000E-03
   6.24810000000E-03   6.17310000000E-03   6.10220000000E-03   6.03490000000E-03
   5.97110000000E-03   5.91040000000E-03   5.85280000000E-03   5.79790000000E-03
   5.74550000000E-03   5.69560000000E-03   5.64790000000E-03   5.60230000000E-03
   5.55870000000E-03   5.51690000000E-03   5.47680000000E-03   5.43830000000E-03
   5.40130000000E-03   5.36570000000E-03   5.33140000000E-03   5.29830000000E-03
   5.26640000000E-03   5.23550000000E-03   5.20570000000E-03   5.17680000000E-03
   5.14880000000E-03   5.12160000000E-03   5.09520000000E-03   5.06960000000E-03
   5.04460000000E-03   5.02020000000E-03   4.99650000000E-03   4.97330000000E-03
   4.95070000000E-03   4.92850000000E-03   4.90680000000E-03   4.88560000000E-03
   4.86470000000E-03   4.84420000000E-03   4.82410000000E-03   4.80430000000E-03
   4.78490000000E-03   4.76570000000E-03   4.74680000000E-03   4.72810000000E-03
   4.70970000000E-03   4.69150000000E-03   4.67350000000E-03   4.65570000000E-03
   4.63810000000E-03   4.62070000000E-03   4.60340000000E-03   4.58620000000E-03
   4.56920000000E-03   4.55230000000E-03   4.53550000000E-03   4.51880000000E-03
   4.50230000000E-03   4.48580000000E-03   4.46940000000E-03   4.45310000000E-03
   4.43680000000E-03   4.42060000000E-03   4.40450000000E-03   4.38840000000E-03
   4.37240000000E-03   4.35640000000E-03   4.34050000000E-03   4.32460000000E-03
   4.30870000000E-03   4.29290000000E-03   4.27710000000E-03   4.26130000000E-03
   4.24550000000E-03   4.22980000000E-03   4.21410000000E-03   4.19830000000E-03
   4.18270000000E-03   4.16700000000E-03   4.15130000000E-03   4.13560000000E-03
   4.12000000000E-03   4.10440000000E-03   4.08870000000E-03   4.07310000000E-03
   4.05750000000E-03   4.04180000000E-03   4.02620000000E-03   4.01060000000E-03
   3.99500000000E-03   3.97940000000E-03   3.96380000000E-03   3.94820000000E-03
   3.93260000000E-03   3.91710000000E-03   3.90150000000E-03   3.88590000000E-03
   3.87030000000E-03   3.85480000000E-03   3.83920000000E-03   3.82370000000E-03
   3.80820000000E-03   3.79260000000E-03   3.77710000000E-03   3.76160000000E-03
   3.74610000000E-03   3.73070000000E-03   3.71520000000E-03   3.69980000000E-03
   3.68430000000E-03   3.66890000000E-03   3.65350000000E-03   3.63820000000E-03
   3.62280000000E-03   3.60750000000E-03   3.59220000000E-03   3.57690000000E-03
   3.56170000000E-03   3.54640000000E-03   3.53120000000E-03   3.51610000000E-03
   3.50100000000E-03   3.48590000000E-03   3.47080000000E-03   3.45580000000E-03
   3.44080000000E-03   3.42580000000E-03   3.41090000000E-03   3.39610000000E-03
   3.38130000000E-03   3.36650000000E-03   3.35180000000E-03   3.33710000000E-03
   3.32250000000E-03   3.30790000000E-03   3.29340000000E-03   3.27890000000E-03
   3.26450000000E-03   3.25020000000E-03   3.23590000000E-03   3.22170000000E-03
   3.20750000000E-03   3.19350000000E-03   3.17940000000E-03   3.16550000000E-03
   3.15160000000E-03   3.13780000000E-03   3.12410000000E-03   3.11040000000E-03
   3.09680000000E-03   3.08330000000E-03   3.06990000000E-03   3.05660000000E-03
   3.04330000000E-03   3.03020000000E-03   3.01710000000E-03   3.00410000000E-03
   2.99120000000E-03   2.97840000000E-03   2.96570000000E-03   2.95310000000E-03
   2.94060000000E-03   2.92820000000E-03   2.91590000000E-03   2.90370000000E-03
   2.89160000000E-03   2.87960000000E-03   2.86770000000E-03   2.85590000000E-03
   2.84430000000E-03   2.83270000000E-03   2.82130000000E-03   2.81000000000E-03
   2.79880000000E-03   2.78770000000E-03   2.77680000000E-03   2.76600000000E-03
   2.75530000000E-03   2.74470000000E-03   2.73430000000E-03   2.72400000000E-03
   2.71380000000E-03   2.70370000000E-03   2.69380000000E-03   2.68410000000E-03
   2.67440000000E-03   2.66490000000E-03   2.65560000000E-03   2.64640000000E-03
   2.63740000000E-03                   1                   1                1114
                1375                1636                1637                1638
                1639                1717                1718                1718
                1719                   9                   1               88620
               88879               89138               89139               89140
               89141               89215               89216               89216
               89217                  31                   1              173366
              173610              173854              173855              173856
              173857              173923              173924              173924
              173925                  32                   1              237782
              238024              238266              238267              238268
              238269              238333              238334              238334
              238335                  33                   1              300197
              300434              300671              300672              300673
              300674              300732              300733              300733
              300734                  34                   1              357222
              357483              357744              357745              357746
              357747              357819              357820              357820
              357821                   1                 259   0.00000000000E+00
   8.47286000000E-04   4.69911000000E-03   7.39609300000E-03   1.00930300000E-02
   1.27894000000E-02   1.54855900000E-02   2.09242800000E-02   2.63619100000E-02
   3.18010900000E-02   3.72405100000E-02   4.33169000000E-02   4.92806400000E-02
   5.51317200000E-02   6.18271200000E-02   5.15371400000E-02   5.46414300000E-02
   5.64809900000E-02   5.67976800000E-02   5.89536500000E-02   5.95972300000E-02
   5.88860700000E-02   5.71227100000E-02   5.33239900000E-02   4.93434000000E-02
   4.54186700000E-02   4.16984500000E-02   3.81868400000E-02   3.50047400000E-02
   3.21503900000E-02   2.96082300000E-02   2.70929200000E-02   2.48739100000E-02
   2.29127200000E-02   2.11788400000E-02   2.13402300000E-02   2.14527100000E-02
   2.15310600000E-02   2.15854400000E-02   1.99048600000E-02   1.83984600000E-02
   1.70424000000E-02   1.58168200000E-02   1.48126500000E-02   1.38983700000E-02
   1.30645000000E-02   1.23031500000E-02   1.16352300000E-02   1.10208600000E-02
   1.04539000000E-02   9.92976200000E-03   9.48371600000E-03   9.06946700000E-03
   8.68374400000E-03   8.32381300000E-03   7.96574000000E-03   7.62983200000E-03
   7.31384700000E-03   7.01593300000E-03   6.73450400000E-03   6.46804700000E-03
   6.23528700000E-03   6.01422500000E-03   5.80386800000E-03   5.60343400000E-03
   5.41200500000E-03   5.22887100000E-03   5.05342500000E-03   4.88493800000E-03
   4.83624300000E-03   4.79067300000E-03   4.74795500000E-03   4.70804000000E-03
   4.67057200000E-03   4.63549900000E-03   4.60253400000E-03   4.57169900000E-03
   4.54270500000E-03   4.51541100000E-03   4.63840300000E-03   4.76040700000E-03
   4.88152400000E-03   5.00184300000E-03   5.12134900000E-03   5.24010100000E-03
   5.35814600000E-03   5.47551800000E-03   5.59224200000E-03   5.70833000000E-03
   5.62776400000E-03   5.54902700000E-03   5.47187800000E-03   5.39639500000E-03
   5.32234600000E-03   5.24970600000E-03   5.17835200000E-03   5.10826400000E-03
   5.03942100000E-03   4.97160500000E-03   5.04900100000E-03   5.12612900000E-03
   5.20282300000E-03   5.27921900000E-03   5.35513600000E-03   5.43070900000E-03
   5.50596900000E-03   5.58071600000E-03   5.65508500000E-03   5.72910100000E-03
   5.76098000000E-03   5.79288700000E-03   5.82459100000E-03   5.85622200000E-03
   5.88766700000E-03   5.91905700000E-03   5.95027600000E-03   5.98133200000E-03
   6.01223100000E-03   6.04298000000E-03   6.05039100000E-03   6.05770600000E-03
   6.06492800000E-03   6.07219300000E-03   6.07936900000E-03   6.08646000000E-03
   6.09346600000E-03   6.10052600000E-03   6.10737200000E-03   6.11413900000E-03
   6.09050500000E-03   6.06688000000E-03   6.04340200000E-03   6.02007100000E-03
   5.99674900000E-03   5.97357300000E-03   5.95040700000E-03   5.92738700000E-03
   5.90437600000E-03   5.88137600000E-03   5.87028300000E-03   5.85911400000E-03
   5.84786700000E-03   5.83654400000E-03   5.82528100000E-03   5.81394100000E-03
   5.80238600000E-03   5.79103200000E-03   5.77946200000E-03   5.76781600000E-03
   5.75907100000E-03   5.75036600000E-03   5.74156300000E-03   5.73252100000E-03
   5.72352000000E-03   5.71442100000E-03   5.70508200000E-03   5.69578500000E-03
   5.68638900000E-03   5.67689500000E-03   5.66511400000E-03   5.65325100000E-03
   5.64130700000E-03   5.62928100000E-03   5.61731700000E-03   5.60512900000E-03
   5.59285900000E-03   5.58050800000E-03   5.56822000000E-03   5.55570600000E-03
   5.53759700000E-03   5.51945300000E-03   5.50112800000E-03   5.48291400000E-03
   5.46466400000E-03   5.44638000000E-03   5.42820600000E-03   5.40985100000E-03
   5.39160800000E-03   5.37318300000E-03   5.35065000000E-03   5.32811800000E-03
   5.30573300000E-03   5.28320200000E-03   5.26081700000E-03   5.23843300000E-03
   5.21605000000E-03   5.19381300000E-03   5.17143100000E-03   5.14919600000E-03
   5.12295800000E-03   5.09675600000E-03   5.07059000000E-03   5.04446100000E-03
   5.01851300000E-03   4.99260100000E-03   4.96672500000E-03   4.94103000000E-03
   4.91551500000E-03   4.89003600000E-03   4.86560200000E-03   4.84134000000E-03
   4.81710400000E-03   4.79303900000E-03   4.76899900000E-03   4.74513100000E-03
   4.72128800000E-03   4.69761600000E-03   4.67411300000E-03   4.65063500000E-03
   4.62697300000E-03   4.60334000000E-03   4.58002200000E-03   4.55658900000E-03
   4.53347100000E-03   4.51038100000E-03   4.48746200000E-03   4.46471400000E-03
   4.44199300000E-03   4.41944300000E-03   4.40054700000E-03   4.38179100000E-03
   4.36317400000E-03   4.34455400000E-03   4.32621700000E-03   4.30787600000E-03
   4.28967500000E-03   4.27161300000E-03   4.25369100000E-03   4.23590900000E-03
   4.21847400000E-03   4.20117600000E-03   4.18401700000E-03   4.16699600000E-03
   4.15011300000E-03   4.13336900000E-03   4.11676300000E-03   4.10029500000E-03
   4.08396600000E-03   4.06791800000E-03   4.05175200000E-03   4.03587000000E-03
   4.02012700000E-03   4.00452300000E-03   3.98905900000E-03   3.97387800000E-03
   3.95883800000E-03   3.94393600000E-03   3.92917500000E-03   3.91469700000E-03
   3.88055600000E-03   3.84670300000E-03   3.81313600000E-03   3.77999400000E-03
   3.74727200000E-03   3.71468800000E-03   3.68251900000E-03   3.65076000000E-03
   3.61927000000E-03   3.58818300000E-03                   1                 259
   0.00000000000E+00   1.69849700000E-01   3.76789000000E-01   7.64915900000E-01
   1.24146800000E+00   1.33718300000E+00   1.52307700000E+00   1.59447700000E+00
   1.78366400000E+00   1.90187600000E+00   1.99822000000E+00   2.03043200000E+00
   2.04661400000E+00   2.05446400000E+00   2.07092700000E+00   2.04531800000E+00
   2.02592100000E+00   1.88555300000E+00   1.73989000000E+00   1.79183800000E+00
   1.84306700000E+00   1.92183100000E+00   2.00170400000E+00   2.09528400000E+00
   2.18988300000E+00   2.27391900000E+00   2.35882900000E+00   2.44926800000E+00
   2.54037900000E+00   2.64124900000E+00   2.74286600000E+00   2.83331200000E+00
   2.92263600000E+00   3.00906400000E+00   3.09439000000E+00   3.45332900000E+00
   3.82862200000E+00   4.22368600000E+00   4.63554600000E+00   4.65201600000E+00
   4.66250300000E+00   4.66700500000E+00   4.66552300000E+00   4.65893800000E+00
   4.64924500000E+00   4.63644600000E+00   4.62054100000E+00   4.59450700000E+00
   4.56648200000E+00   4.53646400000E+00   4.50445500000E+00   4.48964200000E+00
   4.47326800000E+00   4.45533000000E+00   4.43583100000E+00   4.41437300000E+00
   4.39066700000E+00   4.36471100000E+00   4.33650600000E+00   4.31613100000E+00
   4.29309800000E+00   4.28113200000E+00   4.26691400000E+00   4.24632600000E+00
   4.22363700000E+00   4.19884800000E+00   4.17196000000E+00   4.14431500000E+00
   4.11451600000E+00   4.18050700000E+00   4.24683000000E+00   4.28329900000E+00
   4.31991300000E+00   4.35667100000E+00   4.39357400000E+00   4.44795400000E+00
   4.50258500000E+00   4.55746700000E+00   4.61260100000E+00   4.82395500000E+00
   5.03840100000E+00   5.25593800000E+00   5.47656800000E+00   5.69356800000E+00
   5.91324800000E+00   6.13560700000E+00   6.36064600000E+00   6.59578000000E+00
   6.83400000000E+00   6.83716000000E+00   6.83939900000E+00   6.84138900000E+00
   6.84244600000E+00   6.84257000000E+00   6.84176000000E+00   6.83180700000E+00
   6.82106000000E+00   6.80951700000E+00   6.79717800000E+00   6.98660500000E+00
   7.17804200000E+00   7.37149200000E+00   7.56695200000E+00   7.75837900000E+00
   7.95159200000E+00   8.14659100000E+00   8.34337700000E+00   8.54242700000E+00
   8.74328000000E+00   8.88166700000E+00   9.02108400000E+00   9.16502300000E+00
   9.31005700000E+00   9.45618600000E+00   9.60341000000E+00   9.74779200000E+00
   9.89319700000E+00   1.00396300000E+01   1.01870800000E+01   1.02926200000E+01
   1.03987000000E+01   1.05053200000E+01   1.06124900000E+01   1.07138700000E+01
   1.08157300000E+01   1.09180700000E+01   1.10208900000E+01   1.11351700000E+01
   1.12500400000E+01   1.13091900000E+01   1.13683100000E+01   1.14152100000E+01
   1.14621000000E+01   1.15089600000E+01   1.15558000000E+01   1.16002800000E+01
   1.16447400000E+01   1.16891800000E+01   1.17336000000E+01   1.18046700000E+01
   1.18759100000E+01   1.19473300000E+01   1.20189300000E+01   1.20907100000E+01
   1.21626700000E+01   1.22348000000E+01   1.23071200000E+01   1.23796100000E+01
   1.24522900000E+01   1.25289000000E+01   1.26057400000E+01   1.26827900000E+01
   1.27600700000E+01   1.28375600000E+01   1.29152700000E+01   1.29932000000E+01
   1.30713500000E+01   1.31497200000E+01   1.32283100000E+01   1.33011100000E+01
   1.33740900000E+01   1.34472400000E+01   1.35205700000E+01   1.35940900000E+01
   1.36677700000E+01   1.37416400000E+01   1.38156800000E+01   1.38899100000E+01
   1.39643100000E+01   1.40236600000E+01   1.40830800000E+01   1.41425800000E+01
   1.42021500000E+01   1.42618000000E+01   1.43215300000E+01   1.43813300000E+01
   1.44412100000E+01   1.45011600000E+01   1.45611900000E+01   1.46041800000E+01
   1.46471800000E+01   1.46901800000E+01   1.47331700000E+01   1.47761600000E+01
   1.48191600000E+01   1.48621500000E+01   1.49051400000E+01   1.49481300000E+01
   1.49911100000E+01   1.50219300000E+01   1.50526800000E+01   1.50833600000E+01
   1.51139700000E+01   1.51445000000E+01   1.51749700000E+01   1.52053600000E+01
   1.52356800000E+01   1.52659400000E+01   1.52961200000E+01   1.53270400000E+01
   1.53579100000E+01   1.53887400000E+01   1.54195100000E+01   1.54502300000E+01
   1.54809100000E+01   1.55115300000E+01   1.55421000000E+01   1.55726200000E+01
   1.56030900000E+01   1.56323100000E+01   1.56614800000E+01   1.56905900000E+01
   1.57196400000E+01   1.57486400000E+01   1.57775800000E+01   1.58064700000E+01
   1.58352900000E+01   1.58640600000E+01   1.58927800000E+01   1.59279300000E+01
   1.59630900000E+01   1.59982600000E+01   1.60334300000E+01   1.60686000000E+01
   1.61037800000E+01   1.61389700000E+01   1.61741700000E+01   1.62093600000E+01
   1.62445700000E+01   1.62805800000E+01   1.63165900000E+01   1.63526200000E+01
   1.63886500000E+01   1.64247000000E+01   1.64607500000E+01   1.64968100000E+01
   1.65328900000E+01   1.65689700000E+01   1.66050500000E+01   1.66396200000E+01
   1.66741900000E+01   1.67087600000E+01   1.67433500000E+01   1.67779400000E+01
   1.68125400000E+01   1.68471400000E+01   1.68817500000E+01   1.69163700000E+01
   1.69510000000E+01   1.68993900000E+01   1.68474500000E+01   1.67951900000E+01
   1.67426000000E+01   1.66896800000E+01   1.66364300000E+01   1.65828600000E+01
   1.65289700000E+01   1.64747400000E+01   1.64201900000E+01                   5
                  -1                   1                   6                   5
                   0                  37   8.85410000000E+00   1.11310000000E+01
   1.20000000000E+01   1.40000000000E+01   1.60000000000E+01   1.80000000000E+01
   2.00000000000E+01   2.20000000000E+01   2.40000000000E+01   2.60000000000E+01
   2.80000000000E+01   3.00000000000E+01   3.20000000000E+01   3.40000000000E+01
   3.60000000000E+01   3.80000000000E+01   4.10000000000E+01   4.50000000000E+01
   5.00000000000E+01   5.50000000000E+01   6.00000000000E+01   6.50000000000E+01
   7.00000000000E+01   7.50000000000E+01   8.00000000000E+01   8.50000000000E+01
   9.00000000000E+01   9.50000000000E+01   1.00000000000E+02   1.05000000000E+02
   1.10000000000E+02   1.15000000000E+02   1.20000000000E+02   1.25000000000E+02
   1.30000000000E+02   1.35000000000E+02   1.40000000000E+02   0.00000000000E+00
   0.00000000000E+00   1.00000000000E+00   9.99580000000E-01   9.99670000000E-01
   9.64790000000E-01   8.80830000000E-01   1.00710000000E+00   1.03260000000E+00
   1.04990000000E+00   1.02760000000E+00   1.35868600000E+00   1.23155200000E+00
   1.13897000000E+00   1.05861000000E+00   9.95862000000E-01   8.86046000000E-01
   7.61950000000E-01   7.85904000000E-01   1.07070000000E+00   9.85530000000E-01
   1.18760000000E+00   1.30290000000E+00   1.36800000000E+00   1.36500000000E+00
   1.38940000000E+00   1.42100000000E+00   1.44710000000E+00   1.45840000000E+00
   1.45820000000E+00   1.44620000000E+00   1.43720000000E+00   1.42710000000E+00
   1.42830000000E+00   1.43020000000E+00   1.43170000000E+00   1.36050000000E+00
                   0                   1                   0                   4
                  10                   0                   2   8.85410000000E+00
   1.40000000000E+02   1.00000000000E+00   1.00000000000E+00                   0
                  63   8.85410000000E+00   1.11310000000E+01   1.15000000000E+01
   1.20000000000E+01   1.25000000000E+01   1.30000000000E+01   1.35000000000E+01
   1.40000000000E+01   1.45000000000E+01   1.50000000000E+01   1.55000000000E+01
   1.60000000000E+01   1.65000000000E+01   1.70000000000E+01   1.75000000000E+01
   1.80000000000E+01   1.85000000000E+01   1.90000000000E+01   1.95000000000E+01
   2.00000000000E+01   2.10000000000E+01   2.20000000000E+01   2.30000000000E+01
   2.40000000000E+01   2.50000000000E+01   2.60000000000E+01   2.70000000000E+01
   2.80000000000E+01   2.90000000000E+01   3.00000000000E+01   3.20000000000E+01
   3.40000000000E+01   3.60000000000E+01   3.80000000000E+01   4.00000000000E+01
   4.20000000000E+01   4.40000000000E+01   4.60000000000E+01   4.80000000000E+01
   5.00000000000E+01   5.20000000000E+01   5.40000000000E+01   5.60000000000E+01
   5.80000000000E+01   6.00000000000E+01   6.20000000000E+01   6.40000000000E+01
   6.60000000000E+01   6.80000000000E+01   7.00000000000E+01   7.20000000000E+01
   7.40000000000E+01   7.60000000000E+01   7.80000000000E+01   8.00000000000E+01
   8.50000000000E+01   9.00000000000E+01   9.50000000000E+01   1.00000000000E+02
   1.10000000000E+02   1.20000000000E+02   1.30000000000E+02   1.40000000000E+02
                 138                 149                 160                 177
                 209                 256                 318                 554
                 897                1295                1748                2234
                2764                3327                3923                4552
                5203                5887                6593                7321
                8082                8876                9866               10895
               11963               13070               14216               15388
               16586               17810               19060               20362
               21703               23083               24489               25921
               27603               29315               31057               32814
               34601               36403               38220               40052
               41899               43761               45638               47530
               49691               51852               54030               56225
               58420               60632               62861               65090
               67336               69865               72413               74980
               77859               80759               83680                   2
                   3   0.00000000000E+00   5.00000000000E-07   1.00000000000E-06
   0.00000000000E+00   2.00000000000E+06   0.00000000000E+00   0.00000000000E+00
   5.00000000000E-01   1.00000000000E+00                   2                   3
   0.00000000000E+00   5.00000000000E-07   1.00000000000E-06   0.00000000000E+00
   2.00000000000E+06   0.00000000000E+00   0.00000000000E+00   5.00000000000E-01
   1.00000000000E+00                   2                   5   0.00000000000E+00
   1.00000000000E-01   2.00000000000E-01   3.00000000000E-01   4.00000000000E-01
   0.00000000000E+00   3.76251900000E-05   2.45257000000E-05   4.22737900000E-06
   1.99998700000E+01   0.00000000000E+00   1.88125974000E-06   4.98880431000E-06
   6.42645811000E-06   1.00000000000E+00                   2                  10
   0.00000000000E+00   1.00000000000E-01   2.00000000000E-01   3.00000000000E-01
   4.00000000000E-01   5.00000000000E-01   6.00000000000E-01   7.00000000000E-01
   8.00000000000E-01   9.00000000000E-01   0.00000000000E+00   4.33229000000E-06
   4.50505000000E-06   7.06847800000E+00   2.25135000000E-06   2.47753800000E+00
   2.73133000000E-07   3.72670000000E-08   4.20269000000E-09   9.07945000000E-01
   0.00000000000E+00   2.16614502000E-07   6.58481506000E-07   3.53424787000E-01
   7.06848803000E-01   8.30725817000E-01   9.54602732000E-01   9.54602747000E-01
   9.54602749000E-01   1.00000000000E+00                   2                  15
   0.00000000000E+00   1.00000000000E-01   2.00000000000E-01   3.00000000000E-01
   4.00000000000E-01   5.00000000000E-01   6.00000000000E-01   7.00000000000E-01
   8.00000000000E-01   9.00000000000E-01   1.00000000000E+00   1.10000000000E+00
   1.20000000000E+00   1.30000000000E+00   1.40000000000E+00   0.00000000000E+00
   1.23091000000E-05   1.27820000000E-05   1.05577000000E-05   2.71003300000E+00
   4.00169000000E-06   2.48365000000E-06   8.92169000000E-07   4.82153300000E+00
   2.47746000000E-07   1.86758900000E+00   4.57327000000E-08   1.32862000000E-08
   1.69557000000E-09   1.20160300000E+00   0.00000000000E+00   6.15455010000E-07
   1.87001003000E-06   3.03699505000E-06   1.35505217000E-01   2.71007069000E-01
   2.71007394000E-01   2.71007563000E-01   5.12084261000E-01   7.53160927000E-01
   8.46540391000E-01   9.39919845000E-01   9.39919848000E-01   9.39919849000E-01
   1.00000000000E+00                   2                  20   0.00000000000E+00
   1.00000000000E-01   2.00000000000E-01   3.00000000000E-01   4.00000000000E-01
   5.00000000000E-01   6.00000000000E-01   7.00000000000E-01   8.00000000000E-01
   9.00000000000E-01   1.00000000000E+00   1.10000000000E+00   1.20000000000E+00
   1.30000000000E+00   1.40000000000E+00   1.50000000000E+00   1.60000000000E+00
   1.70000000000E+00   1.80000000000E+00   1.90000000000E+00   0.00000000000E+00
   3.02292000000E-05   3.41097000000E-05   2.93725000000E-05   2.52536000000E-05
   4.66324400000E-01   1.06407000000E-05   5.20455000000E-06   3.37108000000E-06
   2.59994200000E+00   1.49676000000E-06   8.36770900000E-07   4.96624000000E-07
   4.09174600000E+00   1.66548000000E-07   2.18662300000E+00   3.43421000000E-08
   1.03336000000E-08   1.31400000000E-09   1.31044800000E+00   0.00000000000E+00
   1.51145991000E-06   4.72840471000E-06   7.90251451000E-06   1.06338193000E-05
   2.33281150000E-02   4.66448656000E-02   4.66456579000E-02   4.66460867000E-02
   1.76643347000E-01   3.06640514000E-01   3.06640631000E-01   3.06640697000E-01
   5.11228009000E-01   7.15815305000E-01   8.25146456000E-01   9.34477601000E-01
   9.34477603000E-01   9.34477604000E-01   1.00000000000E+00                   2
                  26   0.00000000000E+00   2.50000000000E-02   1.00000000000E-01
   2.00000000000E-01   3.00000000000E-01   4.00000000000E-01   5.00000000000E-01
   6.00000000000E-01   7.00000000000E-01   8.00000000000E-01   9.00000000000E-01
   1.00000000000E+00   1.10000000000E+00   1.20000000000E+00   1.30000000000E+00
   1.40000000000E+00   1.50000000000E+00   1.60000000000E+00   1.70000000000E+00
   1.80000000000E+00   1.90000000000E+00   2.00000000000E+00   2.10000000000E+00
   2.20000000000E+00   2.30000000000E+00   2.40000000000E+00   0.00000000000E+00
   1.68126400000E-02   6.72504700000E-02   5.06587000000E-05   1.92383800000E+00
   8.26199500000E-01   1.40117000000E-02   2.14402000000E-05   7.50229000000E-05
   9.27099000000E-06   7.00946000000E-06   5.38203800000E-01   3.59085000000E-06
   2.54735000000E-06   1.81107000000E-06   1.64455600000E+00   7.97610000000E-07
   5.00582000000E-07   3.05595000000E-07   2.77260300000E+00   1.01843000000E-07
   1.71914200000E+00   2.06301000000E-08   5.71404000000E-09   6.81472000000E-10
   9.88045200000E-01   0.00000000000E+00   2.10157997000E-04   3.36252457000E-03
   6.72758095000E-03   1.02922012000E-01   2.40423885000E-01   2.82434444000E-01
   2.83136101000E-01   2.83140924000E-01   2.83145139000E-01   2.83145953000E-01
   3.10056493000E-01   3.36966862000E-01   3.36967169000E-01   3.36967387000E-01
   4.19195276000E-01   5.01423115000E-01   5.01423180000E-01   5.01423220000E-01
   6.40053383000E-01   7.78683536000E-01   8.64640640000E-01   9.50597739000E-01
   9.50597740000E-01   9.50597741000E-01   1.00000000000E+00                   0
                   0                   0                   0                   0
                   0                   0                   0                   0
                   0                   0                   0                   0
                   0                   0                   0                   0
                   0                   0                   0                   0
                   0                   0                   0                   0
                   0                   0                   0                   0
                   0                   0                   0                   0
                   0                   0                   0                   0
                   0                   0                   0                   0
                   0                   0                   0                   0
                   0                   0                   0                   0
                   0                   0                   0                   0
                   0                   0                   0                   0
                   0                   0                   0                   0
                   0                   0                   0                   0
                   0                   0                   0                   0
                   0                   0                   0                   0
                   0                   0                   0                   0
                   0                   0                   0                   0
                   0                   0                   0                   0
                   0                   0                   0                   0
                   0                   0                   0                   0
                   0                   0                   0                   0
                   0                   0                   0                   0
                   0                   0                   0                   0
                   0                   0                   0                   0
                   0                   0                   0                   0
                   0                   0                   0                   0
                   0                   0                   0                   0
                   0                   0                   0                   0
                   0                   0                   0                   0
                   0                   0                   0                   0
                   0                   0                   0                   0
                   0                   0                   0                   0
                   0                   0                   0                   0
                   0                   0                   0                   0
                   0                   0                   0                   0
                   0                   0                   0                   2
                  31                   0                   0                   0
                   0                   0                   0                   1
                   1   7.00000000000E-01                   1                   1
   1.00000000000E+00                   1                   1                   1
                   1                   2                   2                   2
                   2                   2                   2                   2
   2.20000000000E+00   2.30000000000E+00   2.40000000000E+00   2.50000000000E+00
                   3                   3   2.80000000000E+00   2.90000000000E+00
   0.00000000000E+00                   0                   0                   0
                   1                   0                   0                   0
                   0                   2   9.24146500000E-01   3.62089200000E-02
   9.70685000000E-06   3.76483000000E-04
