 20048.00u   47.541000  0.0000E+00   06/19/20
Ace Ca48 IAEA-PD                                                         mat2049
      0         0.      0         0.      0         0.      0         0.
      0         0.      0         0.      0         0.      0         0.
      0         0.      0         0.      0         0.      0         0.
      0         0.      0         0.      0         0.      0         0.
   412313    20048      262        1        6        2       12        0
        0        0        0        0        0        0        0        1
        1      263      263        0      525      787      788      789
      790     1054     1126        0        0        0        0        0
        0        0        0        0        0        0        0        0
        0        0        0        0        0        0        0        0
   9.94440000000E+00   1.00000000000E+01   1.05000000000E+01   1.10000000000E+01
   1.15000000000E+01   1.20000000000E+01   1.25000000000E+01   1.30000000000E+01
   1.35000000000E+01   1.40000000000E+01   1.45000000000E+01   1.50000000000E+01
   1.55000000000E+01   1.60000000000E+01   1.65000000000E+01   1.70000000000E+01
   1.75000000000E+01   1.80000000000E+01   1.85000000000E+01   1.90000000000E+01
   1.95000000000E+01   2.00000000000E+01   2.05000000000E+01   2.10000000000E+01
   2.15000000000E+01   2.20000000000E+01   2.25000000000E+01   2.30000000000E+01
   2.35000000000E+01   2.40000000000E+01   2.45000000000E+01   2.50000000000E+01
   2.55000000000E+01   2.60000000000E+01   2.65000000000E+01   2.70000000000E+01
   2.75000000000E+01   2.80000000000E+01   2.85000000000E+01   2.90000000000E+01
   2.95000000000E+01   3.00000000000E+01   3.05000000000E+01   3.10000000000E+01
   3.15000000000E+01   3.20000000000E+01   3.25000000000E+01   3.30000000000E+01
   3.35000000000E+01   3.40000000000E+01   3.45000000000E+01   3.50000000000E+01
   3.55000000000E+01   3.60000000000E+01   3.65000000000E+01   3.70000000000E+01
   3.75000000000E+01   3.80000000000E+01   3.85000000000E+01   3.90000000000E+01
   3.95000000000E+01   4.00000000000E+01   4.05000000000E+01   4.10000000000E+01
   4.15000000000E+01   4.20000000000E+01   4.25000000000E+01   4.30000000000E+01
   4.35000000000E+01   4.40000000000E+01   4.45000000000E+01   4.50000000000E+01
   4.55000000000E+01   4.60000000000E+01   4.65000000000E+01   4.70000000000E+01
   4.75000000000E+01   4.80000000000E+01   4.85000000000E+01   4.90000000000E+01
   4.95000000000E+01   5.00000000000E+01   5.05000000000E+01   5.10000000000E+01
   5.15000000000E+01   5.20000000000E+01   5.25000000000E+01   5.30000000000E+01
   5.35000000000E+01   5.40000000000E+01   5.45000000000E+01   5.50000000000E+01
   5.55000000000E+01   5.60000000000E+01   5.65000000000E+01   5.70000000000E+01
   5.75000000000E+01   5.80000000000E+01   5.85000000000E+01   5.90000000000E+01
   5.95000000000E+01   6.00000000000E+01   6.05000000000E+01   6.10000000000E+01
   6.15000000000E+01   6.20000000000E+01   6.25000000000E+01   6.30000000000E+01
   6.35000000000E+01   6.40000000000E+01   6.45000000000E+01   6.50000000000E+01
   6.55000000000E+01   6.60000000000E+01   6.65000000000E+01   6.70000000000E+01
   6.75000000000E+01   6.80000000000E+01   6.85000000000E+01   6.90000000000E+01
   6.95000000000E+01   7.00000000000E+01   7.05000000000E+01   7.10000000000E+01
   7.15000000000E+01   7.20000000000E+01   7.25000000000E+01   7.30000000000E+01
   7.35000000000E+01   7.40000000000E+01   7.45000000000E+01   7.50000000000E+01
   7.55000000000E+01   7.60000000000E+01   7.65000000000E+01   7.70000000000E+01
   7.75000000000E+01   7.80000000000E+01   7.85000000000E+01   7.90000000000E+01
   7.95000000000E+01   8.00000000000E+01   8.05000000000E+01   8.10000000000E+01
   8.15000000000E+01   8.20000000000E+01   8.25000000000E+01   8.30000000000E+01
   8.35000000000E+01   8.40000000000E+01   8.45000000000E+01   8.50000000000E+01
   8.55000000000E+01   8.60000000000E+01   8.65000000000E+01   8.70000000000E+01
   8.75000000000E+01   8.80000000000E+01   8.85000000000E+01   8.90000000000E+01
   8.95000000000E+01   9.00000000000E+01   9.05000000000E+01   9.10000000000E+01
   9.15000000000E+01   9.20000000000E+01   9.25000000000E+01   9.30000000000E+01
   9.35000000000E+01   9.40000000000E+01   9.45000000000E+01   9.50000000000E+01
   9.55000000000E+01   9.60000000000E+01   9.65000000000E+01   9.70000000000E+01
   9.75000000000E+01   9.80000000000E+01   9.85000000000E+01   9.90000000000E+01
   9.95000000000E+01   1.00000000000E+02   1.00500000000E+02   1.01000000000E+02
   1.01500000000E+02   1.02000000000E+02   1.02500000000E+02   1.03000000000E+02
   1.03500000000E+02   1.04000000000E+02   1.04500000000E+02   1.05000000000E+02
   1.05500000000E+02   1.06000000000E+02   1.06500000000E+02   1.07000000000E+02
   1.07500000000E+02   1.08000000000E+02   1.08500000000E+02   1.09000000000E+02
   1.09500000000E+02   1.10000000000E+02   1.10500000000E+02   1.11000000000E+02
   1.11500000000E+02   1.12000000000E+02   1.12500000000E+02   1.13000000000E+02
   1.13500000000E+02   1.14000000000E+02   1.14500000000E+02   1.15000000000E+02
   1.15500000000E+02   1.16000000000E+02   1.16500000000E+02   1.17000000000E+02
   1.17500000000E+02   1.18000000000E+02   1.18500000000E+02   1.19000000000E+02
   1.19500000000E+02   1.20000000000E+02   1.20500000000E+02   1.21000000000E+02
   1.21500000000E+02   1.22000000000E+02   1.22500000000E+02   1.23000000000E+02
   1.23500000000E+02   1.24000000000E+02   1.24500000000E+02   1.25000000000E+02
   1.25500000000E+02   1.26000000000E+02   1.26500000000E+02   1.27000000000E+02
   1.27500000000E+02   1.28000000000E+02   1.28500000000E+02   1.29000000000E+02
   1.29500000000E+02   1.30000000000E+02   1.30500000000E+02   1.31000000000E+02
   1.31500000000E+02   1.32000000000E+02   1.32500000000E+02   1.33000000000E+02
   1.33500000000E+02   1.34000000000E+02   1.34500000000E+02   1.35000000000E+02
   1.35500000000E+02   1.36000000000E+02   1.36500000000E+02   1.37000000000E+02
   1.37500000000E+02   1.38000000000E+02   1.38500000000E+02   1.39000000000E+02
   1.39500000000E+02   1.40000000000E+02   0.00000000000E+00   1.42270000000E-04
   1.16050000000E-03   2.11350000000E-03   3.06640000000E-03   4.01940000000E-03
   5.79310000000E-03   7.62470000000E-03   9.45640000000E-03   1.12880000000E-02
   1.58080000000E-02   2.03280000000E-02   2.48480000000E-02   2.97400000000E-02
   3.78140000000E-02   4.77120000000E-02   5.81280000000E-02   6.98690000000E-02
   8.18840000000E-02   9.22710000000E-02   9.87080000000E-02   9.95980000000E-02
   9.50680000000E-02   8.67860000000E-02   7.68580000000E-02   6.69100000000E-02
   5.78420000000E-02   4.99890000000E-02   4.33670000000E-02   3.78530000000E-02
   3.32790000000E-02   2.94810000000E-02   2.63150000000E-02   2.36620000000E-02
   2.14240000000E-02   1.95260000000E-02   1.79050000000E-02   1.65120000000E-02
   1.53070000000E-02   1.42600000000E-02   1.33440000000E-02   1.25400000000E-02
   1.18320000000E-02   1.12050000000E-02   1.06480000000E-02   1.01510000000E-02
   9.70670000000E-03   9.30760000000E-03   8.94820000000E-03   8.62360000000E-03
   8.32980000000E-03   8.06310000000E-03   7.82050000000E-03   7.59930000000E-03
   7.39720000000E-03   7.21220000000E-03   7.04260000000E-03   6.88670000000E-03
   6.74330000000E-03   6.61110000000E-03   6.48910000000E-03   6.37620000000E-03
   6.27180000000E-03   6.17500000000E-03   6.08510000000E-03   6.00150000000E-03
   5.92370000000E-03   5.85120000000E-03   5.78360000000E-03   5.72040000000E-03
   5.66130000000E-03   5.60600000000E-03   5.55410000000E-03   5.50540000000E-03
   5.45960000000E-03   5.41650000000E-03   5.37590000000E-03   5.33760000000E-03
   5.30150000000E-03   5.26730000000E-03   5.23490000000E-03   5.20420000000E-03
   5.17500000000E-03   5.14730000000E-03   5.12090000000E-03   5.09570000000E-03
   5.07160000000E-03   5.04860000000E-03   5.02660000000E-03   5.00550000000E-03
   4.98520000000E-03   4.96560000000E-03   4.94680000000E-03   4.92870000000E-03
   4.91110000000E-03   4.89410000000E-03   4.87760000000E-03   4.86150000000E-03
   4.84590000000E-03   4.83080000000E-03   4.81590000000E-03   4.80140000000E-03
   4.78720000000E-03   4.77330000000E-03   4.75960000000E-03   4.74620000000E-03
   4.73300000000E-03   4.71990000000E-03   4.70710000000E-03   4.69430000000E-03
   4.68170000000E-03   4.66930000000E-03   4.65690000000E-03   4.64460000000E-03
   4.63240000000E-03   4.62030000000E-03   4.60820000000E-03   4.59620000000E-03
   4.58420000000E-03   4.57220000000E-03   4.56020000000E-03   4.54830000000E-03
   4.53630000000E-03   4.52440000000E-03   4.51240000000E-03   4.50050000000E-03
   4.48850000000E-03   4.47650000000E-03   4.46440000000E-03   4.45230000000E-03
   4.44020000000E-03   4.42810000000E-03   4.41590000000E-03   4.40360000000E-03
   4.39140000000E-03   4.37900000000E-03   4.36660000000E-03   4.35420000000E-03
   4.34170000000E-03   4.32910000000E-03   4.31650000000E-03   4.30390000000E-03
   4.29110000000E-03   4.27830000000E-03   4.26550000000E-03   4.25260000000E-03
   4.23960000000E-03   4.22660000000E-03   4.21350000000E-03   4.20030000000E-03
   4.18710000000E-03   4.17390000000E-03   4.16050000000E-03   4.14720000000E-03
   4.13370000000E-03   4.12020000000E-03   4.10670000000E-03   4.09310000000E-03
   4.07940000000E-03   4.06570000000E-03   4.05190000000E-03   4.03810000000E-03
   4.02420000000E-03   4.01030000000E-03   3.99640000000E-03   3.98240000000E-03
   3.96830000000E-03   3.95420000000E-03   3.94010000000E-03   3.92600000000E-03
   3.91180000000E-03   3.89750000000E-03   3.88330000000E-03   3.86900000000E-03
   3.85460000000E-03   3.84030000000E-03   3.82590000000E-03   3.81150000000E-03
   3.79710000000E-03   3.78260000000E-03   3.76820000000E-03   3.75370000000E-03
   3.73920000000E-03   3.72470000000E-03   3.71020000000E-03   3.69570000000E-03
   3.68110000000E-03   3.66660000000E-03   3.65210000000E-03   3.63760000000E-03
   3.62300000000E-03   3.60850000000E-03   3.59400000000E-03   3.57950000000E-03
   3.56500000000E-03   3.55050000000E-03   3.53600000000E-03   3.52160000000E-03
   3.50710000000E-03   3.49270000000E-03   3.47830000000E-03   3.46390000000E-03
   3.44960000000E-03   3.43530000000E-03   3.42100000000E-03   3.40680000000E-03
   3.39260000000E-03   3.37840000000E-03   3.36430000000E-03   3.35020000000E-03
   3.33620000000E-03   3.32220000000E-03   3.30820000000E-03   3.29430000000E-03
   3.28050000000E-03   3.26670000000E-03   3.25300000000E-03   3.23930000000E-03
   3.22570000000E-03   3.21220000000E-03   3.19870000000E-03   3.18530000000E-03
   3.17200000000E-03   3.15870000000E-03   3.14550000000E-03   3.13240000000E-03
   3.11940000000E-03   3.10640000000E-03   3.09360000000E-03   3.08080000000E-03
   3.06810000000E-03   3.05550000000E-03   3.04300000000E-03   3.03060000000E-03
   3.01820000000E-03   3.00600000000E-03   2.99390000000E-03   2.98180000000E-03
   2.96990000000E-03   2.95810000000E-03   2.94640000000E-03   2.93480000000E-03
   2.92330000000E-03   2.91190000000E-03   2.90070000000E-03   2.88950000000E-03
   2.87850000000E-03   2.86760000000E-03   2.85680000000E-03   2.84610000000E-03
   2.83560000000E-03   2.82520000000E-03   2.81500000000E-03   2.80480000000E-03
   2.79480000000E-03   2.78500000000E-03   2.77520000000E-03   2.76570000000E-03
   2.75620000000E-03   2.74690000000E-03   2.73780000000E-03   2.72880000000E-03
   0.00000000000E+00   9.97789100000E+00   9.90728300000E+00   9.87852500000E+00
   9.91373400000E+00   1.08207000000E+01   1.14353300000E+01   1.21526700000E+01
   1.22410700000E+01   1.23971300000E+01   1.28074300000E+01   1.31392800000E+01
   1.34966200000E+01   1.38723700000E+01   1.43527200000E+01   1.48751100000E+01
   1.54632000000E+01   1.61498400000E+01   1.66405700000E+01   1.70390200000E+01
   1.75119700000E+01   1.78473600000E+01   1.82645500000E+01   1.86804100000E+01
   1.90553000000E+01   1.94279700000E+01   1.98034600000E+01   2.01778000000E+01
   2.05854200000E+01   2.09922400000E+01   2.13946500000E+01   2.17968400000E+01
   2.22078400000E+01   2.26186300000E+01   2.30339900000E+01   2.34495700000E+01
   2.38708800000E+01   2.42923900000E+01   2.47400000000E+01   2.51886400000E+01
   2.56601000000E+01   2.61322800000E+01   2.64756200000E+01   2.68175100000E+01
   2.71579600000E+01   2.74969600000E+01   2.78244000000E+01   2.81494100000E+01
   2.84720000000E+01   2.87921800000E+01   2.90700000000E+01   2.93434700000E+01
   2.96125700000E+01   2.98773100000E+01   3.01733700000E+01   3.04661100000E+01
   3.07555400000E+01   3.10416500000E+01   3.14976000000E+01   3.19543200000E+01
   3.24118200000E+01   3.28700900000E+01   3.33377300000E+01   3.38060500000E+01
   3.43155400000E+01   3.48264700000E+01   3.53399100000E+01   3.58547700000E+01
   3.63710500000E+01   3.68887500000E+01   3.74056100000E+01   3.79239500000E+01
   3.84336000000E+01   3.89445400000E+01   3.94528800000E+01   3.99626000000E+01
   4.04736900000E+01   4.09861600000E+01   4.14942800000E+01   4.20038900000E+01
   4.25150100000E+01   4.30276300000E+01   4.34988700000E+01   4.39707600000E+01
   4.44433000000E+01   4.49164800000E+01   4.53930100000E+01   4.58701600000E+01
   4.63479200000E+01   4.68263000000E+01   4.73092600000E+01   4.77928000000E+01
   4.81617100000E+01   4.85294600000E+01   4.89003300000E+01   4.92701500000E+01
   4.96389000000E+01   5.00065800000E+01   5.03755900000E+01   5.07435800000E+01
   5.11105600000E+01   5.14765300000E+01   5.20539400000E+01   5.26326100000E+01
   5.32125200000E+01   5.37936700000E+01   5.43709300000E+01   5.49495800000E+01
   5.55296500000E+01   5.61111100000E+01   5.66932300000E+01   5.72767700000E+01
   5.75775800000E+01   5.78766400000E+01   5.81746500000E+01   5.84709500000E+01
   5.87655400000E+01   5.90584200000E+01   5.93495800000E+01   5.96390400000E+01
   5.99267900000E+01   6.02128200000E+01   6.07616300000E+01   6.13113100000E+01
   6.18618800000E+01   6.24133300000E+01   6.29636900000E+01   6.35149800000E+01
   6.40671900000E+01   6.46203200000E+01   6.51767200000E+01   6.57339900000E+01
   6.62641600000E+01   6.67949600000E+01   6.73274200000E+01   6.78604900000E+01
   6.83941700000E+01   6.89284700000E+01   6.94693100000E+01   7.00106600000E+01
   7.05525300000E+01   7.10949200000E+01   7.16257400000E+01   7.21570900000E+01
   7.26889700000E+01   7.32213700000E+01   7.37543000000E+01   7.42877600000E+01
   7.48217400000E+01   7.53562600000E+01   7.58913000000E+01   7.64268600000E+01
   7.69426400000E+01   7.74587300000E+01   7.79751400000E+01   7.84918700000E+01
   7.90089100000E+01   7.95262800000E+01   8.00439600000E+01   8.05619700000E+01
   8.10802900000E+01   8.15989300000E+01   8.21185100000E+01   8.26383600000E+01
   8.31584800000E+01   8.36788700000E+01   8.41995300000E+01   8.47204600000E+01
   8.52416500000E+01   8.57631200000E+01   8.62848600000E+01   8.68068600000E+01
   8.73090900000E+01   8.78115100000E+01   8.83141200000E+01   8.88169100000E+01
   8.93198800000E+01   8.98230400000E+01   9.03263900000E+01   9.08299200000E+01
   9.13336400000E+01   9.18375500000E+01   9.23384200000E+01   9.28394200000E+01
   9.33405300000E+01   9.38417600000E+01   9.43431100000E+01   9.48445800000E+01
   9.53461600000E+01   9.58478600000E+01   9.63496800000E+01   9.68516200000E+01
   9.73457000000E+01   9.78398600000E+01   9.83341000000E+01   9.88284100000E+01
   9.93228000000E+01   9.98172700000E+01   1.00311800000E+02   1.00806400000E+02
   1.01301100000E+02   1.01795900000E+02   1.02287200000E+02   1.02778600000E+02
   1.03270000000E+02   1.03761400000E+02   1.04252900000E+02   1.04744500000E+02
   1.05236100000E+02   1.05727700000E+02   1.06219400000E+02   1.06711200000E+02
   1.07202400000E+02   1.07693600000E+02   1.08184900000E+02   1.08676200000E+02
   1.09167600000E+02   1.09659000000E+02   1.10150500000E+02   1.10642000000E+02
   1.11133600000E+02   1.11625200000E+02   1.12115400000E+02   1.12605700000E+02
   1.13096000000E+02   1.13586300000E+02   1.14076600000E+02   1.14567000000E+02
   1.15057400000E+02   1.15547800000E+02   1.16038200000E+02   1.16528700000E+02
   1.17023100000E+02   1.17517600000E+02   1.18012100000E+02   1.18506600000E+02
   1.19001200000E+02   1.19495800000E+02   1.19990500000E+02   1.20485200000E+02
   1.20980000000E+02   1.21474800000E+02   1.21971500000E+02   1.22468300000E+02
   1.22965100000E+02   1.23462000000E+02   1.23958900000E+02   1.24455800000E+02
   1.24952800000E+02   1.25449900000E+02   1.25947000000E+02   1.26444100000E+02
   1.26971100000E+02   1.27498200000E+02   1.28025500000E+02   1.28552900000E+02
   1.29080500000E+02   1.29608300000E+02   1.30136200000E+02   1.30664300000E+02
   1.31192500000E+02   1.31720900000E+02                   5   0.00000000000E+00
                   1                   1                 262   0.00000000000E+00
   1.42270000000E-04   1.16050000000E-03   2.11350000000E-03   3.06640000000E-03
   4.01940000000E-03   5.79310000000E-03   7.62470000000E-03   9.45640000000E-03
   1.12880000000E-02   1.58080000000E-02   2.03280000000E-02   2.48480000000E-02
   2.97400000000E-02   3.78140000000E-02   4.77120000000E-02   5.81280000000E-02
   6.98690000000E-02   8.18840000000E-02   9.22710000000E-02   9.87080000000E-02
   9.95980000000E-02   9.50680000000E-02   8.67860000000E-02   7.68580000000E-02
   6.69100000000E-02   5.78420000000E-02   4.99890000000E-02   4.33670000000E-02
   3.78530000000E-02   3.32790000000E-02   2.94810000000E-02   2.63150000000E-02
   2.36620000000E-02   2.14240000000E-02   1.95260000000E-02   1.79050000000E-02
   1.65120000000E-02   1.53070000000E-02   1.42600000000E-02   1.33440000000E-02
   1.25400000000E-02   1.18320000000E-02   1.12050000000E-02   1.06480000000E-02
   1.01510000000E-02   9.70670000000E-03   9.30760000000E-03   8.94820000000E-03
   8.62360000000E-03   8.32980000000E-03   8.06310000000E-03   7.82050000000E-03
   7.59930000000E-03   7.39720000000E-03   7.21220000000E-03   7.04260000000E-03
   6.88670000000E-03   6.74330000000E-03   6.61110000000E-03   6.48910000000E-03
   6.37620000000E-03   6.27180000000E-03   6.17500000000E-03   6.08510000000E-03
   6.00150000000E-03   5.92370000000E-03   5.85120000000E-03   5.78360000000E-03
   5.72040000000E-03   5.66130000000E-03   5.60600000000E-03   5.55410000000E-03
   5.50540000000E-03   5.45960000000E-03   5.41650000000E-03   5.37590000000E-03
   5.33760000000E-03   5.30150000000E-03   5.26730000000E-03   5.23490000000E-03
   5.20420000000E-03   5.17500000000E-03   5.14730000000E-03   5.12090000000E-03
   5.09570000000E-03   5.07160000000E-03   5.04860000000E-03   5.02660000000E-03
   5.00550000000E-03   4.98520000000E-03   4.96560000000E-03   4.94680000000E-03
   4.92870000000E-03   4.91110000000E-03   4.89410000000E-03   4.87760000000E-03
   4.86150000000E-03   4.84590000000E-03   4.83080000000E-03   4.81590000000E-03
   4.80140000000E-03   4.78720000000E-03   4.77330000000E-03   4.75960000000E-03
   4.74620000000E-03   4.73300000000E-03   4.71990000000E-03   4.70710000000E-03
   4.69430000000E-03   4.68170000000E-03   4.66930000000E-03   4.65690000000E-03
   4.64460000000E-03   4.63240000000E-03   4.62030000000E-03   4.60820000000E-03
   4.59620000000E-03   4.58420000000E-03   4.57220000000E-03   4.56020000000E-03
   4.54830000000E-03   4.53630000000E-03   4.52440000000E-03   4.51240000000E-03
   4.50050000000E-03   4.48850000000E-03   4.47650000000E-03   4.46440000000E-03
   4.45230000000E-03   4.44020000000E-03   4.42810000000E-03   4.41590000000E-03
   4.40360000000E-03   4.39140000000E-03   4.37900000000E-03   4.36660000000E-03
   4.35420000000E-03   4.34170000000E-03   4.32910000000E-03   4.31650000000E-03
   4.30390000000E-03   4.29110000000E-03   4.27830000000E-03   4.26550000000E-03
   4.25260000000E-03   4.23960000000E-03   4.22660000000E-03   4.21350000000E-03
   4.20030000000E-03   4.18710000000E-03   4.17390000000E-03   4.16050000000E-03
   4.14720000000E-03   4.13370000000E-03   4.12020000000E-03   4.10670000000E-03
   4.09310000000E-03   4.07940000000E-03   4.06570000000E-03   4.05190000000E-03
   4.03810000000E-03   4.02420000000E-03   4.01030000000E-03   3.99640000000E-03
   3.98240000000E-03   3.96830000000E-03   3.95420000000E-03   3.94010000000E-03
   3.92600000000E-03   3.91180000000E-03   3.89750000000E-03   3.88330000000E-03
   3.86900000000E-03   3.85460000000E-03   3.84030000000E-03   3.82590000000E-03
   3.81150000000E-03   3.79710000000E-03   3.78260000000E-03   3.76820000000E-03
   3.75370000000E-03   3.73920000000E-03   3.72470000000E-03   3.71020000000E-03
   3.69570000000E-03   3.68110000000E-03   3.66660000000E-03   3.65210000000E-03
   3.63760000000E-03   3.62300000000E-03   3.60850000000E-03   3.59400000000E-03
   3.57950000000E-03   3.56500000000E-03   3.55050000000E-03   3.53600000000E-03
   3.52160000000E-03   3.50710000000E-03   3.49270000000E-03   3.47830000000E-03
   3.46390000000E-03   3.44960000000E-03   3.43530000000E-03   3.42100000000E-03
   3.40680000000E-03   3.39260000000E-03   3.37840000000E-03   3.36430000000E-03
   3.35020000000E-03   3.33620000000E-03   3.32220000000E-03   3.30820000000E-03
   3.29430000000E-03   3.28050000000E-03   3.26670000000E-03   3.25300000000E-03
   3.23930000000E-03   3.22570000000E-03   3.21220000000E-03   3.19870000000E-03
   3.18530000000E-03   3.17200000000E-03   3.15870000000E-03   3.14550000000E-03
   3.13240000000E-03   3.11940000000E-03   3.10640000000E-03   3.09360000000E-03
   3.08080000000E-03   3.06810000000E-03   3.05550000000E-03   3.04300000000E-03
   3.03060000000E-03   3.01820000000E-03   3.00600000000E-03   2.99390000000E-03
   2.98180000000E-03   2.96990000000E-03   2.95810000000E-03   2.94640000000E-03
   2.93480000000E-03   2.92330000000E-03   2.91190000000E-03   2.90070000000E-03
   2.88950000000E-03   2.87850000000E-03   2.86760000000E-03   2.85680000000E-03
   2.84610000000E-03   2.83560000000E-03   2.82520000000E-03   2.81500000000E-03
   2.80480000000E-03   2.79480000000E-03   2.78500000000E-03   2.77520000000E-03
   2.76570000000E-03   2.75620000000E-03   2.74690000000E-03   2.73780000000E-03
   2.72880000000E-03                   1                   1                1126
                1390                1654                1655                1656
                1657                1735                1736                1736
                1737                   9                   1               91972
               92224               92476               92477               92478
               92479               92549               92550               92550
               92551                  31                   1              165704
              165944              166184              166185              166186
              166187              166251              166252              166252
              166253                  32                   1              225366
              225604              225842              225843              225844
              225845              225907              225908              225908
              225909                  33                   1              283249
              283474              283699              283700              283701
              283702              283754              283755              283755
              283756                  34                   1              331669
              331924              332179              332180              332181
              332182              332250              332251              332251
              332252                   1                 262   0.00000000000E+00
   6.28648300000E-05   1.37570800000E-03   2.37028900000E-03   3.24288700000E-03
   3.99371700000E-03   5.74622800000E-03   7.58357200000E-03   9.43089600000E-03
   1.12880000000E-02   1.57584800000E-02   2.02006500000E-02   2.46144900000E-02
   2.93673600000E-02   3.63343400000E-02   4.45758900000E-02   5.27610400000E-02
   6.15594800000E-02   7.62076000000E-02   9.04518800000E-02   1.01658600000E-01
   1.07516000000E-01   1.03821400000E-01   9.58681500000E-02   8.58676800000E-02
   7.55949200000E-02   6.56897100000E-02   5.70649400000E-02   4.97603800000E-02
   4.36558600000E-02   3.84272600000E-02   3.40829800000E-02   3.04596100000E-02
   2.74218900000E-02   2.47972100000E-02   2.25720600000E-02   2.06722200000E-02
   1.90399900000E-02   1.75337900000E-02   1.62257400000E-02   1.50817200000E-02
   1.40774000000E-02   1.37473100000E-02   1.34588900000E-02   1.32080500000E-02
   1.29902300000E-02   1.27781400000E-02   1.25945800000E-02   1.24368800000E-02
   1.23024300000E-02   1.21964900000E-02   1.21091600000E-02   1.20388800000E-02
   1.19841000000E-02   1.18751000000E-02   1.17825700000E-02   1.17051500000E-02
   1.16412800000E-02   1.13426800000E-02   1.10652200000E-02   1.08069500000E-02
   1.05657900000E-02   1.03405300000E-02   1.01294700000E-02   9.87566100000E-03
   9.63510800000E-03   9.40668800000E-03   9.18931000000E-03   8.98207500000E-03
   8.78396000000E-03   8.59427800000E-03   8.41236400000E-03   8.24928300000E-03
   8.09249800000E-03   7.94142500000E-03   7.79564300000E-03   7.65474400000E-03
   7.51833000000E-03   7.38615600000E-03   7.25770700000E-03   7.13276100000E-03
   7.01109800000E-03   6.93672500000E-03   6.86474800000E-03   6.79487100000E-03
   6.72693500000E-03   6.66078600000E-03   6.59640000000E-03   6.53362500000E-03
   6.47231200000E-03   6.41231300000E-03   6.35348500000E-03   6.39636100000E-03
   6.43964200000E-03   6.48309400000E-03   6.52687000000E-03   6.57085900000E-03
   6.61494600000E-03   6.65928400000E-03   6.70389400000E-03   6.74837600000E-03
   6.79302100000E-03   6.67694700000E-03   6.56185600000E-03   6.44759200000E-03
   6.33427900000E-03   6.22176500000E-03   6.10991100000E-03   5.99896400000E-03
   5.88853000000E-03   5.77885600000E-03   5.66993100000E-03   5.76840900000E-03
   5.86640800000E-03   5.96393700000E-03   6.06100200000E-03   6.15747700000E-03
   6.25349800000E-03   6.34893400000E-03   6.44378400000E-03   6.53805000000E-03
   6.63187600000E-03   6.55068900000E-03   6.46998200000E-03   6.38946800000E-03
   6.30943100000E-03   6.22958900000E-03   6.15008400000E-03   6.07078000000E-03
   5.99181600000E-03   5.91319200000E-03   5.83490700000E-03   5.77431900000E-03
   5.71384700000E-03   5.65375200000E-03   5.59364700000E-03   5.53379200000E-03
   5.47418700000E-03   5.41470800000E-03   5.35535600000E-03   5.29625900000E-03
   5.23741600000E-03   5.18309100000E-03   5.12899700000E-03   5.07513500000E-03
   5.02138500000E-03   4.96775100000E-03   4.91435200000E-03   4.86107300000E-03
   4.80791500000E-03   4.75499600000E-03   4.70231600000E-03   4.66229800000E-03
   4.62255200000E-03   4.58274400000E-03   4.54309700000E-03   4.50361300000E-03
   4.46418000000E-03   4.42480300000E-03   4.38558900000E-03   4.34643300000E-03
   4.30744100000E-03   4.26975700000E-03   4.23223000000E-03   4.19486100000E-03
   4.15754600000E-03   4.12028600000E-03   4.08318600000E-03   4.04624600000E-03
   4.00946700000E-03   3.97274600000E-03   3.93608500000E-03   3.90802500000E-03
   3.87996500000E-03   3.85190600000E-03   3.82404800000E-03   3.79619200000E-03
   3.76843800000E-03   3.74078500000E-03   3.71313600000E-03   3.68568800000E-03
   3.65824300000E-03   3.63414300000E-03   3.61012100000E-03   3.58617500000E-03
   3.56230700000E-03   3.53842100000E-03   3.51470700000E-03   3.49107200000E-03
   3.46751300000E-03   3.44393700000E-03   3.42053300000E-03   3.40053100000E-03
   3.38058000000E-03   3.36067900000E-03   3.34082900000E-03   3.32102900000E-03
   3.30137300000E-03   3.28167400000E-03   3.26211900000E-03   3.24261400000E-03
   3.22315900000E-03   3.20573100000E-03   3.18833600000E-03   3.17097600000E-03
   3.15374300000E-03   3.13654400000E-03   3.11937800000E-03   3.10233900000E-03
   3.08533300000E-03   3.06845300000E-03   3.05160700000E-03   3.03501500000E-03
   3.01854700000E-03   3.00220200000E-03   2.98588800000E-03   2.96969600000E-03
   2.95353500000E-03   2.93749700000E-03   2.92157900000E-03   2.90569300000E-03
   2.88992700000E-03   2.87538300000E-03   2.86086000000E-03   2.84644800000E-03
   2.83214700000E-03   2.81795700000E-03   2.80378700000E-03   2.78981800000E-03
   2.77586900000E-03   2.76202900000E-03   2.74830000000E-03   2.73342300000E-03
   2.71866600000E-03   2.70393900000E-03   2.68942000000E-03   2.67502000000E-03
   2.66064800000E-03   2.64648400000E-03   2.63243700000E-03   2.61850700000E-03
   2.60469400000E-03   2.59063400000E-03   2.57669400000E-03   2.56296000000E-03
   2.54925600000E-03   2.53575700000E-03   2.52237500000E-03   2.50911000000E-03
   2.49596100000E-03   2.48301600000E-03   2.47018500000E-03   2.44900500000E-03
   2.42791300000E-03   2.40708300000E-03   2.38651100000E-03   2.36602500000E-03
   2.34587800000E-03   2.32581400000E-03   2.30600100000E-03   2.28643500000E-03
   2.26703200000E-03                   1                 262   0.00000000000E+00
   2.21094200000E-02   5.92717300000E-01   1.12147500000E+00   1.58626600000E+00
   1.17930400000E+00   1.06467000000E+00   8.47332700000E-01   1.25892800000E+00
   1.60287100000E+00   1.69256800000E+00   1.86072100000E+00   2.00338000000E+00
   2.12762600000E+00   2.14728100000E+00   2.12488500000E+00   2.03680300000E+00
   1.85015800000E+00   1.85943500000E+00   1.96097500000E+00   1.98802700000E+00
   2.15263900000E+00   2.23544800000E+00   2.31958800000E+00   2.44469600000E+00
   2.57202600000E+00   2.69653800000E+00   2.82219900000E+00   2.91457900000E+00
   3.00775500000E+00   3.10534600000E+00   3.20316400000E+00   3.29216500000E+00
   3.38137200000E+00   3.46601000000E+00   3.55042600000E+00   3.62912300000E+00
   3.70761100000E+00   3.75999700000E+00   3.81136000000E+00   3.83990500000E+00
   3.86772000000E+00   4.02438400000E+00   4.18249100000E+00   4.34204200000E+00
   4.50303600000E+00   4.67560500000E+00   4.85059200000E+00   5.02799800000E+00
   5.20782200000E+00   5.42999700000E+00   5.65653300000E+00   5.88743000000E+00
   6.12268800000E+00   6.32663000000E+00   6.53388700000E+00   6.74445900000E+00
   6.95834700000E+00   7.00240200000E+00   7.04568000000E+00   7.08818300000E+00
   7.12990800000E+00   7.16227200000E+00   7.19394600000E+00   7.18446200000E+00
   7.17353100000E+00   7.16009400000E+00   7.14523400000E+00   7.12895100000E+00
   7.11124600000E+00   7.09438800000E+00   7.07605400000E+00   7.06640400000E+00
   7.05545800000E+00   7.04711800000E+00   7.03740100000E+00   7.02630700000E+00
   7.01383500000E+00   7.00572400000E+00   6.99611000000E+00   6.98499200000E+00
   6.97237100000E+00   7.00112500000E+00   7.02923600000E+00   7.05670100000E+00
   7.08352300000E+00   7.10699100000E+00   7.12984300000E+00   7.15207900000E+00
   7.17369800000E+00   7.19073500000E+00   7.20719700000E+00   7.33829300000E+00
   7.47053700000E+00   7.59966500000E+00   7.72985400000E+00   7.86110400000E+00
   7.99341500000E+00   8.12440900000E+00   8.25641600000E+00   8.38943800000E+00
   8.52347500000E+00   8.44605800000E+00   8.36739400000E+00   8.28748400000E+00
   8.20632600000E+00   8.12907300000E+00   8.05041600000E+00   7.97035400000E+00
   7.88888900000E+00   7.80677300000E+00   7.72322900000E+00   7.92242400000E+00
   8.12335600000E+00   8.32534600000E+00   8.52904800000E+00   8.73446000000E+00
   8.94158500000E+00   9.15041500000E+00   9.36095700000E+00   9.57321100000E+00
   9.78717500000E+00   9.73837500000E+00   9.68869000000E+00   9.63812300000E+00
   9.58667100000E+00   9.53630900000E+00   9.48502300000E+00   9.43281300000E+00
   9.37968000000E+00   9.32328300000E+00   9.26601300000E+00   9.23583800000E+00
   9.20503600000E+00   9.17257700000E+00   9.13950700000E+00   9.10582500000E+00
   9.07153200000E+00   9.03069300000E+00   8.98933900000E+00   8.94746900000E+00
   8.90508300000E+00   8.87426100000E+00   8.84291100000E+00   8.81103500000E+00
   8.77863100000E+00   8.74570000000E+00   8.71224200000E+00   8.67825600000E+00
   8.64374400000E+00   8.60870400000E+00   8.57313700000E+00   8.55736400000E+00
   8.54127300000E+00   8.52486300000E+00   8.50813400000E+00   8.49108700000E+00
   8.47372100000E+00   8.45603600000E+00   8.43803300000E+00   8.41971000000E+00
   8.40107000000E+00   8.38148800000E+00   8.36163800000E+00   8.34151800000E+00
   8.32112900000E+00   8.30047100000E+00   8.27954300000E+00   8.25834600000E+00
   8.23688000000E+00   8.21514500000E+00   8.19314000000E+00   8.19090600000E+00
   8.18848700000E+00   8.18588300000E+00   8.18309300000E+00   8.18011700000E+00
   8.17695600000E+00   8.17360900000E+00   8.17007600000E+00   8.16635800000E+00
   8.16245500000E+00   8.16157700000E+00   8.16058200000E+00   8.15946900000E+00
   8.15823800000E+00   8.15689000000E+00   8.15542400000E+00   8.15384000000E+00
   8.15213800000E+00   8.15031900000E+00   8.14838200000E+00   8.15430000000E+00
   8.16014000000E+00   8.16590400000E+00   8.17159100000E+00   8.17720100000E+00
   8.18273400000E+00   8.18819000000E+00   8.19356900000E+00   8.19887200000E+00
   8.20409700000E+00   8.21279300000E+00   8.22143800000E+00   8.23003500000E+00
   8.23858100000E+00   8.24707900000E+00   8.25552700000E+00   8.26392500000E+00
   8.27227400000E+00   8.28057400000E+00   8.28882400000E+00   8.29763000000E+00
   8.30639000000E+00   8.31510300000E+00   8.32377000000E+00   8.33239000000E+00
   8.34096300000E+00   8.34948900000E+00   8.35796900000E+00   8.36640200000E+00
   8.37478800000E+00   8.38456900000E+00   8.39432100000E+00   8.40404400000E+00
   8.41373700000E+00   8.42340100000E+00   8.43303500000E+00   8.44264100000E+00
   8.45221700000E+00   8.46176400000E+00   8.47128100000E+00   8.47687200000E+00
   8.48241800000E+00   8.48791900000E+00   8.49337600000E+00   8.49878800000E+00
   8.50415500000E+00   8.50947700000E+00   8.51475500000E+00   8.51998700000E+00
   8.52517500000E+00   8.52846100000E+00   8.53170000000E+00   8.53489200000E+00
   8.53803500000E+00   8.54113200000E+00   8.54418100000E+00   8.54718200000E+00
   8.55013700000E+00   8.55304300000E+00   8.55590300000E+00   8.52893100000E+00
   8.50180300000E+00   8.47451800000E+00   8.44707700000E+00   8.41947800000E+00
   8.39172300000E+00   8.36381100000E+00   8.33574300000E+00   8.30751700000E+00
   8.27913500000E+00                   5                  -1                   1
                   6                   5                   0                  37
   9.94440000000E+00   1.01000000000E+01   1.20330000000E+01   1.40000000000E+01
   1.60000000000E+01   1.80000000000E+01   2.00000000000E+01   2.20000000000E+01
   2.40000000000E+01   2.60000000000E+01   2.80000000000E+01   3.00000000000E+01
   3.20000000000E+01   3.40000000000E+01   3.60000000000E+01   3.80000000000E+01
   4.10000000000E+01   4.50000000000E+01   5.00000000000E+01   5.50000000000E+01
   6.00000000000E+01   6.50000000000E+01   7.00000000000E+01   7.50000000000E+01
   8.00000000000E+01   8.50000000000E+01   9.00000000000E+01   9.50000000000E+01
   1.00000000000E+02   1.05000000000E+02   1.10000000000E+02   1.15000000000E+02
   1.20000000000E+02   1.25000000000E+02   1.30000000000E+02   1.35000000000E+02
   1.40000000000E+02   0.00000000000E+00   1.23660000000E+00   9.89390000000E-01
   1.00000000000E+00   9.87470000000E-01   8.81070000000E-01   1.07950000000E+00
   1.12980000000E+00   1.15330000000E+00   1.15890000000E+00   1.15310000000E+00
   1.12260000000E+00   1.27970000000E+00   1.42660000000E+00   1.57700000000E+00
   1.69040000000E+00   1.64040000000E+00   1.50060000000E+00   1.34720000000E+00
   1.27950000000E+00   1.41480000000E+00   1.21430000000E+00   1.45810000000E+00
   1.31770000000E+00   1.21690000000E+00   1.12660000000E+00   1.06670000000E+00
   1.00990000000E+00   9.74570000000E-01   9.47910000000E-01   9.30500000000E-01
   9.18550000000E-01   9.07270000000E-01   8.99460000000E-01   8.87520000000E-01
   8.74340000000E-01   8.30780000000E-01                   0                   1
                   0                   4                  10                   0
                   2   9.94440000000E+00   1.40000000000E+02   1.00000000000E+00
   1.00000000000E+00                   0                  65   9.94440000000E+00
   9.94440000000E+00   1.05000000000E+01   1.10000000000E+01   1.15000000000E+01
   1.20000000000E+01   1.25000000000E+01   1.30000000000E+01   1.35000000000E+01
   1.40000000000E+01   1.45000000000E+01   1.50000000000E+01   1.55000000000E+01
   1.60000000000E+01   1.65000000000E+01   1.70000000000E+01   1.75000000000E+01
   1.80000000000E+01   1.85000000000E+01   1.90000000000E+01   1.95000000000E+01
   2.00000000000E+01   2.10000000000E+01   2.20000000000E+01   2.30000000000E+01
   2.40000000000E+01   2.50000000000E+01   2.60000000000E+01   2.70000000000E+01
   2.80000000000E+01   2.90000000000E+01   3.00000000000E+01   3.20000000000E+01
   3.40000000000E+01   3.60000000000E+01   3.80000000000E+01   4.00000000000E+01
   4.20000000000E+01   4.40000000000E+01   4.60000000000E+01   4.80000000000E+01
   5.00000000000E+01   5.20000000000E+01   5.40000000000E+01   5.60000000000E+01
   5.80000000000E+01   6.00000000000E+01   6.20000000000E+01   6.40000000000E+01
   6.60000000000E+01   6.80000000000E+01   7.00000000000E+01   7.20000000000E+01
   7.40000000000E+01   7.60000000000E+01   7.80000000000E+01   8.00000000000E+01
   8.50000000000E+01   9.00000000000E+01   9.50000000000E+01   1.00000000000E+02
   1.10000000000E+02   1.20000000000E+02   1.30000000000E+02   1.40000000000E+02
                 142                 153                 164                 187
                 225                 278                 434                 625
                 915                1250                1714                2233
                2807                3425                4076                4760
                5466                6205                6966                7749
                8554                9381               10230               11123
               12049               13008               14000               15198
               16435               17698               18987               20302
               21630               22997               24403               25848
               27319               28816               30326               32098
               33900               35717               37549               39396
               41258               43135               45027               46934
               48856               50793               52730               54942
               57171               59400               61646               63892
               66155               68418               70698               72995
               75581               78186               81086               84028
               86991                   2                   3   0.00000000000E+00
   5.00000000000E-07   1.00000000000E-06   0.00000000000E+00   2.00000000000E+06
   0.00000000000E+00   0.00000000000E+00   5.00000000000E-01   1.00000000000E+00
                   2                   3   0.00000000000E+00   5.00000000000E-07
   1.00000000000E-06   0.00000000000E+00   2.00000000000E+06   0.00000000000E+00
   0.00000000000E+00   5.00000000000E-01   1.00000000000E+00                   2
                   7   0.00000000000E+00   2.50000000000E-02   1.00000000000E-01
   2.00000000000E-01   3.00000000000E-01   4.00000000000E-01   5.00000000000E-01
   0.00000000000E+00   1.07961000000E-04   3.21562900000E-05   1.47317000000E-05
   4.62946900000E-06   6.10400900000E-07   1.99998000000E+01   0.00000000000E+00
   1.34951222000E-06   6.60390987000E-06   8.94830938000E-06   9.91636768000E-06
   1.01783612000E-05   1.00000000000E+00                   2                  12
   0.00000000000E+00   2.50000000000E-02   1.00000000000E-01   2.00000000000E-01
   3.00000000000E-01   4.00000000000E-01   5.00000000000E-01   6.00000000000E-01
   7.00000000000E-01   8.00000000000E-01   9.00000000000E-01   1.00000000000E+00
   0.00000000000E+00   1.54984000000E-04   6.38342100000E-05   4.93045000000E-05
   3.54639000000E-05   2.37850000000E-05   1.45918000000E-05   7.86898100000E-06
   3.47133000000E-06   1.06870000000E-06   1.38107000000E-07   1.99994600000E+01
   0.00000000000E+00   1.93730019000E-06   1.01429835000E-05   1.57999190000E-05
   2.00383394000E-05   2.30007847000E-05   2.49196249000E-05   2.60426640000E-05
   2.66096796000E-05   2.68366811000E-05   2.68970214000E-05   1.00000000000E+00
                   2                  17   0.00000000000E+00   2.50000000000E-02
   1.00000000000E-01   2.00000000000E-01   3.00000000000E-01   4.00000000000E-01
   5.00000000000E-01   6.00000000000E-01   7.00000000000E-01   8.00000000000E-01
   9.00000000000E-01   1.00000000000E+00   1.10000000000E+00   1.20000000000E+00
   1.30000000000E+00   1.40000000000E+00   1.50000000000E+00   0.00000000000E+00
   1.97263000000E-04   8.96185100000E-05   7.97784100000E-05   6.80433100000E-05
   5.62136100000E-05   4.50103000000E-05   3.47255000000E-05   2.56281000000E-05
   1.79342000000E-05   1.17439000000E-05   7.04301100000E-06   3.72699000000E-06
   1.62148000000E-06   4.94496000000E-07   6.35056100000E-08   1.99989400000E+01
   0.00000000000E+00   2.46578773000E-06   1.32238450000E-05   2.16936908000E-05
   2.90847764000E-05   3.52976220000E-05   4.03588175000E-05   4.43456079000E-05
   4.73632881000E-05   4.95414033000E-05   5.10253085000E-05   5.19646541000E-05
   5.25031541000E-05   5.27705776000E-05   5.28763764000E-05   5.29042765000E-05
   1.00000000000E+00                   2                  22   0.00000000000E+00
   2.50000000000E-02   1.00000000000E-01   2.00000000000E-01   3.00000000000E-01
   4.00000000000E-01   5.00000000000E-01   6.00000000000E-01   7.00000000000E-01
   8.00000000000E-01   9.00000000000E-01   1.00000000000E+00   1.10000000000E+00
   1.20000000000E+00   1.30000000000E+00   1.40000000000E+00   1.50000000000E+00
   1.60000000000E+00   1.70000000000E+00   1.80000000000E+00   1.90000000000E+00
   2.00000000000E+00   0.00000000000E+00   1.06466900000E+00   4.25810700000E+00
   7.33273900000E-05   6.74674900000E-05   6.06285900000E-05   5.34333900000E-05
   4.61245900000E-05   3.89349900000E-05   3.21026900000E-05   2.58122000000E-05
   2.01813000000E-05   1.52741000000E-05   1.11163000000E-05   7.70474900000E-06
   5.01269900000E-06   2.99297000000E-06   1.57901000000E-06   6.85526900000E-07
   2.08757000000E-07   2.67830000000E-08   1.14827200000E+01   0.00000000000E+00
   1.33083604000E-02   2.12912466000E-01   4.25821498000E-01   4.25828537000E-01
   4.25834942000E-01   4.25840645000E-01   4.25845623000E-01   4.25849876000E-01
   4.25853428000E-01   4.25856324000E-01   4.25858623000E-01   4.25860396000E-01
   4.25861716000E-01   4.25862657000E-01   4.25863293000E-01   4.25863693000E-01
   4.25863922000E-01   4.25864035000E-01   4.25864080000E-01   4.25864091000E-01
   1.00000000000E+00                   0                   0                   0
                   0                   0                   0                   0
                   0                   0                   0                   0
                   0                   0                   0                   0
                   0                   0                   0                   0
                   0                   0                   0                   0
                   0                   0                   0                   0
                   0                   0                   0                   0
                   0                   0                   0                   0
                   0                   0                   0                   0
                   0                   0                   0                   0
                   0                   0                   0                   0
                   0                   0                   0                   0
                   0                   0                   0                   0
                   0                   0                   0                   0
                   0                   0                   0                   0
                   0                   0                   0                   0
                   0                   0                   0                   0
                   0                   0                   0                   0
                   0                   0                   0                   0
                   0                   0                   0                   0
                   0                   0                   0                   0
                   0                   2                  27   0.00000000000E+00
   2.50000000000E-02   1.00000000000E-01   2.00000000000E-01   3.00000000000E-01
   4.00000000000E-01   5.00000000000E-01   6.00000000000E-01   7.00000000000E-01
   8.00000000000E-01   9.00000000000E-01   1.00000000000E+00   1.10000000000E+00
   1.20000000000E+00   1.30000000000E+00   1.40000000000E+00   1.50000000000E+00
   1.60000000000E+00   1.70000000000E+00   1.80000000000E+00   1.90000000000E+00
   2.00000000000E+00   2.10000000000E+00   2.20000000000E+00   2.30000000000E+00
   2.40000000000E+00   2.50000000000E+00   0.00000000000E+00   7.00796000000E-05
   3.40938000000E-05   3.46796000000E-05   3.39244000000E-05   3.21561000000E-05
   7.13290800000E+00   2.72039000000E-05   2.44174000000E-05   2.15982000000E-05
   1.88358000000E-05   1.61913000000E-05   1.37058000000E-05   1.14071000000E-05
   9.31411100000E-06   7.43913000000E-06   5.78930000000E-06   4.36709000000E-06
   3.17060000000E-06   2.19353000000E-06   1.42510000000E-06   7.47671000000E-07
   3.12315000000E-07   1.20655000000E-07   3.39638000000E-08   4.12487000000E-09
   5.73351500000E+00   0.00000000000E+00   8.75995052000E-07   4.78249778000E-06
   8.22116799000E-06   1.16513682000E-05   1.49553934000E-05   3.56661984000E-01
   7.13308766000E-01   7.13311347000E-01   7.13313647000E-01   7.13315669000E-01
   7.13317420000E-01   7.13318915000E-01   7.13320171000E-01   7.13321207000E-01
   7.13322045000E-01   7.13322706000E-01   7.13323214000E-01   7.13323591000E-01
   7.13323859000E-01   7.13324040000E-01   7.13324149000E-01   7.13324202000E-01
   7.13324223000E-01   7.13324231000E-01   7.13324233000E-01   1.00000000000E+00
                   0                   0                   0                   0
                   0                   0                   0                   0
                   0                   0                   0                   0
                   0                   0                   0                   0
                   0                   0                   0                   0
                   0                   0                   0                   0
                   0                   0                   0                   0
                   0                   0                   0                   0
                   0                   0                   0                   0
                   0                   0                   0                   0
                   0                   0                   0                   0
                   0                   0                   0                   0
                   0                   0                   0                   0
                   0                   0                   0                   0
                   0                   0                   0                   0
                   0                   0                   0                   0
                   0                   0                   0                   0
                   0                   0                   0                   0
                   0                   0                   0                   0
                   0                   0                   0                   0
                   0                   0                   0                   0
                   0                   0                   0                   0
                   0                   0                   0                   0
                   0
