 48106.00u  104.996700  0.0000E+00   05/27/20
Ace Cd106 IAEA-PD                                                        mat4825
      0         0.      0         0.      0         0.      0         0.
      0         0.      0         0.      0         0.      0         0.
      0         0.      0         0.      0         0.      0         0.
      0         0.      0         0.      0         0.      0         0.
   311607    48106       89        1        7        2       12        0
        0        0        0        0        0        0        0        1
        1       90       90        0      179      268      269      270
      271      362      446        0        0        0        0        0
        0        0        0        0        0        0        0        0
        0        0        0        0        0        0        0        0
   9.99999000000E-01   1.00000000000E+00   1.50000000000E+00   2.00000000000E+00
   2.50000000000E+00   3.00000000000E+00   3.50000000000E+00   4.00000000000E+00
   4.50000000000E+00   5.00000000000E+00   5.50000000000E+00   6.00000000000E+00
   6.50000000000E+00   7.00000000000E+00   7.50000000000E+00   8.00000000000E+00
   8.50000000000E+00   9.00000000000E+00   9.50000000000E+00   1.00000000000E+01
   1.05000000000E+01   1.10000000000E+01   1.15000000000E+01   1.20000000000E+01
   1.25000000000E+01   1.30000000000E+01   1.35000000000E+01   1.40000000000E+01
   1.45000000000E+01   1.50000000000E+01   1.55000000000E+01   1.60000000000E+01
   1.65000000000E+01   1.70000000000E+01   1.75000000000E+01   1.80000000000E+01
   1.85000000000E+01   1.90000000000E+01   1.95000000000E+01   2.00000000000E+01
   2.10000000000E+01   2.20000000000E+01   2.30000000000E+01   2.40000000000E+01
   2.50000000000E+01   2.60000000000E+01   2.70000000000E+01   2.80000000000E+01
   2.90000000000E+01   3.00000000000E+01   3.20000000000E+01   3.40000000000E+01
   3.60000000000E+01   3.80000000000E+01   4.00000000000E+01   4.20000000000E+01
   4.40000000000E+01   4.60000000000E+01   4.80000000000E+01   5.00000000000E+01
   5.20000000000E+01   5.40000000000E+01   5.60000000000E+01   5.80000000000E+01
   6.00000000000E+01   6.20000000000E+01   6.40000000000E+01   6.60000000000E+01
   6.80000000000E+01   7.00000000000E+01   7.20000000000E+01   7.40000000000E+01
   7.60000000000E+01   7.80000000000E+01   8.00000000000E+01   8.50000000000E+01
   9.00000000000E+01   9.50000000000E+01   1.00000000000E+02   1.10000000000E+02
   1.20000000000E+02   1.30000000000E+02   1.40000000000E+02   1.50000000000E+02
   1.60000000000E+02   1.70000000000E+02   1.80000000000E+02   1.90000000000E+02
   2.00000000000E+02   0.00000000000E+00   1.26133500000E-05   3.56055900000E-05
   7.68917700000E-05   1.42881800000E-04   2.41219500000E-04   3.81253100000E-04
   5.74678600000E-04   8.36442200000E-04   1.18600500000E-03   1.64902900000E-03
   2.25925800000E-03   3.05947000000E-03   4.09785300000E-03   5.41285400000E-03
   7.00729900000E-03   8.85606100000E-03   1.10044400000E-02   1.36564700000E-02
   1.71284600000E-02   2.17886700000E-02   2.80794400000E-02   3.65768600000E-02
   4.80405600000E-02   6.34210900000E-02   8.37468500000E-02   1.09663800000E-01
   1.40257000000E-01   1.71498900000E-01   1.96764700000E-01   2.10935300000E-01
   2.13176200000E-01   2.05239900000E-01   1.89815000000E-01   1.70236300000E-01
   1.49707300000E-01   1.30425700000E-01   1.13433100000E-01   9.89648700000E-02
   8.68451100000E-02   6.81541300000E-02   5.50078800000E-02   4.55169500000E-02
   3.84614600000E-02   3.30709900000E-02   2.88528800000E-02   2.54845800000E-02
   2.27493000000E-02   2.04974100000E-02   1.86229900000E-02   1.57188400000E-02
   1.36249200000E-02   1.20955100000E-02   1.09722700000E-02   1.01468700000E-02
   9.54192200000E-03   9.10065700000E-03   8.78078800000E-03   8.55055600000E-03
   8.38601400000E-03   8.26908400000E-03   8.18611400000E-03   8.12680100000E-03
   8.08338200000E-03   8.05002100000E-03   8.02235000000E-03   7.99711400000E-03
   7.97191500000E-03   7.94500100000E-03   7.91512400000E-03   7.88141800000E-03
   7.84331000000E-03   7.80045500000E-03   7.75268300000E-03   7.69995800000E-03
   7.54710900000E-03   7.36680100000E-03   7.16354300000E-03   6.94261600000E-03
   6.47009300000E-03   5.99350500000E-03   5.55467700000E-03   5.19208700000E-03
   4.74160100000E-03   4.35254100000E-03   4.01379400000E-03   3.71670800000E-03
   3.45445600000E-03   3.22158600000E-03   0.00000000000E+00   1.00000000000E+00
   1.01760800000E+00   1.03521700000E+00   1.05282600000E+00   1.07043500000E+00
   8.54925400000E-01   4.91835700000E-01   4.93279200000E-01   4.84582100000E-01
   4.79090600000E-01   4.76865800000E-01   4.65197200000E-01   4.40954300000E-01
   3.98122600000E-01   3.34957400000E-01   3.28519100000E-01   3.12073200000E-01
   2.86376600000E-01   2.84547900000E-01   2.46469500000E+00   9.77104000000E+00
   1.02923900000E+01   1.05037800000E+01   1.05353400000E+01   1.06620800000E+01
   1.07503000000E+01   1.08000200000E+01   1.09056600000E+01   1.09774200000E+01
   1.10179200000E+01   1.10485900000E+01   1.10918600000E+01   1.11252800000E+01
   1.11443400000E+01   1.11492600000E+01   1.12542500000E+01   1.13442900000E+01
   1.14993400000E+01   1.23112500000E+01   1.46208800000E+01   1.61489400000E+01
   1.70110100000E+01   1.79620600000E+01   1.85012700000E+01   1.90858000000E+01
   1.95093900000E+01   1.99095800000E+01   2.02591300000E+01   2.06299000000E+01
   2.19900900000E+01   2.43816600000E+01   2.65119800000E+01   2.79398000000E+01
   2.92928700000E+01   3.04378500000E+01   3.16194600000E+01   3.31820700000E+01
   3.46781200000E+01   3.61979900000E+01   3.76288600000E+01   3.88751800000E+01
   4.01688100000E+01   4.15306500000E+01   4.28672800000E+01   4.42471400000E+01
   4.55972700000E+01   4.69130300000E+01   4.82243900000E+01   4.95363100000E+01
   5.08647300000E+01   5.21878400000E+01   5.34980700000E+01   5.48059500000E+01
   5.61145100000E+01   5.93617400000E+01   6.25873800000E+01   6.57707600000E+01
   6.89333900000E+01   7.53294800000E+01   8.16077700000E+01   8.81128200000E+01
   9.45943700000E+01   1.01162700000E+02   1.07721100000E+02   1.14389000000E+02
   1.20996000000E+02   1.27832700000E+02   1.34559400000E+02                   5
   0.00000000000E+00                   1                   1                  89
   0.00000000000E+00   1.26133500000E-05   3.56055900000E-05   7.68917700000E-05
   1.42881800000E-04   2.41219500000E-04   3.81253100000E-04   5.74678600000E-04
   8.36442200000E-04   1.18600500000E-03   1.64902900000E-03   2.25925800000E-03
   3.05947000000E-03   4.09785300000E-03   5.41285400000E-03   7.00729900000E-03
   8.85606100000E-03   1.10044400000E-02   1.36564700000E-02   1.71284600000E-02
   2.17886700000E-02   2.80794400000E-02   3.65768600000E-02   4.80405600000E-02
   6.34210900000E-02   8.37468500000E-02   1.09663800000E-01   1.40257000000E-01
   1.71498900000E-01   1.96764700000E-01   2.10935300000E-01   2.13176200000E-01
   2.05239900000E-01   1.89815000000E-01   1.70236300000E-01   1.49707300000E-01
   1.30425700000E-01   1.13433100000E-01   9.89648700000E-02   8.68451100000E-02
   6.81541300000E-02   5.50078800000E-02   4.55169500000E-02   3.84614600000E-02
   3.30709900000E-02   2.88528800000E-02   2.54845800000E-02   2.27493000000E-02
   2.04974100000E-02   1.86229900000E-02   1.57188400000E-02   1.36249200000E-02
   1.20955100000E-02   1.09722700000E-02   1.01468700000E-02   9.54192200000E-03
   9.10065700000E-03   8.78078800000E-03   8.55055600000E-03   8.38601400000E-03
   8.26908400000E-03   8.18611400000E-03   8.12680100000E-03   8.08338200000E-03
   8.05002100000E-03   8.02235000000E-03   7.99711400000E-03   7.97191500000E-03
   7.94500100000E-03   7.91512400000E-03   7.88141800000E-03   7.84331000000E-03
   7.80045500000E-03   7.75268300000E-03   7.69995800000E-03   7.54710900000E-03
   7.36680100000E-03   7.16354300000E-03   6.94261600000E-03   6.47009300000E-03
   5.99350500000E-03   5.55467700000E-03   5.19208700000E-03   4.74160100000E-03
   4.35254100000E-03   4.01379400000E-03   3.71670800000E-03   3.45445600000E-03
   3.22158600000E-03                   1                   1                 446
                 517                 588                 589                 590
                 591                 735                 736                 736
                 737                   2                   1               49848
               49939               50030               50031               50032
               50033               50207               50208               50208
               50209                   9                   1               63861
               63939               64017               64018               64019
               64020               64176               64177               64177
               64178                  31                   1              117782
              117844              117906              117907              117908
              117909              118035              118036              118036
              118037                  32                   1              161261
              161319              161377              161378              161379
              161380              161498              161499              161499
              161500                  33                   1              203174
              203236              203298              203299              203300
              203301              203429              203430              203430
              203431                  34                   1              246994
              247083              247172              247173              247174
              247175              247351              247352              247352
              247353                  21                  69   0.00000000000E+00
   2.27385900000E-02   3.37945000000E-02   4.50876200000E-02   5.96466700000E-02
   7.77511800000E-02   1.00068100000E-01   1.25813300000E-01   1.51807700000E-01
   1.72878900000E-01   1.85304000000E-01   1.87376700000E-01   1.80931900000E-01
   1.67979100000E-01   1.51257900000E-01   1.33398500000E-01   1.16541300000E-01
   1.01584800000E-01   8.98771800000E-02   8.89341700000E-02   8.80556100000E-02
   7.92752100000E-02   6.88745600000E-02   5.91591500000E-02   5.09520800000E-02
   4.41510800000E-02   3.85159900000E-02   3.40254900000E-02   3.03280300000E-02
   2.72511300000E-02   2.29663700000E-02   2.14715800000E-02   2.05791600000E-02
   1.93637300000E-02   1.81314700000E-02   1.71005500000E-02   1.64129000000E-02
   1.61495000000E-02   1.61807000000E-02   1.63326200000E-02   1.64808800000E-02
   1.66063800000E-02   1.66921600000E-02   1.68699200000E-02   1.71336900000E-02
   1.73928600000E-02   1.76823100000E-02   1.79389300000E-02   1.81613600000E-02
   1.83787900000E-02   1.85805900000E-02   1.87785700000E-02   1.89660700000E-02
   1.91536800000E-02   1.92917400000E-02   1.96047100000E-02   1.97475200000E-02
   1.98508800000E-02   1.98094600000E-02   1.95331900000E-02   1.90496200000E-02
   1.85256300000E-02   1.80573900000E-02   1.71915600000E-02   1.63828900000E-02
   1.56685300000E-02   1.50113800000E-02   1.44050500000E-02   1.38676300000E-02
                  21                  69   0.00000000000E+00   6.84338400000E-02
   3.77506900000E-01   6.87632400000E-01   8.52121200000E-01   1.00214000000E+00
   1.14317300000E+00   1.27930200000E+00   1.27106400000E+00   1.27020500000E+00
   1.27861200000E+00   1.28790700000E+00   1.30629000000E+00   1.32597500000E+00
   1.34600900000E+00   1.36461300000E+00   1.36309500000E+00   1.36081700000E+00
   1.37459100000E+00   1.54389000000E+00   2.02243000000E+00   2.33908400000E+00
   2.61054900000E+00   2.81079600000E+00   3.02199600000E+00   3.20659300000E+00
   3.39265900000E+00   3.58074400000E+00   3.75622700000E+00   3.92645100000E+00
   4.28585300000E+00   4.79271400000E+00   5.35789400000E+00   5.98253400000E+00
   6.48781300000E+00   6.97961200000E+00   7.49950300000E+00   8.00488800000E+00
   8.60355300000E+00   9.20578200000E+00   9.80892300000E+00   1.04391200000E+01
   1.10306400000E+01   1.16190600000E+01   1.22688500000E+01   1.29052000000E+01
   1.35772600000E+01   1.42411200000E+01   1.48965000000E+01   1.55685100000E+01
   1.62172000000E+01   1.68864500000E+01   1.75720500000E+01   1.82853300000E+01
   1.89794200000E+01   2.07260400000E+01   2.24695700000E+01   2.42277900000E+01
   2.59760000000E+01   2.94287200000E+01   3.30293500000E+01   3.64489700000E+01
   3.98759600000E+01   4.31921600000E+01   4.65228400000E+01   4.97309200000E+01
   5.29864100000E+01   5.60050100000E+01   5.91534600000E+01                   5
                  -1                   1                   6                   5
                   0                  70   1.00000000000E+00   1.08696200000E+01
   1.10000000000E+01   1.15000000000E+01   1.20000000000E+01   1.25000000000E+01
   1.30000000000E+01   1.35000000000E+01   1.40000000000E+01   1.45000000000E+01
   1.50000000000E+01   1.55000000000E+01   1.60000000000E+01   1.65000000000E+01
   1.70000000000E+01   1.75000000000E+01   1.80000000000E+01   1.85000000000E+01
   1.90000000000E+01   1.95000000000E+01   2.00000000000E+01   2.10000000000E+01
   2.20000000000E+01   2.30000000000E+01   2.40000000000E+01   2.50000000000E+01
   2.60000000000E+01   2.70000000000E+01   2.80000000000E+01   2.90000000000E+01
   3.00000000000E+01   3.20000000000E+01   3.40000000000E+01   3.60000000000E+01
   3.80000000000E+01   4.00000000000E+01   4.20000000000E+01   4.40000000000E+01
   4.60000000000E+01   4.80000000000E+01   5.00000000000E+01   5.20000000000E+01
   5.40000000000E+01   5.60000000000E+01   5.80000000000E+01   6.00000000000E+01
   6.20000000000E+01   6.40000000000E+01   6.60000000000E+01   6.80000000000E+01
   7.00000000000E+01   7.20000000000E+01   7.40000000000E+01   7.60000000000E+01
   7.80000000000E+01   8.00000000000E+01   8.50000000000E+01   9.00000000000E+01
   9.50000000000E+01   1.00000000000E+02   1.10000000000E+02   1.20000000000E+02
   1.30000000000E+02   1.40000000000E+02   1.50000000000E+02   1.60000000000E+02
   1.70000000000E+02   1.80000000000E+02   1.90000000000E+02   2.00000000000E+02
   0.00000000000E+00   0.00000000000E+00   8.09795000000E-01   9.23931100000E-01
   9.38532400000E-01   9.40486400000E-01   9.28407200000E-01   9.12498900000E-01
   8.97019800000E-01   8.85181800000E-01   8.78607300000E-01   8.78487400000E-01
   8.78975700000E-01   8.81563000000E-01   8.84962200000E-01   8.88517300000E-01
   8.91062100000E-01   8.93545500000E-01   8.95548100000E-01   9.08172600000E-01
   1.02405500000E+00   1.29200700000E+00   1.44116100000E+00   1.51316300000E+00
   1.53814100000E+00   1.54068800000E+00   1.53021400000E+00   1.51134500000E+00
   1.49567200000E+00   1.47960300000E+00   1.46330600000E+00   1.46107300000E+00
   1.57590500000E+00   1.70138800000E+00   1.76478800000E+00   1.78690300000E+00
   1.79214900000E+00   1.80348500000E+00   1.83918600000E+00   1.89235600000E+00
   1.94760200000E+00   1.99307200000E+00   2.02860400000E+00   2.05396400000E+00
   2.08698800000E+00   2.12840300000E+00   2.16805100000E+00   2.21108600000E+00
   2.25026600000E+00   2.28588500000E+00   2.32198400000E+00   2.35751900000E+00
   2.39421500000E+00   2.43140600000E+00   2.47058700000E+00   2.50543400000E+00
   2.59764500000E+00   2.68061000000E+00   2.77109800000E+00   2.85331400000E+00
   3.01899700000E+00   3.17837700000E+00   3.33514100000E+00   3.47786700000E+00
   3.62568700000E+00   3.76398300000E+00   3.90367100000E+00   4.03889100000E+00
   4.16999100000E+00   4.30459700000E+00                   0                   1
                   0                   4                  10                   0
                   2   1.00000000000E+00   2.00000000000E+02   1.00000000000E+00
   1.00000000000E+00                   0                  30   1.00000000000E+00
   1.08696200000E+01   1.20000000000E+01   1.40000000000E+01   1.60000000000E+01
   1.80000000000E+01   2.00000000000E+01   2.20000000000E+01   2.40000000000E+01
   2.60000000000E+01   2.80000000000E+01   3.00000000000E+01   3.20000000000E+01
   3.60000000000E+01   4.00000000000E+01   4.40000000000E+01   4.80000000000E+01
   5.00000000000E+01   5.20000000000E+01   5.60000000000E+01   6.00000000000E+01
   7.00000000000E+01   8.00000000000E+01   9.00000000000E+01   1.00000000000E+02
   1.20000000000E+02   1.40000000000E+02   1.60000000000E+02   1.80000000000E+02
   2.00000000000E+02                  72                  83                  94
                 135                 434                 986                1659
                2571                3587                4681                5840
                7064                8340                9655               11048
               12715               14442               16214               18001
               19818               21665               23542               25737
               27983               30531               33117               36017
               39239               42507               45798                   2
                   3   0.00000000000E+00   5.00000000000E-07   1.00000000000E-06
   0.00000000000E+00   2.00000000000E+06   0.00000000000E+00   0.00000000000E+00
   5.00000000000E-01   1.00000000000E+00                   2                   3
   0.00000000000E+00   5.00000000000E-07   1.00000000000E-06   0.00000000000E+00
   2.00000000000E+06   0.00000000000E+00   0.00000000000E+00   5.00000000000E-01
   1.00000000000E+00                   2                  13   0.00000000000E+00
   2.50000000000E-02   1.00000000000E-01   2.00000000000E-01   3.00000000000E-01
   4.00000000000E-01   5.00000000000E-01   6.00000000000E-01   7.00000000000E-01
   8.00000000000E-01   9.00000000000E-01   1.00000000000E+00   1.10000000000E+00
   0.00000000000E+00   3.08445900000E-02   1.19741600000E-01   5.05257000000E-04
   6.65200600000E-03   2.15925300000E+00   2.19339400000E+00   8.89600000000E-05
   4.14180000000E-05   1.36219000000E-05   3.34821300000E+00   4.89725700000E-01
   3.36383400000E+00   0.00000000000E+00   3.85557369000E-04   6.03253940000E-03
   1.20448822000E-02   1.24027453000E-02   1.20697994000E-01   3.38330340000E-01
   4.48004487000E-01   4.48011006000E-01   4.48013758000E-01   6.15425086000E-01
   8.07322018000E-01   1.00000000000E+00                   2                  33
   0.00000000000E+00   2.50000000000E-02   1.00000000000E-01   2.00000000000E-01
   3.00000000000E-01   4.00000000000E-01   5.00000000000E-01   6.00000000000E-01
   7.00000000000E-01   8.00000000000E-01   9.00000000000E-01   1.00000000000E+00
   1.10000000000E+00   1.20000000000E+00   1.30000000000E+00   1.40000000000E+00
   1.50000000000E+00   1.60000000000E+00   1.70000000000E+00   1.80000000000E+00
   1.90000000000E+00   2.00000000000E+00   2.10000000000E+00   2.20000000000E+00
   2.30000000000E+00   2.40000000000E+00   2.50000000000E+00   2.60000000000E+00
   2.70000000000E+00   2.80000000000E+00   2.90000000000E+00   3.00000000000E+00
   3.10000000000E+00   0.00000000000E+00   6.22034900000E-02   2.32809300000E-01
   3.77942200000E-01   4.46088400000E-01   4.71738000000E-01   4.74980500000E-01
   4.66599000000E-01   4.52483500000E-01   4.35504200000E-01   4.17382300000E-01
   3.98691300000E-01   3.79655100000E-01   3.60343000000E-01   3.40876300000E-01
   3.21318900000E-01   3.01776100000E-01   2.82373500000E-01   2.63247100000E-01
   2.44532200000E-01   2.26352600000E-01   5.33479700000E-01   1.14709000000E-04
   7.66029000000E-05   9.14886400000E-02   7.42103500000E-01   6.05306100000E-01
   8.65812000000E-06   3.79569000000E-06   1.33150000000E-06   6.68970000000E-01
   2.33109900000E-01   4.57285500000E-01   0.00000000000E+00   7.77543643000E-04
   1.18405235000E-02   4.23780992000E-02   8.35796302000E-02   1.29470951000E-01
   1.76806877000E-01   2.23885853000E-01   2.69839979000E-01   3.14239365000E-01
   3.56883691000E-01   3.97687372000E-01   4.36604693000E-01   4.73604599000E-01
   5.08665565000E-01   5.41775326000E-01   5.72930076000E-01   6.02137557000E-01
   6.29418588000E-01   6.54807553000E-01   6.78351794000E-01   7.16343410000E-01
   7.43023131000E-01   7.43032696000E-01   7.47610959000E-01   7.89290567000E-01
   8.56661048000E-01   8.86926787000E-01   8.86927409000E-01   8.86927666000E-01
   9.20376233000E-01   9.65480229000E-01   1.00000000000E+00                   0
                   0                   0                   0                   0
                   0                   0                   0                   0
                   0                   0                   0                   0
                   0                   0                   0                   0
                   0                   0                   0                   0
                   0                   0                   0                   0
                   0                   0                   0                   0
                   0                   0                   0                   0
                   0                   0                   0                   0
                   0                   0                   0                   0
                   0                   0                   0                   0
                   0                   0                   0                   0
                   0                   0                   0                   0
                   0                   0                   0                   0
                   0                   0                   0                   0
                   0                   0                   0                   0
                   0                   0                   0                   0
                   0                   0                   0                   0
                   0                   0                   0                   0
                   0                   0                   0                   0
                   0                   0                   0                   0
                   0                   0                   0                   0
                   0                   0                   0                   0
                   0                   0                   0                   0
                   0                   0                   0                   0
                   0                   0                   0                   0
                   0                   0                   0                   0
                   0                   0                   0                   0
                   0                   0                   0                   0
                   0                   0                   0                   0
                   0                   0                   0                   0
                   0                   0                   0                   0
                   0
