 48108.00u  106.977200  0.0000E+00   06/19/20
Ace Cd108 IAEA-PD                                                        mat4831
      0         0.      0         0.      0         0.      0         0.
      0         0.      0         0.      0         0.      0         0.
      0         0.      0         0.      0         0.      0         0.
      0         0.      0         0.      0         0.      0         0.
   310235    48108       89        1        7        2       12        0
        0        0        0        0        0        0        0        1
        1       90       90        0      179      268      269      270
      271      362      446        0        0        0        0        0
        0        0        0        0        0        0        0        0
        0        0        0        0        0        0        0        0
   9.99999000000E-01   1.00000000000E+00   1.50000000000E+00   2.00000000000E+00
   2.50000000000E+00   3.00000000000E+00   3.50000000000E+00   4.00000000000E+00
   4.50000000000E+00   5.00000000000E+00   5.50000000000E+00   6.00000000000E+00
   6.50000000000E+00   7.00000000000E+00   7.50000000000E+00   8.00000000000E+00
   8.50000000000E+00   9.00000000000E+00   9.50000000000E+00   1.00000000000E+01
   1.05000000000E+01   1.10000000000E+01   1.15000000000E+01   1.20000000000E+01
   1.25000000000E+01   1.30000000000E+01   1.35000000000E+01   1.40000000000E+01
   1.45000000000E+01   1.50000000000E+01   1.55000000000E+01   1.60000000000E+01
   1.65000000000E+01   1.70000000000E+01   1.75000000000E+01   1.80000000000E+01
   1.85000000000E+01   1.90000000000E+01   1.95000000000E+01   2.00000000000E+01
   2.10000000000E+01   2.20000000000E+01   2.30000000000E+01   2.40000000000E+01
   2.50000000000E+01   2.60000000000E+01   2.70000000000E+01   2.80000000000E+01
   2.90000000000E+01   3.00000000000E+01   3.20000000000E+01   3.40000000000E+01
   3.60000000000E+01   3.80000000000E+01   4.00000000000E+01   4.20000000000E+01
   4.40000000000E+01   4.60000000000E+01   4.80000000000E+01   5.00000000000E+01
   5.20000000000E+01   5.40000000000E+01   5.60000000000E+01   5.80000000000E+01
   6.00000000000E+01   6.20000000000E+01   6.40000000000E+01   6.60000000000E+01
   6.80000000000E+01   7.00000000000E+01   7.20000000000E+01   7.40000000000E+01
   7.60000000000E+01   7.80000000000E+01   8.00000000000E+01   8.50000000000E+01
   9.00000000000E+01   9.50000000000E+01   1.00000000000E+02   1.10000000000E+02
   1.20000000000E+02   1.30000000000E+02   1.40000000000E+02   1.50000000000E+02
   1.60000000000E+02   1.70000000000E+02   1.80000000000E+02   1.90000000000E+02
   2.00000000000E+02   0.00000000000E+00   1.28389500000E-05   3.63247400000E-05
   7.85715100000E-05   1.46186300000E-04   2.47057300000E-04   3.90844100000E-04
   5.89650200000E-04   8.58964200000E-04   1.21897700000E-03   1.69632000000E-03
   2.32596600000E-03   3.15198500000E-03   4.22322800000E-03   5.57693700000E-03
   7.21385300000E-03   9.11446400000E-03   1.13440700000E-02   1.41283800000E-02
   1.77989200000E-02   2.27436300000E-02   2.94393200000E-02   3.85156200000E-02
   5.08052200000E-02   6.73394800000E-02   8.91784700000E-02   1.16775900000E-01
   1.48519500000E-01   1.79309300000E-01   2.02292000000E-01   2.13710000000E-01
   2.14072900000E-01   2.05251300000E-01   1.89502100000E-01   1.69845600000E-01
   1.49343900000E-01   1.30131600000E-01   1.13218400000E-01   9.88244900000E-02
   8.67680900000E-02   6.81662500000E-02   5.50730100000E-02   4.56120500000E-02
   3.85728000000E-02   3.31905400000E-02   2.89759800000E-02   2.56086000000E-02
   2.28728000000E-02   2.06196500000E-02   1.87436600000E-02   1.58363200000E-02
   1.37397600000E-02   1.22084700000E-02   1.10840800000E-02   1.02581200000E-02
   9.65309800000E-03   9.21211500000E-03   8.89278200000E-03   8.66324900000E-03
   8.49949800000E-03   8.38339100000E-03   8.30122900000E-03   8.24267300000E-03
   8.19993400000E-03   8.16715500000E-03   8.13995400000E-03   8.11507000000E-03
   8.09009600000E-03   8.06328100000E-03   8.03337500000E-03   7.99951400000E-03
   7.96112900000E-03   7.91788000000E-03   7.86960100000E-03   7.81626300000E-03
   7.66145000000E-03   7.47865100000E-03   7.27247700000E-03   7.04831300000E-03
   6.56875200000E-03   6.08498600000E-03   5.63951600000E-03   5.27142700000E-03
   4.81407800000E-03   4.41908700000E-03   4.07517100000E-03   3.77355100000E-03
   3.50729400000E-03   3.27086700000E-03   0.00000000000E+00   1.00000000000E+00
   9.75934400000E-01   9.51869500000E-01   9.27804700000E-01   9.03739800000E-01
   8.79675000000E-01   4.89677500000E-01   4.73306900000E-01   4.55664300000E-01
   4.45409400000E-01   4.36879200000E-01   4.27113300000E-01   3.99488800000E-01
   3.48843100000E-01   2.75166100000E-01   2.63854300000E-01   2.40698400000E-01
   2.03242000000E-01   1.52382700000E-01   9.05370300000E+00   9.05141400000E+00
   9.43434800000E+00   1.01729400000E+01   1.02519000000E+01   1.02780500000E+01
   1.02634500000E+01   1.02163200000E+01   1.02657700000E+01   1.03000200000E+01
   1.03270200000E+01   1.03267000000E+01   1.03641300000E+01   1.03860000000E+01
   1.03888100000E+01   1.03714300000E+01   1.08158000000E+01   1.18888200000E+01
   1.30666100000E+01   1.40323200000E+01   1.54745700000E+01   1.63175200000E+01
   1.66768900000E+01   1.71114300000E+01   1.73628400000E+01   1.76284100000E+01
   1.79052800000E+01   1.81940600000E+01   1.84541700000E+01   1.87662000000E+01
   2.09563100000E+01   2.32848600000E+01   2.53039200000E+01   2.65188600000E+01
   2.76658600000E+01   2.88996000000E+01   3.01153300000E+01   3.16141500000E+01
   3.31276000000E+01   3.45477900000E+01   3.58502900000E+01   3.71431400000E+01
   3.84386800000E+01   3.98437200000E+01   4.12335600000E+01   4.25816000000E+01
   4.38874200000E+01   4.52046700000E+01   4.65156700000E+01   4.78072900000E+01
   4.91314000000E+01   5.04214600000E+01   5.17178300000E+01   5.30110500000E+01
   5.42685300000E+01   5.74602400000E+01   6.06115600000E+01   6.36950000000E+01
   6.68777600000E+01   7.32008300000E+01   7.93745800000E+01   8.57709400000E+01
   9.19905800000E+01   9.85353800000E+01   1.04875100000E+02   1.11442700000E+02
   1.18002400000E+02   1.24579000000E+02   1.31199400000E+02                   5
   0.00000000000E+00                   1                   1                  89
   0.00000000000E+00   1.28389500000E-05   3.63247400000E-05   7.85715100000E-05
   1.46186300000E-04   2.47057300000E-04   3.90844100000E-04   5.89650200000E-04
   8.58964200000E-04   1.21897700000E-03   1.69632000000E-03   2.32596600000E-03
   3.15198500000E-03   4.22322800000E-03   5.57693700000E-03   7.21385300000E-03
   9.11446400000E-03   1.13440700000E-02   1.41283800000E-02   1.77989200000E-02
   2.27436300000E-02   2.94393200000E-02   3.85156200000E-02   5.08052200000E-02
   6.73394800000E-02   8.91784700000E-02   1.16775900000E-01   1.48519500000E-01
   1.79309300000E-01   2.02292000000E-01   2.13710000000E-01   2.14072900000E-01
   2.05251300000E-01   1.89502100000E-01   1.69845600000E-01   1.49343900000E-01
   1.30131600000E-01   1.13218400000E-01   9.88244900000E-02   8.67680900000E-02
   6.81662500000E-02   5.50730100000E-02   4.56120500000E-02   3.85728000000E-02
   3.31905400000E-02   2.89759800000E-02   2.56086000000E-02   2.28728000000E-02
   2.06196500000E-02   1.87436600000E-02   1.58363200000E-02   1.37397600000E-02
   1.22084700000E-02   1.10840800000E-02   1.02581200000E-02   9.65309800000E-03
   9.21211500000E-03   8.89278200000E-03   8.66324900000E-03   8.49949800000E-03
   8.38339100000E-03   8.30122900000E-03   8.24267300000E-03   8.19993400000E-03
   8.16715500000E-03   8.13995400000E-03   8.11507000000E-03   8.09009600000E-03
   8.06328100000E-03   8.03337500000E-03   7.99951400000E-03   7.96112900000E-03
   7.91788000000E-03   7.86960100000E-03   7.81626300000E-03   7.66145000000E-03
   7.47865100000E-03   7.27247700000E-03   7.04831300000E-03   6.56875200000E-03
   6.08498600000E-03   5.63951600000E-03   5.27142700000E-03   4.81407800000E-03
   4.41908700000E-03   4.07517100000E-03   3.77355100000E-03   3.50729400000E-03
   3.27086700000E-03                   1                   1                 446
                 518                 590                 591                 592
                 593                 739                 740                 740
                 741                   2                   1               50560
               50651               50742               50743               50744
               50745               50917               50918               50918
               50919                   9                   1               64583
               64659               64735               64736               64737
               64738               64892               64893               64893
               64894                  31                   1              117662
              117724              117786              117787              117788
              117789              117913              117914              117914
              117915                  32                   1              161066
              161124              161182              161183              161184
              161185              161303              161304              161304
              161305                  33                   1              203083
              203142              203201              203202              203203
              203204              203326              203327              203327
              203328                  34                   1              245845
              245931              246017              246018              246019
              246020              246194              246195              246195
              246196                  20                  70   0.00000000000E+00
   1.90353600000E-02   2.84683100000E-02   3.77409200000E-02   4.98132900000E-02
   6.60013400000E-02   8.74035000000E-02   1.14466800000E-01   1.45600400000E-01
   1.75795400000E-01   1.98346200000E-01   2.09583600000E-01   2.10026000000E-01
   2.01486100000E-01   1.86040800000E-01   1.66762000000E-01   1.46575400000E-01
   1.29360900000E-01   1.27145300000E-01   1.28190900000E-01   1.24170800000E-01
   1.09106400000E-01   9.31818300000E-02   7.92863800000E-02   6.77818600000E-02
   5.85632100000E-02   5.09821400000E-02   4.48884700000E-02   3.98565900000E-02
   3.57116300000E-02   3.24151200000E-02   2.94409400000E-02   2.77437400000E-02
   2.57711300000E-02   2.38684800000E-02   2.23056300000E-02   2.13348200000E-02
   2.09027300000E-02   2.07916000000E-02   2.07832600000E-02   2.07937500000E-02
   2.07626000000E-02   2.07831800000E-02   2.09091900000E-02   2.11699100000E-02
   2.14835300000E-02   2.17805100000E-02   2.20460500000E-02   2.22555000000E-02
   2.24517700000E-02   2.26388900000E-02   2.28412900000E-02   2.30579000000E-02
   2.32528500000E-02   2.34139600000E-02   2.35628700000E-02   2.38102500000E-02
   2.39535400000E-02   2.40417800000E-02   2.39272100000E-02   2.35549200000E-02
   2.29468500000E-02   2.22606400000E-02   2.17161000000E-02   2.06063600000E-02
   1.96463500000E-02   1.87692900000E-02   1.79461500000E-02   1.72185400000E-02
   1.65303200000E-02                  20                  70   0.00000000000E+00
   7.51082400000E-02   3.47332600000E-01   6.15975200000E-01   8.80524900000E-01
   9.82418700000E-01   1.08458900000E+00   1.18694900000E+00   1.28932200000E+00
   1.31791200000E+00   1.34655300000E+00   1.37534700000E+00   1.40444800000E+00
   1.43098700000E+00   1.45684100000E+00   1.48274500000E+00   1.50789900000E+00
   1.48978200000E+00   1.64064300000E+00   1.84612900000E+00   1.98272500000E+00
   2.39769700000E+00   2.72495300000E+00   2.99040200000E+00   3.21598400000E+00
   3.46997700000E+00   3.70027300000E+00   3.91998500000E+00   4.12907600000E+00
   4.31443500000E+00   4.51832200000E+00   5.00926900000E+00   5.73576300000E+00
   6.30457800000E+00   6.90030600000E+00   7.44114100000E+00   7.96794700000E+00
   8.59563200000E+00   9.22878400000E+00   9.85103100000E+00   1.04863800000E+01
   1.11201600000E+01   1.17278900000E+01   1.23757700000E+01   1.30163900000E+01
   1.36911700000E+01   1.43928800000E+01   1.50862100000E+01   1.57557100000E+01
   1.64325100000E+01   1.71220000000E+01   1.77888700000E+01   1.84911400000E+01
   1.92025700000E+01   1.99134100000E+01   2.06420500000E+01   2.23976500000E+01
   2.42347900000E+01   2.60923200000E+01   2.79015200000E+01   3.14558800000E+01
   3.51656600000E+01   3.86831000000E+01   4.23280600000E+01   4.56936400000E+01
   4.92378500000E+01   5.25755400000E+01   5.59048400000E+01   5.91603300000E+01
   6.23938600000E+01                   5                  -1                   1
                   6                   5                   0                  71
   1.00000000000E+00   1.03334700000E+01   1.05000000000E+01   1.10000000000E+01
   1.15000000000E+01   1.20000000000E+01   1.25000000000E+01   1.30000000000E+01
   1.35000000000E+01   1.40000000000E+01   1.45000000000E+01   1.50000000000E+01
   1.55000000000E+01   1.60000000000E+01   1.65000000000E+01   1.70000000000E+01
   1.75000000000E+01   1.80000000000E+01   1.85000000000E+01   1.90000000000E+01
   1.95000000000E+01   2.00000000000E+01   2.10000000000E+01   2.20000000000E+01
   2.30000000000E+01   2.40000000000E+01   2.50000000000E+01   2.60000000000E+01
   2.70000000000E+01   2.80000000000E+01   2.90000000000E+01   3.00000000000E+01
   3.20000000000E+01   3.40000000000E+01   3.60000000000E+01   3.80000000000E+01
   4.00000000000E+01   4.20000000000E+01   4.40000000000E+01   4.60000000000E+01
   4.80000000000E+01   5.00000000000E+01   5.20000000000E+01   5.40000000000E+01
   5.60000000000E+01   5.80000000000E+01   6.00000000000E+01   6.20000000000E+01
   6.40000000000E+01   6.60000000000E+01   6.80000000000E+01   7.00000000000E+01
   7.20000000000E+01   7.40000000000E+01   7.60000000000E+01   7.80000000000E+01
   8.00000000000E+01   8.50000000000E+01   9.00000000000E+01   9.50000000000E+01
   1.00000000000E+02   1.10000000000E+02   1.20000000000E+02   1.30000000000E+02
   1.40000000000E+02   1.50000000000E+02   1.60000000000E+02   1.70000000000E+02
   1.80000000000E+02   1.90000000000E+02   2.00000000000E+02   0.00000000000E+00
   0.00000000000E+00   8.36953500000E-01   9.67016600000E-01   9.79886100000E-01
   9.80475800000E-01   9.80128400000E-01   9.80096400000E-01   9.80226200000E-01
   9.80345300000E-01   9.80403100000E-01   9.80494500000E-01   9.80691600000E-01
   9.81095700000E-01   9.81655700000E-01   9.81734800000E-01   9.81844700000E-01
   9.81462200000E-01   9.94077500000E-01   1.12300900000E+00   1.29715700000E+00
   1.43106500000E+00   1.60059300000E+00   1.69196900000E+00   1.73827700000E+00
   1.75724500000E+00   1.76445500000E+00   1.75946200000E+00   1.75286700000E+00
   1.74253200000E+00   1.73192200000E+00   1.72939100000E+00   1.85907700000E+00
   2.01923000000E+00   2.11092200000E+00   2.15340200000E+00   2.17443600000E+00
   2.21015300000E+00   2.26904800000E+00   2.33803100000E+00   2.39901500000E+00
   2.44646800000E+00   2.47663500000E+00   2.50362700000E+00   2.53670000000E+00
   2.58171700000E+00   2.63047900000E+00   2.67575300000E+00   2.71668000000E+00
   2.75095600000E+00   2.78444600000E+00   2.81810400000E+00   2.85533500000E+00
   2.89631000000E+00   2.93675200000E+00   2.97524100000E+00   3.01459500000E+00
   3.10779900000E+00   3.20292300000E+00   3.30585900000E+00   3.39474300000E+00
   3.58590500000E+00   3.77106000000E+00   3.94726100000E+00   4.11958700000E+00
   4.28043800000E+00   4.44579400000E+00   4.60576700000E+00   4.75577200000E+00
   4.90935200000E+00   5.05380400000E+00                   0                   1
                   0                   4                  10                   0
                   2   1.00000000000E+00   2.00000000000E+02   1.00000000000E+00
   1.00000000000E+00                   0                  30   1.00000000000E+00
   1.03334700000E+01   1.20000000000E+01   1.40000000000E+01   1.60000000000E+01
   1.80000000000E+01   2.00000000000E+01   2.20000000000E+01   2.40000000000E+01
   2.60000000000E+01   2.80000000000E+01   3.00000000000E+01   3.20000000000E+01
   3.60000000000E+01   4.00000000000E+01   4.40000000000E+01   4.80000000000E+01
   5.00000000000E+01   5.20000000000E+01   5.60000000000E+01   6.00000000000E+01
   7.00000000000E+01   8.00000000000E+01   9.00000000000E+01   1.00000000000E+02
   1.20000000000E+02   1.40000000000E+02   1.60000000000E+02   1.80000000000E+02
   2.00000000000E+02                  72                  95                 118
                 253                 606                1213                1941
                2757                3825                4958                6156
                7419                8721               10075               11494
               13191               14948               16750               18567
               20399               22261               24153               26365
               28628               31195               33781               36702
               39947               43215               46506                   2
                   3   0.00000000000E+00   5.00000000000E-07   1.00000000000E-06
   0.00000000000E+00   2.00000000000E+06   0.00000000000E+00   0.00000000000E+00
   5.00000000000E-01   1.00000000000E+00                   0                   0
                   0                   0                   0                   0
                   0                   0                   0                   0
                   0                   0                   2                   3
   0.00000000000E+00   5.00000000000E-07   1.00000000000E-06   0.00000000000E+00
   2.00000000000E+06   0.00000000000E+00   0.00000000000E+00   5.00000000000E-01
   1.00000000000E+00                   0                   0                   0
                   0                   0                   0                   0
                   0                   0                   0                   0
                   0                   2                  19   0.00000000000E+00
   2.50000000000E-02   1.00000000000E-01   2.00000000000E-01   3.00000000000E-01
   4.00000000000E-01   5.00000000000E-01   6.00000000000E-01   7.00000000000E-01
   8.00000000000E-01   9.00000000000E-01   1.00000000000E+00   1.10000000000E+00
   1.20000000000E+00   1.30000000000E+00   1.40000000000E+00   1.50000000000E+00
   1.60000000000E+00   1.70000000000E+00   0.00000000000E+00   6.85302700000E-02
   2.72913200000E-01   4.42888300000E-01   5.23327300000E-01   5.53728400000E-01
   3.64135800000E-01   1.19219200000E-01   1.02377900000E+00   1.92565800000E+00
   3.19645300000E-02   1.04244000000E+00   3.49187000000E-05   1.17437100000E+00
   1.87350400000E+00   2.85038000000E-06   2.31192200000E-01   8.72602000000E-08
   8.41380200000E-01   0.00000000000E+00   8.56628386000E-04   1.36607587000E-02
   4.94508341000E-02   9.77616148000E-02   1.51614400000E-01   1.97507611000E-01
   2.21675361000E-01   2.78825272000E-01   4.26297124000E-01   5.24178252000E-01
   5.77898479000E-01   6.30022226000E-01   6.88742522000E-01   8.41136274000E-01
   9.34811618000E-01   9.46371371000E-01   9.57930985000E-01   1.00000000000E+00
                   0                   0                   0                   0
                   0                   0                   0                   0
                   0                   0                   0                   0
                   0                   0                   0                   0
                   0                   0                   0                   0
                   0                   0                   0                   0
                   0                   0                   0                   0
                   0                   0                   0                   0
                   0                   0                   0                   0
                   0                   0                   0                   0
                   0                   0                   0                   0
                   0                   0                   0                   0
                   0                   0                   0                   0
                   0                   0                   0                   0
                   0                   0                   0                   0
                   0                   0                   0                   0
                   0                   0                   0                   0
                   0                   0                   0                   0
                   0                   0                   0                   0
                   2                  39                   0                   0
                   0                   0                   0                   0
                   1                   1   7.00000000000E-01                   1
                   1                   1                   1                   1
                   1                   1                   2                   2
   1.70000000000E+00   1.80000000000E+00   1.90000000000E+00   2.00000000000E+00
                   2                   2   2.30000000000E+00   2.40000000000E+00
                   3                   3   2.70000000000E+00   2.80000000000E+00
   2.90000000000E+00   3.00000000000E+00   3.10000000000E+00   3.20000000000E+00
   3.30000000000E+00   3.40000000000E+00   3.50000000000E+00   3.60000000000E+00
   3.70000000000E+00   0.00000000000E+00   6.62598400000E-02   2.59748100000E-01
   4.20040900000E-01   4.95886200000E-01   5.24558800000E-01   5.28122700000E-01
   5.19479000000E-01   5.04653300000E-01   4.86500700000E-01   4.66677500000E-01
   4.45913000000E-01   4.24595900000E-01   4.02875000000E-01   3.80885000000E-01
   3.58780100000E-01   3.36710800000E-01   3.14842000000E-01   2.93344100000E-01
   2.72379000000E-01   2.52090000000E-01   2.32595800000E-01   2.13987000000E-01
   1.96326400000E-01   1.79651100000E-01   1.63975100000E-01   1.39062700000E-01
   9.00768200000E-02   2.18205400000E-01   2.26990900000E-01   2.56289300000E-02
   1.24564700000E-01   2.74061000000E-06   1.53743800000E-01   2.33045700000E-01
   2.45485000000E-07   5.85743300000E-02   7.96640000000E-09   1.09649800000E-01
   0.00000000000E+00   8.28247993000E-04   1.30535456000E-02   4.70429954000E-02
   9.28393500000E-02   1.43861600000E-01   1.96495674000E-01   2.48875759000E-01
   3.00082373000E-01   3.49640073000E-01   3.97298983000E-01   4.42928507000E-01
   4.86453952000E-01   5.27827496000E-01   5.67015496000E-01   6.03998751000E-01
                   1                   1                   1                   1
                   1                   1                   1                   1
   8.42147819000E-01   8.59329129000E-01                   1                   1
                   1                   1                   1                   1
                   1   9.57668292000E-01   9.77007767000E-01                   1
                   1                   1                   1                   0
                   0                   0                   0                   0
                   0                   0                   0                   0
                   0                   0                   0                   0
                   0                   0                   0                   0
                   0                   0                   0                   0
