 48111.00u  109.951500  0.0000E+00   05/27/20
Ace Cd111 IAEA-PD                                                        mat4840
      0         0.      0         0.      0         0.      0         0.
      0         0.      0         0.      0         0.      0         0.
      0         0.      0         0.      0         0.      0         0.
      0         0.      0         0.      0         0.      0         0.
   320966    48111       89        1        7        2       12        0
        0        0        0        0        0        0        0        1
        1       90       90        0      179      268      269      270
      271      362      446        0        0        0        0        0
        0        0        0        0        0        0        0        0
        0        0        0        0        0        0        0        0
   9.99999000000E-01   1.00000000000E+00   1.50000000000E+00   2.00000000000E+00
   2.50000000000E+00   3.00000000000E+00   3.50000000000E+00   4.00000000000E+00
   4.50000000000E+00   5.00000000000E+00   5.50000000000E+00   6.00000000000E+00
   6.50000000000E+00   7.00000000000E+00   7.50000000000E+00   8.00000000000E+00
   8.50000000000E+00   9.00000000000E+00   9.50000000000E+00   1.00000000000E+01
   1.05000000000E+01   1.10000000000E+01   1.15000000000E+01   1.20000000000E+01
   1.25000000000E+01   1.30000000000E+01   1.35000000000E+01   1.40000000000E+01
   1.45000000000E+01   1.50000000000E+01   1.55000000000E+01   1.60000000000E+01
   1.65000000000E+01   1.70000000000E+01   1.75000000000E+01   1.80000000000E+01
   1.85000000000E+01   1.90000000000E+01   1.95000000000E+01   2.00000000000E+01
   2.10000000000E+01   2.20000000000E+01   2.30000000000E+01   2.40000000000E+01
   2.50000000000E+01   2.60000000000E+01   2.70000000000E+01   2.80000000000E+01
   2.90000000000E+01   3.00000000000E+01   3.20000000000E+01   3.40000000000E+01
   3.60000000000E+01   3.80000000000E+01   4.00000000000E+01   4.20000000000E+01
   4.40000000000E+01   4.60000000000E+01   4.80000000000E+01   5.00000000000E+01
   5.20000000000E+01   5.40000000000E+01   5.60000000000E+01   5.80000000000E+01
   6.00000000000E+01   6.20000000000E+01   6.40000000000E+01   6.60000000000E+01
   6.80000000000E+01   7.00000000000E+01   7.20000000000E+01   7.40000000000E+01
   7.60000000000E+01   7.80000000000E+01   8.00000000000E+01   8.50000000000E+01
   9.00000000000E+01   9.50000000000E+01   1.00000000000E+02   1.10000000000E+02
   1.20000000000E+02   1.30000000000E+02   1.40000000000E+02   1.50000000000E+02
   1.60000000000E+02   1.70000000000E+02   1.80000000000E+02   1.90000000000E+02
   2.00000000000E+02   0.00000000000E+00   1.51579800000E-05   4.29110600000E-05
   9.29651800000E-05   1.73402500000E-04   2.94070600000E-04   4.67310700000E-04
   7.08987400000E-04   1.03997900000E-03   1.48834100000E-03   2.09233500000E-03
   2.90419000000E-03   3.99321500000E-03   5.44378200000E-03   7.34150000000E-03
   9.76015600000E-03   1.28177300000E-02   1.68066400000E-02   2.20803000000E-02
   2.83794800000E-02   3.46062900000E-02   4.08452000000E-02   4.90697000000E-02
   6.12102100000E-02   7.86403500000E-02   1.02300000000E-01   1.31855200000E-01
   1.63840300000E-01   1.91323200000E-01   2.08508400000E-01   2.15087500000E-01
   2.13264200000E-01   2.04163700000E-01   1.88853600000E-01   1.69696500000E-01
   1.49553600000E-01   1.30555500000E-01   1.13755300000E-01   9.94123100000E-02
   8.73710200000E-02   6.87451100000E-02   5.56045200000E-02   4.60935300000E-02
   3.90081600000E-02   3.35854700000E-02   2.93362700000E-02   2.59395100000E-02
   2.31789200000E-02   2.09049000000E-02   1.90113300000E-02   1.60766600000E-02
   1.39605400000E-02   1.24151400000E-02   1.12805300000E-02   1.04471900000E-02
   9.83687500000E-03   9.39216800000E-03   9.07028000000E-03   8.83905600000E-03
   8.67424300000E-03   8.55751500000E-03   8.47502800000E-03   8.41633100000E-03
   8.37354600000E-03   8.34075000000E-03   8.31351000000E-03   8.28852500000E-03
   8.26336300000E-03   8.23625400000E-03   8.20593400000E-03   8.17153100000E-03
   8.13247300000E-03   8.08841800000E-03   8.03920400000E-03   7.98480200000E-03
   7.82681000000E-03   7.64016700000E-03   7.42960900000E-03   7.20064900000E-03
   6.71077600000E-03   6.21657700000E-03   5.76148800000E-03   5.38544500000E-03
   4.91820900000E-03   4.51467600000E-03   4.16332300000E-03   3.85517900000E-03
   3.58316300000E-03   3.34162100000E-03   0.00000000000E+00   1.00000000000E+00
   7.24052400000E-01   1.86546300000E-01   1.86224100000E-01   1.89259000000E-01
   1.81495500000E-01   1.48183000000E-01   1.94887600000E-01   2.06169100000E-01
   1.77680700000E-01   1.09157200000E-01   1.10886100000E+00   5.47721200000E+00
   6.92318500000E+00   6.86541900000E+00   7.07466100000E+00   6.95893200000E+00
   6.73074000000E+00   6.88228400000E+00   7.00323200000E+00   7.04601600000E+00
   6.99594600000E+00   6.88109700000E+00   6.88942200000E+00   6.89982000000E+00
   6.91264400000E+00   6.92392400000E+00   6.94395700000E+00   6.97083700000E+00
   6.98878500000E+00   6.99912800000E+00   7.28372100000E+00   7.52371700000E+00
   8.34483100000E+00   9.18323000000E+00   9.99705000000E+00   1.06892600000E+01
   1.12968100000E+01   1.18620300000E+01   1.25033400000E+01   1.31284000000E+01
   1.36066300000E+01   1.40862900000E+01   1.45562500000E+01   1.50299900000E+01
   1.56494700000E+01   1.62482900000E+01   1.68816400000E+01   1.74972800000E+01
   1.87342500000E+01   1.98826900000E+01   2.10065800000E+01   2.21937000000E+01
   2.33863400000E+01   2.46731200000E+01   2.59355500000E+01   2.71750700000E+01
   2.83844200000E+01   2.95635700000E+01   3.07202600000E+01   3.19223300000E+01
   3.30963400000E+01   3.41848400000E+01   3.53194400000E+01   3.64493300000E+01
   3.75690000000E+01   3.87069000000E+01   3.98937300000E+01   4.10019100000E+01
   4.21512200000E+01   4.32796600000E+01   4.43998500000E+01   4.53709700000E+01
   4.64972200000E+01   4.92632100000E+01   5.19732900000E+01   5.46385200000E+01
   5.73414500000E+01   6.27570700000E+01   6.79665200000E+01   7.34028900000E+01
   7.86141800000E+01   8.44431700000E+01   8.95815900000E+01   9.51156600000E+01
   1.00594200000E+02   1.06181800000E+02   1.11705600000E+02                   5
   0.00000000000E+00                   1                   1                  89
   0.00000000000E+00   1.51579800000E-05   4.29110600000E-05   9.29651800000E-05
   1.73402500000E-04   2.94070600000E-04   4.67310700000E-04   7.08987400000E-04
   1.03997900000E-03   1.48834100000E-03   2.09233500000E-03   2.90419000000E-03
   3.99321500000E-03   5.44378200000E-03   7.34150000000E-03   9.76015600000E-03
   1.28177300000E-02   1.68066400000E-02   2.20803000000E-02   2.83794800000E-02
   3.46062900000E-02   4.08452000000E-02   4.90697000000E-02   6.12102100000E-02
   7.86403500000E-02   1.02300000000E-01   1.31855200000E-01   1.63840300000E-01
   1.91323200000E-01   2.08508400000E-01   2.15087500000E-01   2.13264200000E-01
   2.04163700000E-01   1.88853600000E-01   1.69696500000E-01   1.49553600000E-01
   1.30555500000E-01   1.13755300000E-01   9.94123100000E-02   8.73710200000E-02
   6.87451100000E-02   5.56045200000E-02   4.60935300000E-02   3.90081600000E-02
   3.35854700000E-02   2.93362700000E-02   2.59395100000E-02   2.31789200000E-02
   2.09049000000E-02   1.90113300000E-02   1.60766600000E-02   1.39605400000E-02
   1.24151400000E-02   1.12805300000E-02   1.04471900000E-02   9.83687500000E-03
   9.39216800000E-03   9.07028000000E-03   8.83905600000E-03   8.67424300000E-03
   8.55751500000E-03   8.47502800000E-03   8.41633100000E-03   8.37354600000E-03
   8.34075000000E-03   8.31351000000E-03   8.28852500000E-03   8.26336300000E-03
   8.23625400000E-03   8.20593400000E-03   8.17153100000E-03   8.13247300000E-03
   8.08841800000E-03   8.03920400000E-03   7.98480200000E-03   7.82681000000E-03
   7.64016700000E-03   7.42960900000E-03   7.20064900000E-03   6.71077600000E-03
   6.21657700000E-03   5.76148800000E-03   5.38544500000E-03   4.91820900000E-03
   4.51467600000E-03   4.16332300000E-03   3.85517900000E-03   3.58316300000E-03
   3.34162100000E-03                   1                   1                 446
                 525                 604                 605                 606
                 607                 765                 766                 766
                 767                   2                   1               55968
               56059               56150               56151               56152
               56153               56333               56334               56334
               56335                   9                   1               70057
               70131               70205               70206               70207
               70208               70358               70359               70359
               70360                  31                   1              122886
              122951              123016              123017              123018
              123019              123151              123152              123152
              123153                  32                   1              169298
              169357              169416              169417              169418
              169419              169539              169540              169540
              169541                  33                   1              212004
              212066              212128              212129              212130
              212131              212259              212260              212260
              212261                  34                   1              257138
              257222              257306              257307              257308
              257309              257481              257482              257482
              257483                  13                  77   0.00000000000E+00
   2.35844900000E-04   6.83437100000E-03   9.50408200000E-03   1.24282100000E-02
   1.63720800000E-02   2.16664800000E-02   2.79262600000E-02   3.40603300000E-02
   4.02399800000E-02   4.84273300000E-02   6.05376300000E-02   7.79433300000E-02
   1.01583000000E-01   1.31128400000E-01   1.63120900000E-01   1.90636000000E-01
   2.07856100000E-01   2.14444700000E-01   2.12590500000E-01   2.03410000000E-01
   1.87984800000E-01   1.85272400000E-01   1.80066100000E-01   1.68950200000E-01
   1.55446000000E-01   1.41013800000E-01   1.27413600000E-01   1.03683300000E-01
   8.58085600000E-02   7.24613800000E-02   6.21944200000E-02   5.41055200000E-02
   4.80727000000E-02   4.34263500000E-02   3.96835400000E-02   3.65941100000E-02
   3.40104700000E-02   2.99159600000E-02   2.68822800000E-02   2.45824000000E-02
   2.28850100000E-02   2.17356900000E-02   2.10404100000E-02   2.06800900000E-02
   2.04701200000E-02   2.04470500000E-02   2.05360000000E-02   2.06865500000E-02
   2.08982700000E-02   2.11864100000E-02   2.15304600000E-02   2.18132100000E-02
   2.21697800000E-02   2.24911900000E-02   2.27993900000E-02   2.30464600000E-02
   2.33213600000E-02   2.35728100000E-02   2.37760200000E-02   2.39903500000E-02
   2.42806400000E-02   2.44184800000E-02   2.47040700000E-02   2.48409600000E-02
   2.48980500000E-02   2.47776400000E-02   2.43038500000E-02   2.36305600000E-02
   2.29041100000E-02   2.23408600000E-02   2.12736500000E-02   2.05204300000E-02
   1.96029700000E-02   1.87721700000E-02   1.80043200000E-02   1.72883700000E-02
                  13                  77   0.00000000000E+00   6.10175400000E-04
   2.81718900000E-01   5.75652200000E-01   6.60835600000E-01   7.51972900000E-01
   8.46156000000E-01   9.37487500000E-01   1.03104600000E+00   1.12551500000E+00
   1.22111600000E+00   1.31754600000E+00   1.35486100000E+00   1.39194600000E+00
   1.42864500000E+00   1.46489700000E+00   1.55888100000E+00   1.65245700000E+00
   1.74555400000E+00   1.83810400000E+00   1.89618500000E+00   1.95346500000E+00
   2.20734800000E+00   2.50564300000E+00   2.79786500000E+00   3.06507300000E+00
   3.29653200000E+00   3.50719400000E+00   3.96640000000E+00   4.40536000000E+00
   4.82656800000E+00   5.23881500000E+00   5.61096200000E+00   6.03054700000E+00
   6.42259800000E+00   6.83552400000E+00   7.22245200000E+00   7.61964800000E+00
   8.45817200000E+00   9.24696700000E+00   1.00168400000E+01   1.07645000000E+01
   1.15536000000E+01   1.23082400000E+01   1.31132400000E+01   1.38974200000E+01
   1.47130200000E+01   1.55143200000E+01   1.63436100000E+01   1.71590500000E+01
   1.80146000000E+01   1.88841000000E+01   1.96990200000E+01   2.05850500000E+01
   2.14536200000E+01   2.23295200000E+01   2.31688000000E+01   2.40629800000E+01
   2.49182300000E+01   2.57537900000E+01   2.66348000000E+01   2.76386900000E+01
   2.85080400000E+01   3.07344000000E+01   3.30098700000E+01   3.53116000000E+01
   3.75809200000E+01   4.20504300000E+01   4.67568800000E+01   5.12132200000E+01
   5.58566200000E+01   5.99153500000E+01   6.47188300000E+01   6.90280100000E+01
   7.34390500000E+01   7.77829400000E+01   8.21487200000E+01                   5
                  -1                   1                   6                   5
                   0                  77   1.00000000000E+00   6.97559500000E+00
   7.50000000000E+00   8.00000000000E+00   8.50000000000E+00   9.00000000000E+00
   9.50000000000E+00   1.00000000000E+01   1.05000000000E+01   1.10000000000E+01
   1.15000000000E+01   1.20000000000E+01   1.25000000000E+01   1.30000000000E+01
   1.35000000000E+01   1.40000000000E+01   1.45000000000E+01   1.50000000000E+01
   1.55000000000E+01   1.60000000000E+01   1.65000000000E+01   1.70000000000E+01
   1.75000000000E+01   1.80000000000E+01   1.85000000000E+01   1.90000000000E+01
   1.95000000000E+01   2.00000000000E+01   2.10000000000E+01   2.20000000000E+01
   2.30000000000E+01   2.40000000000E+01   2.50000000000E+01   2.60000000000E+01
   2.70000000000E+01   2.80000000000E+01   2.90000000000E+01   3.00000000000E+01
   3.20000000000E+01   3.40000000000E+01   3.60000000000E+01   3.80000000000E+01
   4.00000000000E+01   4.20000000000E+01   4.40000000000E+01   4.60000000000E+01
   4.80000000000E+01   5.00000000000E+01   5.20000000000E+01   5.40000000000E+01
   5.60000000000E+01   5.80000000000E+01   6.00000000000E+01   6.20000000000E+01
   6.40000000000E+01   6.60000000000E+01   6.80000000000E+01   7.00000000000E+01
   7.20000000000E+01   7.40000000000E+01   7.60000000000E+01   7.80000000000E+01
   8.00000000000E+01   8.50000000000E+01   9.00000000000E+01   9.50000000000E+01
   1.00000000000E+02   1.10000000000E+02   1.20000000000E+02   1.30000000000E+02
   1.40000000000E+02   1.50000000000E+02   1.60000000000E+02   1.70000000000E+02
   1.80000000000E+02   1.90000000000E+02   2.00000000000E+02   0.00000000000E+00
   0.00000000000E+00   9.30923000000E-01   9.73763300000E-01   9.69610800000E-01
   9.74143600000E-01   9.81258400000E-01   9.84030000000E-01   9.84223700000E-01
   9.85182600000E-01   9.86909000000E-01   9.89012000000E-01   9.91136600000E-01
   9.92991200000E-01   9.94487900000E-01   9.95609100000E-01   9.96408200000E-01
   9.96871600000E-01   9.97011400000E-01   9.96841000000E-01   9.96308400000E-01
   9.95399600000E-01   1.09178700000E+00   1.20402400000E+00   1.29408700000E+00
   1.36649500000E+00   1.41847400000E+00   1.45830500000E+00   1.50822800000E+00
   1.54319400000E+00   1.57205100000E+00   1.59439500000E+00   1.61098000000E+00
   1.63867800000E+00   1.67413900000E+00   1.71205300000E+00   1.75050400000E+00
   1.78895800000E+00   1.86083200000E+00   1.92559000000E+00   1.98003400000E+00
   2.02871800000E+00   2.08053000000E+00   2.13893200000E+00   2.20184400000E+00
   2.25683400000E+00   2.31326200000E+00   2.36746900000E+00   2.41735500000E+00
   2.46586400000E+00   2.51729800000E+00   2.57124800000E+00   2.61525800000E+00
   2.66671700000E+00   2.71353300000E+00   2.75909300000E+00   2.79817300000E+00
   2.84201200000E+00   2.88474800000E+00   2.92359000000E+00   2.96601300000E+00
   3.02027900000E+00   3.05812000000E+00   3.15634000000E+00   3.25136300000E+00
   3.35119300000E+00   3.44102900000E+00   3.62161500000E+00   3.80121700000E+00
   3.97538100000E+00   4.14837800000E+00   4.32548700000E+00   4.54527200000E+00
   4.70849100000E+00   4.86933800000E+00   5.02470000000E+00   5.17364800000E+00
                   0                   1                   0                   4
                  10                   0                   2   1.00000000000E+00
   2.00000000000E+02   1.00000000000E+00   1.00000000000E+00                   0
                  32   1.00000000000E+00   6.97559500000E+00   8.00000000000E+00
   1.00000000000E+01   1.20000000000E+01   1.40000000000E+01   1.60000000000E+01
   1.80000000000E+01   2.00000000000E+01   2.20000000000E+01   2.40000000000E+01
   2.60000000000E+01   2.80000000000E+01   3.00000000000E+01   3.20000000000E+01
   3.60000000000E+01   4.00000000000E+01   4.40000000000E+01   4.80000000000E+01
   5.00000000000E+01   5.20000000000E+01   5.60000000000E+01   6.00000000000E+01
   7.00000000000E+01   8.00000000000E+01   9.00000000000E+01   1.00000000000E+02
   1.20000000000E+02   1.40000000000E+02   1.60000000000E+02   1.80000000000E+02
   2.00000000000E+02                  76                  87                  98
                 136                 234                 704                1498
                2457                3493                4595                5949
                7355                8813               10310               11833
               13382               14983               16875               18797
               20749               22716               24698               26695
               28722               31053               33418               36080
               38780               41785               45122               48459
               51819                   2                   3   0.00000000000E+00
   5.00000000000E-07   1.00000000000E-06   0.00000000000E+00   2.00000000000E+06
   0.00000000000E+00   0.00000000000E+00   5.00000000000E-01   1.00000000000E+00
                   2                   3   0.00000000000E+00   5.00000000000E-07
   1.00000000000E-06   0.00000000000E+00   2.00000000000E+06   0.00000000000E+00
   0.00000000000E+00   5.00000000000E-01   1.00000000000E+00                   2
                  12   0.00000000000E+00   2.50000000000E-02   1.00000000000E-01
   2.00000000000E-01   3.00000000000E-01   4.00000000000E-01   5.00000000000E-01
   6.00000000000E-01   7.00000000000E-01   8.00000000000E-01   9.00000000000E-01
   1.00000000000E+00   0.00000000000E+00   1.65869300000E-03   7.44252000000E-04
   6.50224000000E-04   5.28046000000E-04   6.80981200000E+00   2.60009000000E-04
   1.48813000000E-04   4.32588000000E-05   1.12413000000E-05   1.37664000000E-06
   6.37412900000E+00   0.00000000000E+00   2.07336624000E-05   1.10844100000E-04
   1.80567899000E-04   2.39481399000E-04   3.40756482000E-01   6.81260082000E-01
   6.81280523000E-01   6.81290126000E-01   6.81292851000E-01   6.81293482000E-01
   1.00000000000E+00                   2                  32   0.00000000000E+00
   2.50000000000E-02   1.00000000000E-01   2.00000000000E-01   3.00000000000E-01
   4.00000000000E-01   5.00000000000E-01   6.00000000000E-01   7.00000000000E-01
   8.00000000000E-01   9.00000000000E-01   1.00000000000E+00   1.10000000000E+00
   1.20000000000E+00   1.30000000000E+00   1.40000000000E+00   1.50000000000E+00
   1.60000000000E+00   1.70000000000E+00   1.80000000000E+00   1.90000000000E+00
   2.00000000000E+00   2.10000000000E+00   2.20000000000E+00   2.30000000000E+00
   2.40000000000E+00   2.50000000000E+00   2.60000000000E+00   2.70000000000E+00
   2.80000000000E+00   2.90000000000E+00   3.00000000000E+00   0.00000000000E+00
   5.49603600000E-02   2.05174600000E-01   3.27330800000E-01   1.96503700000E-01
   7.17510300000E-01   9.48370000000E-01   1.43297600000E+00   1.63662300000E+00
   8.14277600000E-01   6.23420500000E-01   2.71820300000E-03   2.37115100000E-03
   6.64431600000E-01   3.32167100000E-01   1.43668900000E-03   7.68077500000E-01
   3.42478300000E-01   6.16436000000E-04   4.38870000000E-04   3.09832000000E-04
   2.22072000000E-04   1.51117000000E-04   9.27311000000E-05   5.32023000000E-05
   7.94085400000E-01   1.34651000000E-05   6.03015000000E-06   2.25514000000E-06
   6.06509000000E-07   6.93403000000E-08   3.72614600000E-01   0.00000000000E+00
   6.87004515000E-04   1.04420657000E-02   3.70673363000E-02   6.32590619000E-02
   1.08959763000E-01   1.92253780000E-01   3.11321082000E-01   4.64801036000E-01
   5.87346068000E-01   6.59230975000E-01   6.90537911000E-01   6.90792378000E-01
   7.24132517000E-01   7.73962453000E-01   7.90642642000E-01   8.29118353000E-01
   8.84646144000E-01   9.01800881000E-01   9.01853646000E-01   9.01891081000E-01
   9.01917677000E-01   9.01936336000E-01   9.01948528000E-01   9.01955825000E-01
   9.41662756000E-01   9.81367700000E-01   9.81368675000E-01   9.81369089000E-01
   9.81369232000E-01   9.81369266000E-01   1.00000000000E+00                   2
                  52   0.00000000000E+00   2.50000000000E-02   1.00000000000E-01
   2.00000000000E-01   3.00000000000E-01   4.00000000000E-01   5.00000000000E-01
   6.00000000000E-01   7.00000000000E-01   8.00000000000E-01   9.00000000000E-01
   1.00000000000E+00   1.10000000000E+00   1.20000000000E+00   1.30000000000E+00
   1.40000000000E+00   1.50000000000E+00   1.60000000000E+00   1.70000000000E+00
   1.80000000000E+00   1.90000000000E+00   2.00000000000E+00   2.10000000000E+00
   2.20000000000E+00   2.30000000000E+00   2.40000000000E+00   2.50000000000E+00
   2.60000000000E+00   2.70000000000E+00   2.80000000000E+00   2.90000000000E+00
   3.00000000000E+00   3.10000000000E+00   3.20000000000E+00   3.30000000000E+00
   3.40000000000E+00   3.50000000000E+00   3.60000000000E+00   3.70000000000E+00
   3.80000000000E+00   3.90000000000E+00   4.00000000000E+00   4.10000000000E+00
   4.20000000000E+00   4.30000000000E+00   4.40000000000E+00   4.50000000000E+00
   4.60000000000E+00   4.70000000000E+00   4.80000000000E+00   4.90000000000E+00
   5.00000000000E+00   0.00000000000E+00   7.24310400000E-02   2.66168900000E-01
   4.25180700000E-01   4.99252600000E-01   5.26618000000E-01   5.29718900000E-01
   5.20278300000E-01   5.02420400000E-01   4.82598600000E-01   4.61094800000E-01
   4.38579100000E-01   4.15732400000E-01   3.92447600000E-01   3.68991800000E-01
   3.45645400000E-01   3.22208500000E-01   2.99004000000E-01   2.76499700000E-01
   2.54649100000E-01   2.33690400000E-01   2.13802600000E-01   1.94877300000E-01
   1.76900500000E-01   1.13656400000E-01   1.73782400000E-01   2.42905000000E-01
   3.59260700000E-01   2.58277100000E-01   1.89520600000E-01   1.30497700000E-01
   2.49451000000E-04   1.95729000000E-04   1.05532300000E-01   3.29219000000E-02
   8.92356000000E-05   1.09758200000E-01   3.29804300000E-02   3.57190000000E-05
   2.52683000000E-05   1.74406000000E-05   1.17170000000E-05   7.64575000000E-06
   4.83713000000E-06   2.95832000000E-06   8.43047300000E-02   9.32269000000E-07
   4.43852000000E-07   1.73779000000E-07   4.76892000000E-08   5.50967000000E-09
   3.33139400000E-02   0.00000000000E+00   9.05387996000E-04   1.36028857000E-02
   4.81703655000E-02   9.43920304000E-02   1.45685560000E-01   1.98502405000E-01
   2.51002265000E-01   3.02137199000E-01   3.51388149000E-01   3.98572819000E-01
   4.43556514000E-01   4.86272089000E-01   5.26681089000E-01   5.64753058000E-01
   6.00484918000E-01   6.33877613000E-01   6.64938238000E-01   6.93713423000E-01
   7.20270863000E-01   7.44687838000E-01   7.67062488000E-01   7.87496482000E-01
   8.06085372000E-01   8.20613217000E-01   8.34985157000E-01   8.55819527000E-01
   8.85927812000E-01   9.16804702000E-01   9.39194587000E-01   9.55195502000E-01
   9.61732859000E-01   9.61755118000E-01   9.67041520000E-01   9.73964230000E-01
   9.75614786000E-01   9.81107158000E-01   9.88244090000E-01   9.89894897000E-01
   9.89897946000E-01   9.89900082000E-01   9.89901540000E-01   9.89902508000E-01
   9.89903132000E-01   9.89903522000E-01   9.94118906000E-01   9.98334189000E-01
   9.98334258000E-01   9.98334289000E-01   9.98334300000E-01   9.98334303000E-01
   1.00000000000E+00                   0                   0                   0
                   0                   0                   0                   0
                   0                   0                   0                   0
                   0                   0                   0                   0
                   0                   0                   0                   0
                   0                   0                   0                   0
                   0                   0                   0                   0
                   0                   0                   0                   0
                   0                   0                   0                   0
                   0                   0                   0                   0
                   0                   0                   0                   0
                   0                   0                   0                   0
                   0                   0                   0                   0
                   0                   0                   0                   0
                   0                   0                   0                   0
                   0                   0                   0                   0
                   0                   0                   0                   0
                   0                   0                   0                   0
                   0                   0                   0                   0
                   0                   0                   0                   0
                   0                   0                   0                   0
                   0                   0                   0                   0
                   0                   0                   0                   0
                   0                   0                   0                   0
                   0                   0                   0                   0
                   0                   0                   0                   0
                   0                   0                   0                   0
                   0                   0                   0                   0
                   0                   0                   0                   0
                   0                   0                   0                   0
                   0                   0                   0                   0
                   0                   0                   0                   0
                   0                   0                   0                   0
                   0
