 48113.00u  111.934500  0.0000E+00   02/26/20
Ace Cd113 IAEA-PD                                                        mat4846
      0         0.      0         0.      0         0.      0         0.
      0         0.      0         0.      0         0.      0         0.
      0         0.      0         0.      0         0.      0         0.
      0         0.      0         0.      0         0.      0         0.
   318504    48113       89        1        7        2       12        0
        0        0        0        0        0        0        0        1
        1       90       90        0      179      268      269      270
      271      362      446        0        0        0        0        0
        0        0        0        0        0        0        0        0
        0        0        0        0        0        0        0        0
   9.99999000000E-01   1.00000000000E+00   1.50000000000E+00   2.00000000000E+00
   2.50000000000E+00   3.00000000000E+00   3.50000000000E+00   4.00000000000E+00
   4.50000000000E+00   5.00000000000E+00   5.50000000000E+00   6.00000000000E+00
   6.50000000000E+00   7.00000000000E+00   7.50000000000E+00   8.00000000000E+00
   8.50000000000E+00   9.00000000000E+00   9.50000000000E+00   1.00000000000E+01
   1.05000000000E+01   1.10000000000E+01   1.15000000000E+01   1.20000000000E+01
   1.25000000000E+01   1.30000000000E+01   1.35000000000E+01   1.40000000000E+01
   1.45000000000E+01   1.50000000000E+01   1.55000000000E+01   1.60000000000E+01
   1.65000000000E+01   1.70000000000E+01   1.75000000000E+01   1.80000000000E+01
   1.85000000000E+01   1.90000000000E+01   1.95000000000E+01   2.00000000000E+01
   2.10000000000E+01   2.20000000000E+01   2.30000000000E+01   2.40000000000E+01
   2.50000000000E+01   2.60000000000E+01   2.70000000000E+01   2.80000000000E+01
   2.90000000000E+01   3.00000000000E+01   3.20000000000E+01   3.40000000000E+01
   3.60000000000E+01   3.80000000000E+01   4.00000000000E+01   4.20000000000E+01
   4.40000000000E+01   4.60000000000E+01   4.80000000000E+01   5.00000000000E+01
   5.20000000000E+01   5.40000000000E+01   5.60000000000E+01   5.80000000000E+01
   6.00000000000E+01   6.20000000000E+01   6.40000000000E+01   6.60000000000E+01
   6.80000000000E+01   7.00000000000E+01   7.20000000000E+01   7.40000000000E+01
   7.60000000000E+01   7.80000000000E+01   8.00000000000E+01   8.50000000000E+01
   9.00000000000E+01   9.50000000000E+01   1.00000000000E+02   1.10000000000E+02
   1.20000000000E+02   1.30000000000E+02   1.40000000000E+02   1.50000000000E+02
   1.60000000000E+02   1.70000000000E+02   1.80000000000E+02   1.90000000000E+02
   2.00000000000E+02   0.00000000000E+00   1.53475800000E-05   4.35391900000E-05
   9.44646400000E-05   1.76395500000E-04   2.99416000000E-04   4.76171700000E-04
   7.22929300000E-04   1.06110700000E-03   1.51949200000E-03   2.13730900000E-03
   2.96796000000E-03   4.08182000000E-03   5.56328300000E-03   7.49589600000E-03
   9.95255300000E-03   1.30629300000E-02   1.71454400000E-02   2.25755200000E-02
   2.91061800000E-02   3.56598500000E-02   4.23748000000E-02   5.13026900000E-02
   6.44627800000E-02   8.33004600000E-02   1.08667500000E-01   1.39653200000E-01
   1.71587400000E-01   1.96857800000E-01   2.11013800000E-01   2.15592300000E-01
   2.13059900000E-01   2.03883000000E-01   1.88644800000E-01   1.69557700000E-01
   1.49471100000E-01   1.30522400000E-01   1.13766100000E-01   9.94602900000E-02
   8.74490200000E-02   6.88612700000E-02   5.57401100000E-02   4.62372300000E-02
   3.91536400000E-02   3.37293900000E-02   2.94770000000E-02   2.60763800000E-02
   2.33117900000E-02   2.10339400000E-02   1.91368200000E-02   1.61961200000E-02
   1.40753700000E-02   1.25265500000E-02   1.13895200000E-02   1.05545400000E-02
   9.94320800000E-03   9.49796300000E-03   9.17589800000E-03   8.94475700000E-03
   8.78020200000E-03   8.66384000000E-03   8.58177200000E-03   8.52350200000E-03
   8.48111600000E-03   8.44866900000E-03   8.42170600000E-03   8.39691400000E-03
   8.37185200000E-03   8.34474200000E-03   8.31432000000E-03   8.27971200000E-03
   8.24034800000E-03   8.19588700000E-03   8.14617000000E-03   8.09117400000E-03
   7.93132600000E-03   7.74236500000E-03   7.52911400000E-03   7.29717700000E-03
   6.80085100000E-03   6.30008600000E-03   5.83892700000E-03   5.45786000000E-03
   4.98435700000E-03   4.57540900000E-03   4.21933800000E-03   3.90705500000E-03
   3.63138400000E-03   3.38659600000E-03   0.00000000000E+00   1.00000000000E+00
   7.13439700000E-01   1.63447800000E-01   1.72006200000E-01   1.76567900000E-01
   1.61649200000E-01   1.15046500000E-01   1.55802300000E-01   1.63791300000E-01
   1.37980800000E-01   8.02480800000E-02   1.20715200000E+00   6.49407200000E+00
   6.46205500000E+00   6.55791000000E+00   6.55709000000E+00   6.49461500000E+00
   6.42255600000E+00   6.50871800000E+00   6.60986500000E+00   6.59900900000E+00
   6.57699100000E+00   6.53312400000E+00   6.53423300000E+00   6.54115100000E+00
   6.54877100000E+00   6.55062800000E+00   6.54165500000E+00   6.55176500000E+00
   6.55498900000E+00   6.53829300000E+00   7.48026800000E+00   8.43961800000E+00
   9.36628500000E+00   1.01821200000E+01   1.06582000000E+01   1.11047400000E+01
   1.15214300000E+01   1.19244000000E+01   1.24485800000E+01   1.29642200000E+01
   1.33867600000E+01   1.37946400000E+01   1.43496800000E+01   1.48784300000E+01
   1.54974700000E+01   1.60835400000E+01   1.67229500000E+01   1.73417500000E+01
   1.84577500000E+01   1.94932300000E+01   2.05244300000E+01   2.17585200000E+01
   2.29828600000E+01   2.42351900000E+01   2.54945200000E+01   2.66912200000E+01
   2.78709700000E+01   2.90369000000E+01   3.01888700000E+01   3.13599300000E+01
   3.24787100000E+01   3.35565900000E+01   3.46688300000E+01   3.57649500000E+01
   3.69302700000E+01   3.80621600000E+01   3.91368800000E+01   4.02203300000E+01
   4.13357700000E+01   4.23841300000E+01   4.34792800000E+01   4.45631300000E+01
   4.56219200000E+01   4.83529700000E+01   5.09266500000E+01   5.35791400000E+01
   5.61441100000E+01   6.14523400000E+01   6.65404600000E+01   7.17074800000E+01
   7.69186500000E+01   8.22456800000E+01   8.75584100000E+01   9.24448100000E+01
   9.83638100000E+01   1.03986900000E+02   1.09214200000E+02                   5
   0.00000000000E+00                   1                   1                  89
   0.00000000000E+00   1.53475800000E-05   4.35391900000E-05   9.44646400000E-05
   1.76395500000E-04   2.99416000000E-04   4.76171700000E-04   7.22929300000E-04
   1.06110700000E-03   1.51949200000E-03   2.13730900000E-03   2.96796000000E-03
   4.08182000000E-03   5.56328300000E-03   7.49589600000E-03   9.95255300000E-03
   1.30629300000E-02   1.71454400000E-02   2.25755200000E-02   2.91061800000E-02
   3.56598500000E-02   4.23748000000E-02   5.13026900000E-02   6.44627800000E-02
   8.33004600000E-02   1.08667500000E-01   1.39653200000E-01   1.71587400000E-01
   1.96857800000E-01   2.11013800000E-01   2.15592300000E-01   2.13059900000E-01
   2.03883000000E-01   1.88644800000E-01   1.69557700000E-01   1.49471100000E-01
   1.30522400000E-01   1.13766100000E-01   9.94602900000E-02   8.74490200000E-02
   6.88612700000E-02   5.57401100000E-02   4.62372300000E-02   3.91536400000E-02
   3.37293900000E-02   2.94770000000E-02   2.60763800000E-02   2.33117900000E-02
   2.10339400000E-02   1.91368200000E-02   1.61961200000E-02   1.40753700000E-02
   1.25265500000E-02   1.13895200000E-02   1.05545400000E-02   9.94320800000E-03
   9.49796300000E-03   9.17589800000E-03   8.94475700000E-03   8.78020200000E-03
   8.66384000000E-03   8.58177200000E-03   8.52350200000E-03   8.48111600000E-03
   8.44866900000E-03   8.42170600000E-03   8.39691400000E-03   8.37185200000E-03
   8.34474200000E-03   8.31432000000E-03   8.27971200000E-03   8.24034800000E-03
   8.19588700000E-03   8.14617000000E-03   8.09117400000E-03   7.93132600000E-03
   7.74236500000E-03   7.52911400000E-03   7.29717700000E-03   6.80085100000E-03
   6.30008600000E-03   5.83892700000E-03   5.45786000000E-03   4.98435700000E-03
   4.57540900000E-03   4.21933800000E-03   3.90705500000E-03   3.63138400000E-03
   3.38659600000E-03                   1                   1                 446
                 525                 604                 605                 606
                 607                 767                 768                 768
                 769                   2                   1               56684
               56775               56866               56867               56868
               56869               57049               57050               57050
               57051                   9                   1               70785
               70858               70931               70932               70933
               70934               71082               71083               71083
               71084                  31                   1              122712
              122777              122842              122843              122844
              122845              122975              122976              122976
              122977                  32                   1              168976
              169035              169094              169095              169096
              169097              169217              169218              169218
              169219                  33                   1              211755
              211814              211873              211874              211875
              211876              212000              212001              212001
              212002                  34                   1              255798
              255881              255964              255965              255966
              255967              256137              256138              256138
              256139                  13                  77   0.00000000000E+00
   5.21233000000E-03   7.34031900000E-03   9.75510900000E-03   1.28269600000E-02
   1.68750100000E-02   2.22735500000E-02   2.87725100000E-02   3.53174100000E-02
   4.20554400000E-02   5.09966700000E-02   6.41643100000E-02   8.30047800000E-02
   1.08374800000E-01   1.39368400000E-01   1.71319600000E-01   1.96616800000E-01
   2.10791800000E-01   2.15367800000E-01   2.12809600000E-01   2.18617000000E-01
   2.24539400000E-01   2.19393100000E-01   2.05794100000E-01   1.87430700000E-01
   1.68864800000E-01   1.51161900000E-01   1.35163000000E-01   1.09367100000E-01
   9.03543800000E-02   7.60946000000E-02   6.53038500000E-02   5.74106600000E-02
   5.13348700000E-02   4.65307700000E-02   4.25981000000E-02   3.93994500000E-02
   3.66655000000E-02   3.21336900000E-02   2.86970600000E-02   2.61958000000E-02
   2.44260400000E-02   2.32727500000E-02   2.25774300000E-02   2.21426700000E-02
   2.19424100000E-02   2.19048300000E-02   2.20269200000E-02   2.22331700000E-02
   2.24972900000E-02   2.28364300000E-02   2.31842100000E-02   2.34901000000E-02
   2.38991900000E-02   2.42408300000E-02   2.45873000000E-02   2.49619300000E-02
   2.52916100000E-02   2.55825800000E-02   2.58921400000E-02   2.61242300000E-02
   2.63192200000E-02   2.65271600000E-02   2.69051400000E-02   2.71763100000E-02
   2.72323400000E-02   2.71701100000E-02   2.66798900000E-02   2.59569300000E-02
   2.52522500000E-02   2.46030300000E-02   2.34565100000E-02   2.23951500000E-02
   2.17198700000E-02   2.08096800000E-02   1.99702600000E-02   1.92694200000E-02
                  13                  77   0.00000000000E+00   2.09069300000E-01
   4.55897200000E-01   6.93928500000E-01   7.83445600000E-01   8.73740600000E-01
   9.64550500000E-01   1.05527400000E+00   1.11070900000E+00   1.16658600000E+00
   1.22207900000E+00   1.27743700000E+00   1.34701400000E+00   1.41642000000E+00
   1.48564300000E+00   1.55468200000E+00   1.66721700000E+00   1.77953500000E+00
   1.89158500000E+00   2.00334900000E+00   2.16636400000E+00   2.42222700000E+00
   2.65209200000E+00   2.84218600000E+00   3.12323200000E+00   3.39251300000E+00
   3.64179700000E+00   3.87460300000E+00   4.33956900000E+00   4.79466600000E+00
   5.21767800000E+00   5.64239800000E+00   6.04580000000E+00   6.48018200000E+00
   6.89100000000E+00   7.31404100000E+00   7.72450300000E+00   8.13338900000E+00
   9.00826800000E+00   9.79438700000E+00   1.05973700000E+01   1.13488600000E+01
   1.21629500000E+01   1.29696700000E+01   1.37727300000E+01   1.45825900000E+01
   1.54001600000E+01   1.62255500000E+01   1.70604400000E+01   1.79080900000E+01
   1.87927900000E+01   1.96772700000E+01   2.05249800000E+01   2.14218300000E+01
   2.22729200000E+01   2.31479200000E+01   2.40750700000E+01   2.49888200000E+01
   2.58743200000E+01   2.68132100000E+01   2.77082500000E+01   2.86002700000E+01
   2.95446000000E+01   3.18131900000E+01   3.42049600000E+01   3.65218800000E+01
   3.89097400000E+01   4.34968400000E+01   4.83082100000E+01   5.30118500000E+01
   5.76558200000E+01   6.22333900000E+01   6.68524700000E+01   7.17606600000E+01
   7.57515600000E+01   8.00232900000E+01   8.46676200000E+01                   5
                  -1                   1                   6                   5
                   0                  78   1.00000000000E+00   6.53974200000E+00
   7.00000000000E+00   7.50000000000E+00   8.00000000000E+00   8.50000000000E+00
   9.00000000000E+00   9.50000000000E+00   1.00000000000E+01   1.05000000000E+01
   1.10000000000E+01   1.15000000000E+01   1.20000000000E+01   1.25000000000E+01
   1.30000000000E+01   1.35000000000E+01   1.40000000000E+01   1.45000000000E+01
   1.50000000000E+01   1.55000000000E+01   1.60000000000E+01   1.65000000000E+01
   1.70000000000E+01   1.75000000000E+01   1.80000000000E+01   1.85000000000E+01
   1.90000000000E+01   1.95000000000E+01   2.00000000000E+01   2.10000000000E+01
   2.20000000000E+01   2.30000000000E+01   2.40000000000E+01   2.50000000000E+01
   2.60000000000E+01   2.70000000000E+01   2.80000000000E+01   2.90000000000E+01
   3.00000000000E+01   3.20000000000E+01   3.40000000000E+01   3.60000000000E+01
   3.80000000000E+01   4.00000000000E+01   4.20000000000E+01   4.40000000000E+01
   4.60000000000E+01   4.80000000000E+01   5.00000000000E+01   5.20000000000E+01
   5.40000000000E+01   5.60000000000E+01   5.80000000000E+01   6.00000000000E+01
   6.20000000000E+01   6.40000000000E+01   6.60000000000E+01   6.80000000000E+01
   7.00000000000E+01   7.20000000000E+01   7.40000000000E+01   7.60000000000E+01
   7.80000000000E+01   8.00000000000E+01   8.50000000000E+01   9.00000000000E+01
   9.50000000000E+01   1.00000000000E+02   1.10000000000E+02   1.20000000000E+02
   1.30000000000E+02   1.40000000000E+02   1.50000000000E+02   1.60000000000E+02
   1.70000000000E+02   1.80000000000E+02   1.90000000000E+02   2.00000000000E+02
   0.00000000000E+00   0.00000000000E+00   9.36916200000E-01   9.79245000000E-01
   9.80161500000E-01   9.81935900000E-01   9.84227300000E-01   9.86624000000E-01
   9.88536100000E-01   9.90397000000E-01   9.92463400000E-01   9.94035000000E-01
   9.95369900000E-01   9.96450400000E-01   9.97306500000E-01   9.97960700000E-01
   9.98439300000E-01   9.98775800000E-01   9.98947900000E-01   9.98958700000E-01
   9.98825200000E-01   1.07226700000E+00   1.19027600000E+00   1.29391400000E+00
   1.37681500000E+00   1.43600400000E+00   1.48431600000E+00   1.51982200000E+00
   1.54562100000E+00   1.58822400000E+00   1.62099400000E+00   1.64574300000E+00
   1.66788700000E+00   1.70209600000E+00   1.74152300000E+00   1.78440300000E+00
   1.82732000000E+00   1.87313700000E+00   1.91596600000E+00   1.98403600000E+00
   2.03881400000E+00   2.09122200000E+00   2.14460700000E+00   2.20499900000E+00
   2.27063800000E+00   2.33130700000E+00   2.39130900000E+00   2.44890200000E+00
   2.50870300000E+00   2.56620300000E+00   2.62152000000E+00   2.67923100000E+00
   2.73362700000E+00   2.78033100000E+00   2.83780900000E+00   2.88687400000E+00
   2.93690100000E+00   2.99133600000E+00   3.04193400000E+00   3.08979100000E+00
   3.14211700000E+00   3.18748100000E+00   3.23087000000E+00   3.27853000000E+00
   3.39226300000E+00   3.51007900000E+00   3.61693800000E+00   3.72337300000E+00
   3.92302200000E+00   4.12009100000E+00   4.32481000000E+00   4.50781600000E+00
   4.70602500000E+00   4.89467700000E+00   5.14769600000E+00   5.32618000000E+00
   5.49935200000E+00   5.68990800000E+00                   0                   1
                   0                   4                  10                   0
                   2   1.00000000000E+00   2.00000000000E+02   1.00000000000E+00
   1.00000000000E+00                   0                  32   1.00000000000E+00
   6.53974200000E+00   8.00000000000E+00   1.00000000000E+01   1.20000000000E+01
   1.40000000000E+01   1.60000000000E+01   1.80000000000E+01   2.00000000000E+01
   2.20000000000E+01   2.40000000000E+01   2.60000000000E+01   2.80000000000E+01
   3.00000000000E+01   3.20000000000E+01   3.60000000000E+01   4.00000000000E+01
   4.40000000000E+01   4.80000000000E+01   5.00000000000E+01   5.20000000000E+01
   5.60000000000E+01   6.00000000000E+01   7.00000000000E+01   8.00000000000E+01
   9.00000000000E+01   1.00000000000E+02   1.20000000000E+02   1.40000000000E+02
   1.60000000000E+02   1.80000000000E+02   2.00000000000E+02                  76
                  87                  98                 151                 264
                 779                1628                2631                3711
                4846                6239                7684                9168
               10691               12240               13815               15442
               17349               19301               21283               23265
               25262               27274               29316               31664
               34046               36727               39427               42453
               45790               49150               52533                   2
                   3   0.00000000000E+00   5.00000000000E-07   1.00000000000E-06
   0.00000000000E+00   2.00000000000E+06   0.00000000000E+00   0.00000000000E+00
   5.00000000000E-01   1.00000000000E+00                   2                   3
   0.00000000000E+00   5.00000000000E-07   1.00000000000E-06   0.00000000000E+00
   2.00000000000E+06   0.00000000000E+00   0.00000000000E+00   5.00000000000E-01
   1.00000000000E+00                   2                  17   0.00000000000E+00
   2.50000000000E-02   1.00000000000E-01   2.00000000000E-01   3.00000000000E-01
   4.00000000000E-01   5.00000000000E-01   6.00000000000E-01   7.00000000000E-01
   8.00000000000E-01   9.00000000000E-01   1.00000000000E+00   1.10000000000E+00
   1.20000000000E+00   1.30000000000E+00   1.40000000000E+00   1.50000000000E+00
   0.00000000000E+00   4.50492100000E-01   1.79941200000E+00   1.41655700000E+00
   1.39786300000E-03   1.27073500000E-03   1.08982700000E-03   8.88345000000E-04
   4.63160000000E-04   5.05244600000E+00   1.62180000000E-04   9.65633000000E-05
   5.13507000000E-05   2.25159000000E-05   6.68785000000E-06   7.71058000000E-07
   3.45163000000E+00   0.00000000000E+00   5.63115150000E-03   9.00025591000E-02
   2.50801016000E-01   3.21698763000E-01   3.21832193000E-01   3.21950221000E-01
   3.22049129000E-01   3.22116705000E-01   5.74762174000E-01   8.27392594000E-01
   8.27405532000E-01   8.27412927000E-01   8.27416621000E-01   8.27418081000E-01
   8.27418454000E-01   1.00000000000E+00                   2                  37
   0.00000000000E+00   2.50000000000E-02   1.00000000000E-01   2.00000000000E-01
   3.00000000000E-01   4.00000000000E-01   5.00000000000E-01   6.00000000000E-01
   7.00000000000E-01   8.00000000000E-01   9.00000000000E-01   1.00000000000E+00
   1.10000000000E+00   1.20000000000E+00   1.30000000000E+00   1.40000000000E+00
   1.50000000000E+00   1.60000000000E+00   1.70000000000E+00   1.80000000000E+00
   1.90000000000E+00   2.00000000000E+00   2.10000000000E+00   2.20000000000E+00
   2.30000000000E+00   2.40000000000E+00   2.50000000000E+00   2.60000000000E+00
   2.70000000000E+00   2.80000000000E+00   2.90000000000E+00   3.00000000000E+00
   3.10000000000E+00   3.20000000000E+00   3.30000000000E+00   3.40000000000E+00
   3.50000000000E+00   0.00000000000E+00   8.39796400000E-02   3.19083600000E-01
   5.09597000000E-01   5.99739900000E-01   6.33818900000E-01   6.38084300000E-01
   6.26605200000E-01   6.05325500000E-01   8.83269300000E-01   2.75295300000E-01
   6.91057100000E-01   2.05359400000E-01   6.66137100000E-01   9.50800400000E-01
   2.17061500000E-01   1.13862100000E-01   2.49701400000E-01   9.28661000000E-04
   7.43983000000E-04   5.95819000000E-04   6.73821200000E-01   3.98873700000E-01
   1.90757900000E-01   1.83998000000E-04   1.26272000000E-04   8.36472000000E-05
   5.42630000000E-05   3.36376000000E-05   4.47393700000E-01   1.07624000000E-05
   5.54887000000E-06   2.55064000000E-06   9.70402000000E-07   2.59972000000E-07
   2.94239000000E-08   1.98961400000E-01   0.00000000000E+00   1.04974550000E-03
   1.61646170000E-02   5.75986472000E-02   1.13065492000E-01   1.74743432000E-01
   2.38338593000E-01   3.01573068000E-01   3.63169603000E-01   4.37599343000E-01
   4.95527573000E-01   5.43845194000E-01   5.88666019000E-01   6.32240844000E-01
   7.13087719000E-01   7.71480814000E-01   7.88026994000E-01   8.06205169000E-01
   8.18736672000E-01   8.18820305000E-01   8.18887295000E-01   8.52608146000E-01
   9.06242891000E-01   9.35724471000E-01   9.45271566000E-01   9.45287079000E-01
   9.45297575000E-01   9.45304471000E-01   9.45308866000E-01   9.67680233000E-01
   9.90050456000E-01   9.90051271000E-01   9.90051676000E-01   9.90051853000E-01
   9.90051914000E-01   9.90051929000E-01   1.00000000000E+00                   2
                  57   0.00000000000E+00   2.50000000000E-02   1.00000000000E-01
   2.00000000000E-01   3.00000000000E-01   4.00000000000E-01   5.00000000000E-01
   6.00000000000E-01   7.00000000000E-01   8.00000000000E-01   9.00000000000E-01
   1.00000000000E+00   1.10000000000E+00   1.20000000000E+00   1.30000000000E+00
   1.40000000000E+00   1.50000000000E+00   1.60000000000E+00   1.70000000000E+00
   1.80000000000E+00   1.90000000000E+00   2.00000000000E+00   2.10000000000E+00
   2.20000000000E+00   2.30000000000E+00   2.40000000000E+00   2.50000000000E+00
   2.60000000000E+00   2.70000000000E+00   2.80000000000E+00   2.90000000000E+00
   3.00000000000E+00   3.10000000000E+00   3.20000000000E+00   3.30000000000E+00
   3.40000000000E+00   3.50000000000E+00   3.60000000000E+00   3.70000000000E+00
   3.80000000000E+00   3.90000000000E+00   4.00000000000E+00   4.10000000000E+00
   4.20000000000E+00   4.30000000000E+00   4.40000000000E+00   4.50000000000E+00
   4.60000000000E+00   4.70000000000E+00   4.80000000000E+00   4.90000000000E+00
   5.00000000000E+00   5.10000000000E+00   5.20000000000E+00   5.30000000000E+00
   5.40000000000E+00   5.50000000000E+00   0.00000000000E+00   7.01703600000E-02
   2.66969900000E-01   4.27961300000E-01   5.05308200000E-01   5.36034700000E-01
   5.42012900000E-01   5.34962500000E-01   5.19960500000E-01   5.01548200000E-01
   4.81199900000E-01   4.59673900000E-01   4.37271400000E-01   4.14259000000E-01
   3.90800400000E-01   3.67081300000E-01   3.43459700000E-01   3.20115000000E-01
   2.97414000000E-01   2.75433100000E-01   2.54305100000E-01   2.34100400000E-01
   2.14888500000E-01   1.96716300000E-01   1.79590100000E-01   1.63503800000E-01
   1.48418800000E-01   1.34290400000E-01   1.21049100000E-01   1.46409100000E-01
   8.10234200000E-02   1.09797500000E-01   4.74150200000E-02   6.89309100000E-02
   8.18340100000E-02   2.84694000000E-02   2.00350700000E-02   2.15128700000E-02
   3.67709000000E-05   2.77819000000E-05   2.07845000000E-05   5.03791200000E-02
   2.79986800000E-02   1.12269300000E-02   5.64697000000E-06   3.88828000000E-06
   2.61866000000E-06   1.72252000000E-06   1.10347000000E-06   2.91698200000E-02
   3.97300000000E-07   2.12409000000E-07   1.00345000000E-07   3.90075000000E-08
   1.06348000000E-08   1.22136000000E-09   1.13091400000E-02   0.00000000000E+00
   8.77129514000E-04   1.35198895000E-02   4.82664500000E-02   9.49299258000E-02
   1.46997072000E-01   2.00899452000E-01   2.54748223000E-01   3.07494374000E-01
   3.58569810000E-01   4.07707216000E-01   4.54750907000E-01   4.99598172000E-01
   5.42174693000E-01   5.82427664000E-01   6.20321749000E-01   6.55848800000E-01
   6.89027535000E-01   7.19903986000E-01   7.48546341000E-01   7.75033252000E-01
   7.99453527000E-01   8.21902972000E-01   8.42483213000E-01   8.61298533000E-01
   8.78453228000E-01   8.94049359000E-01   9.08184819000E-01   9.20951794000E-01
   9.34324704000E-01   9.45696330000E-01   9.55237376000E-01   9.63098003000E-01
   9.68915299000E-01   9.76453545000E-01   9.81968716000E-01   9.84393939000E-01
   9.86471336000E-01   9.87548819000E-01   9.87552046000E-01   9.87554475000E-01
   9.90074470000E-01   9.93993360000E-01   9.95954640000E-01   9.96516269000E-01
   9.96516746000E-01   9.96517071000E-01   9.96517288000E-01   9.96517430000E-01
   9.97975976000E-01   9.99434487000E-01   9.99434517000E-01   9.99434533000E-01
   9.99434540000E-01   9.99434542000E-01   9.99434543000E-01   1.00000000000E+00
                   0                   0                   0                   0
                   0                   0                   0                   0
                   0                   0                   0                   0
                   0                   0                   0                   0
                   0                   0                   0                   0
                   0                   0                   0                   0
                   0                   0                   0                   0
                   0                   0                   0                   0
                   0                   0                   0                   0
                   0                   0                   0                   0
                   0                   0                   0                   0
                   0                   0                   0                   0
                   0                   0                   0                   0
                   0                   0                   0                   0
                   0                   0                   0                   0
                   0                   0                   0                   0
                   0                   0                   0                   0
                   0                   0                   0                   0
                   0                   0                   0                   0
                   0                   0                   0                   0
                   0                   0                   0                   0
                   0                   0                   0                   0
                   0                   0                   0                   0
                   0                   0                   0                   0
                   0                   0                   0                   0
                   0                   0                   0                   0
                   0                   0                   0                   0
                   0                   0                   0                   0
                   0                   0                   0                   0
                   0                   0                   0                   0
                   0                   0                   0                   0
                   0                   0                   0                   0
                   0                   0                   0                   0
