 48114.00u  112.924900  0.0000E+00   05/27/20
Ace Cd114 IAEA-PD                                                        mat4849
      0         0.      0         0.      0         0.      0         0.
      0         0.      0         0.      0         0.      0         0.
      0         0.      0         0.      0         0.      0         0.
      0         0.      0         0.      0         0.      0         0.
   303318    48114       89        1        7        2       12        0
        0        0        0        0        0        0        0        1
        1       90       90        0      179      268      269      270
      271      362      446        0        0        0        0        0
        0        0        0        0        0        0        0        0
        0        0        0        0        0        0        0        0
   9.99999000000E-01   1.00000000000E+00   1.50000000000E+00   2.00000000000E+00
   2.50000000000E+00   3.00000000000E+00   3.50000000000E+00   4.00000000000E+00
   4.50000000000E+00   5.00000000000E+00   5.50000000000E+00   6.00000000000E+00
   6.50000000000E+00   7.00000000000E+00   7.50000000000E+00   8.00000000000E+00
   8.50000000000E+00   9.00000000000E+00   9.50000000000E+00   1.00000000000E+01
   1.05000000000E+01   1.10000000000E+01   1.15000000000E+01   1.20000000000E+01
   1.25000000000E+01   1.30000000000E+01   1.35000000000E+01   1.40000000000E+01
   1.45000000000E+01   1.50000000000E+01   1.55000000000E+01   1.60000000000E+01
   1.65000000000E+01   1.70000000000E+01   1.75000000000E+01   1.80000000000E+01
   1.85000000000E+01   1.90000000000E+01   1.95000000000E+01   2.00000000000E+01
   2.10000000000E+01   2.20000000000E+01   2.30000000000E+01   2.40000000000E+01
   2.50000000000E+01   2.60000000000E+01   2.70000000000E+01   2.80000000000E+01
   2.90000000000E+01   3.00000000000E+01   3.20000000000E+01   3.40000000000E+01
   3.60000000000E+01   3.80000000000E+01   4.00000000000E+01   4.20000000000E+01
   4.40000000000E+01   4.60000000000E+01   4.80000000000E+01   5.00000000000E+01
   5.20000000000E+01   5.40000000000E+01   5.60000000000E+01   5.80000000000E+01
   6.00000000000E+01   6.20000000000E+01   6.40000000000E+01   6.60000000000E+01
   6.80000000000E+01   7.00000000000E+01   7.20000000000E+01   7.40000000000E+01
   7.60000000000E+01   7.80000000000E+01   8.00000000000E+01   8.50000000000E+01
   9.00000000000E+01   9.50000000000E+01   1.00000000000E+02   1.10000000000E+02
   1.20000000000E+02   1.30000000000E+02   1.40000000000E+02   1.50000000000E+02
   1.60000000000E+02   1.70000000000E+02   1.80000000000E+02   1.90000000000E+02
   2.00000000000E+02   0.00000000000E+00   1.54367700000E-05   4.38385800000E-05
   9.51835000000E-05   1.77833900000E-04   3.01986100000E-04   4.80428300000E-04
   7.29613400000E-04   1.07120700000E-03   1.53432500000E-03   2.15862100000E-03
   2.99799100000E-03   4.12319200000E-03   5.61839900000E-03   7.56585700000E-03
   1.00379200000E-02   1.31699800000E-02   1.72921700000E-02   2.27883800000E-02
   2.94147100000E-02   3.60993100000E-02   4.29995100000E-02   5.21940200000E-02
   6.57314400000E-02   8.50835100000E-02   1.11086900000E-01   1.42683200000E-01
   1.74890100000E-01   1.99924100000E-01   2.13606000000E-01   2.17752200000E-01
   2.14770600000E-01   2.05041200000E-01   1.89241500000E-01   1.69723700000E-01
   1.49383200000E-01   1.30321800000E-01   1.13538100000E-01   9.92472300000E-02
   8.72675600000E-02   6.87471000000E-02   5.56782500000E-02   4.62109600000E-02
   3.91506900000E-02   3.37415600000E-02   2.94989700000E-02   2.61047400000E-02
   2.33443300000E-02   2.10692300000E-02   1.91739600000E-02   1.62354200000E-02
   1.41158900000E-02   1.25680000000E-02   1.14318300000E-02   1.05977500000E-02
   9.98734800000E-03   9.54304400000E-03   9.22190700000E-03   8.99166000000E-03
   8.82794700000E-03   8.71236200000E-03   8.63099800000E-03   8.57335200000E-03
   8.53151000000E-03   8.49952300000E-03   8.47293800000E-03   8.44844500000E-03
   8.42360200000E-03   8.39663700000E-03   8.36628800000E-03   8.33168400000E-03
   8.29225900000E-03   8.24767600000E-03   8.19778000000E-03   8.14255000000E-03
   7.98190600000E-03   7.79189200000E-03   7.57738400000E-03   7.34403800000E-03
   6.84462200000E-03   6.34068900000E-03   5.87659100000E-03   5.49308900000E-03
   5.01654300000E-03   4.60496300000E-03   4.24659900000E-03   3.93230300000E-03
   3.65485500000E-03   3.40848700000E-03   0.00000000000E+00   1.00000000000E+00
   9.97588600000E-01   9.95178100000E-01   9.92767500000E-01   9.90357000000E-01
   7.11960900000E-01   3.58807900000E-01   3.62725800000E-01   3.56279800000E-01
   3.27777200000E-01   2.64317500000E-01   2.83169800000E-01   2.64876800000E-01
   2.11804900000E-01   1.31278000000E-01   1.81969700000E+00   3.66518900000E+00
   8.77690600000E+00   8.95636800000E+00   8.97162900000E+00   9.03773000000E+00
   9.04358800000E+00   9.01606200000E+00   9.05387100000E+00   9.07248600000E+00
   9.07871300000E+00   9.07262500000E+00   9.13501300000E+00   9.19011700000E+00
   9.23005400000E+00   9.50620800000E+00   1.05847400000E+01   1.14186700000E+01
   1.20248600000E+01   1.24479700000E+01   1.26437800000E+01   1.27790000000E+01
   1.29617400000E+01   1.31739300000E+01   1.34231900000E+01   1.36948200000E+01
   1.38968300000E+01   1.41343500000E+01   1.43302300000E+01   1.45591300000E+01
   1.51933300000E+01   1.58784600000E+01   1.65941300000E+01   1.73352800000E+01
   1.86606100000E+01   1.99710800000E+01   2.12230700000E+01   2.24862200000E+01
   2.36643600000E+01   2.48324900000E+01   2.59755800000E+01   2.71010200000E+01
   2.82490200000E+01   2.93936900000E+01   3.05167600000E+01   3.16899900000E+01
   3.28297600000E+01   3.39534000000E+01   3.50841600000E+01   3.62300000000E+01
   3.73944300000E+01   3.84770000000E+01   3.95635700000E+01   4.06613400000E+01
   4.17626200000E+01   4.28452900000E+01   4.38999100000E+01   4.49119500000E+01
   4.59362300000E+01   4.86270500000E+01   5.12159400000E+01   5.38176800000E+01
   5.63937500000E+01   6.17234200000E+01   6.67706600000E+01   7.19699100000E+01
   7.70069800000E+01   8.22259600000E+01   8.73597800000E+01   9.34509600000E+01
   9.80557100000E+01   1.03527500000E+02   1.08836200000E+02                   5
   0.00000000000E+00                   1                   1                  89
   0.00000000000E+00   1.54367700000E-05   4.38385800000E-05   9.51835000000E-05
   1.77833900000E-04   3.01986100000E-04   4.80428300000E-04   7.29613400000E-04
   1.07120700000E-03   1.53432500000E-03   2.15862100000E-03   2.99799100000E-03
   4.12319200000E-03   5.61839900000E-03   7.56585700000E-03   1.00379200000E-02
   1.31699800000E-02   1.72921700000E-02   2.27883800000E-02   2.94147100000E-02
   3.60993100000E-02   4.29995100000E-02   5.21940200000E-02   6.57314400000E-02
   8.50835100000E-02   1.11086900000E-01   1.42683200000E-01   1.74890100000E-01
   1.99924100000E-01   2.13606000000E-01   2.17752200000E-01   2.14770600000E-01
   2.05041200000E-01   1.89241500000E-01   1.69723700000E-01   1.49383200000E-01
   1.30321800000E-01   1.13538100000E-01   9.92472300000E-02   8.72675600000E-02
   6.87471000000E-02   5.56782500000E-02   4.62109600000E-02   3.91506900000E-02
   3.37415600000E-02   2.94989700000E-02   2.61047400000E-02   2.33443300000E-02
   2.10692300000E-02   1.91739600000E-02   1.62354200000E-02   1.41158900000E-02
   1.25680000000E-02   1.14318300000E-02   1.05977500000E-02   9.98734800000E-03
   9.54304400000E-03   9.22190700000E-03   8.99166000000E-03   8.82794700000E-03
   8.71236200000E-03   8.63099800000E-03   8.57335200000E-03   8.53151000000E-03
   8.49952300000E-03   8.47293800000E-03   8.44844500000E-03   8.42360200000E-03
   8.39663700000E-03   8.36628800000E-03   8.33168400000E-03   8.29225900000E-03
   8.24767600000E-03   8.19778000000E-03   8.14255000000E-03   7.98190600000E-03
   7.79189200000E-03   7.57738400000E-03   7.34403800000E-03   6.84462200000E-03
   6.34068900000E-03   5.87659100000E-03   5.49308900000E-03   5.01654300000E-03
   4.60496300000E-03   4.24659900000E-03   3.93230300000E-03   3.65485500000E-03
   3.40848700000E-03                   1                   1                 446
                 520                 594                 595                 596
                 597                 747                 748                 748
                 749                   2                   1               52326
               52417               52508               52509               52510
               52511               52685               52686               52686
               52687                   9                   1               66333
               66405               66477               66478               66479
               66480               66626               66627               66627
               66628                  31                   1              116908
              116967              117026              117027              117028
              117029              117149              117150              117150
              117151                  32                   1              159430
              159489              159548              159549              159550
              159551              159671              159672              159672
              159673                  33                   1              201915
              201968              202021              202022              202023
              202024              202134              202135              202135
              202136                  34                   1              241319
              241402              241485              241486              241487
              241488              241658              241659              241659
              241660                  18                  72   0.00000000000E+00
   2.20633500000E-02   2.89745800000E-02   3.57622300000E-02   4.26198700000E-02
   5.17688900000E-02   6.52612500000E-02   8.45697900000E-02   1.10538500000E-01
   1.42156900000E-01   1.74394200000E-01   1.99492400000E-01   2.13252700000E-01
   2.17471600000E-01   2.27287400000E-01   2.51590900000E-01   2.57569400000E-01
   2.46817600000E-01   2.25029500000E-01   2.01169800000E-01   1.78496300000E-01
   1.58355200000E-01   1.41077700000E-01   1.13187800000E-01   9.30920900000E-02
   7.83123300000E-02   6.68954900000E-02   5.79268400000E-02   5.09410300000E-02
   4.58966500000E-02   4.21407600000E-02   3.90650100000E-02   3.64705200000E-02
   3.21149600000E-02   2.88543800000E-02   2.64652400000E-02   2.47654000000E-02
   2.36452700000E-02   2.29418600000E-02   2.24826200000E-02   2.22775200000E-02
   2.22124500000E-02   2.23438200000E-02   2.25342100000E-02   2.28226800000E-02
   2.31582800000E-02   2.35376100000E-02   2.39288700000E-02   2.43030500000E-02
   2.46782500000E-02   2.50787800000E-02   2.54630200000E-02   2.58157700000E-02
   2.61219200000E-02   2.64180100000E-02   2.66810700000E-02   2.69829300000E-02
   2.71978400000E-02   2.76248600000E-02   2.78671800000E-02   2.79848900000E-02
   2.79479300000E-02   2.75144000000E-02   2.68661000000E-02   2.61137400000E-02
   2.55359100000E-02   2.43060100000E-02   2.32033000000E-02   2.22071200000E-02
   2.17123900000E-02   2.08766800000E-02   2.01433000000E-02                  18
                  72   0.00000000000E+00   2.09979800000E-01   4.47352600000E-01
   6.12489500000E-01   7.75469700000E-01   9.38782500000E-01   1.10266200000E+00
   1.15130300000E+00   1.20003300000E+00   1.24905300000E+00   1.29767700000E+00
   1.34875800000E+00   1.39966800000E+00   1.45042600000E+00   1.59017900000E+00
   1.88781200000E+00   2.14291800000E+00   2.34184400000E+00   2.47994800000E+00
   2.69477700000E+00   2.90085100000E+00   3.10276700000E+00   3.30446300000E+00
   3.73943800000E+00   4.17722600000E+00   4.61833600000E+00   5.04404000000E+00
   5.44726300000E+00   5.86079800000E+00   6.24218800000E+00   6.69161300000E+00
   7.11087000000E+00   7.53878200000E+00   8.44918800000E+00   9.26680200000E+00
   1.00980700000E+01   1.08880900000E+01   1.17282000000E+01   1.25552600000E+01
   1.33695600000E+01   1.41944000000E+01   1.50118100000E+01   1.58531000000E+01
   1.66923000000E+01   1.75507500000E+01   1.84244100000E+01   1.92970200000E+01
   2.01803900000E+01   2.10328200000E+01   2.19007000000E+01   2.28122900000E+01
   2.37358000000E+01   2.46602900000E+01   2.55493200000E+01   2.64626800000E+01
   2.73792900000E+01   2.83751000000E+01   2.93202800000E+01   3.16438900000E+01
   3.40060000000E+01   3.63563300000E+01   3.87396000000E+01   4.33363100000E+01
   4.82236100000E+01   5.28542100000E+01   5.76775300000E+01   6.23245400000E+01
   6.71127900000E+01   7.09010500000E+01   7.61811700000E+01   8.05461800000E+01
   8.51309200000E+01                   5                  -1                   1
                   6                   5                   0                  73
   1.00000000000E+00   9.04296500000E+00   9.50000000000E+00   1.00000000000E+01
   1.05000000000E+01   1.10000000000E+01   1.15000000000E+01   1.20000000000E+01
   1.25000000000E+01   1.30000000000E+01   1.35000000000E+01   1.40000000000E+01
   1.45000000000E+01   1.50000000000E+01   1.55000000000E+01   1.60000000000E+01
   1.65000000000E+01   1.70000000000E+01   1.75000000000E+01   1.80000000000E+01
   1.85000000000E+01   1.90000000000E+01   1.95000000000E+01   2.00000000000E+01
   2.10000000000E+01   2.20000000000E+01   2.30000000000E+01   2.40000000000E+01
   2.50000000000E+01   2.60000000000E+01   2.70000000000E+01   2.80000000000E+01
   2.90000000000E+01   3.00000000000E+01   3.20000000000E+01   3.40000000000E+01
   3.60000000000E+01   3.80000000000E+01   4.00000000000E+01   4.20000000000E+01
   4.40000000000E+01   4.60000000000E+01   4.80000000000E+01   5.00000000000E+01
   5.20000000000E+01   5.40000000000E+01   5.60000000000E+01   5.80000000000E+01
   6.00000000000E+01   6.20000000000E+01   6.40000000000E+01   6.60000000000E+01
   6.80000000000E+01   7.00000000000E+01   7.20000000000E+01   7.40000000000E+01
   7.60000000000E+01   7.80000000000E+01   8.00000000000E+01   8.50000000000E+01
   9.00000000000E+01   9.50000000000E+01   1.00000000000E+02   1.10000000000E+02
   1.20000000000E+02   1.30000000000E+02   1.40000000000E+02   1.50000000000E+02
   1.60000000000E+02   1.70000000000E+02   1.80000000000E+02   1.90000000000E+02
   2.00000000000E+02   0.00000000000E+00   0.00000000000E+00   9.68184200000E-01
   9.85037100000E-01   9.90662400000E-01   9.91171100000E-01   9.91854800000E-01
   9.92846800000E-01   9.93962200000E-01   9.95063300000E-01   9.96311400000E-01
   9.97164500000E-01   9.97840700000E-01   9.98346000000E-01   9.98711400000E-01
   1.05828000000E+00   1.22702600000E+00   1.36106200000E+00   1.45423200000E+00
   1.50639100000E+00   1.54363900000E+00   1.57212700000E+00   1.59556300000E+00
   1.61661100000E+00   1.64643700000E+00   1.67196500000E+00   1.69467000000E+00
   1.70866700000E+00   1.71678000000E+00   1.72687500000E+00   1.75817300000E+00
   1.80518200000E+00   1.85412600000E+00   1.90208600000E+00   1.97808000000E+00
   2.04410600000E+00   2.10576400000E+00   2.16635500000E+00   2.23115900000E+00
   2.29709200000E+00   2.35591700000E+00   2.41571700000E+00   2.47033900000E+00
   2.53103200000E+00   2.58646400000E+00   2.64426900000E+00   2.70119300000E+00
   2.75890300000E+00   2.81531900000E+00   2.86831400000E+00   2.92104000000E+00
   2.97720400000E+00   3.03252600000E+00   3.08569000000E+00   3.13525100000E+00
   3.18586400000E+00   3.23498000000E+00   3.29149200000E+00   3.34021200000E+00
   3.46093500000E+00   3.57643300000E+00   3.69321300000E+00   3.80552600000E+00
   4.01985700000E+00   4.23709500000E+00   4.44368900000E+00   4.64873400000E+00
   4.84517100000E+00   5.03875900000E+00   5.22938900000E+00   5.52154600000E+00
   5.71204100000E+00   5.90974800000E+00                   0                   1
                   0                   4                  10                   0
                   2   1.00000000000E+00   2.00000000000E+02   1.00000000000E+00
   1.00000000000E+00                   0                  31   1.00000000000E+00
   9.04296500000E+00   1.00000000000E+01   1.20000000000E+01   1.40000000000E+01
   1.60000000000E+01   1.80000000000E+01   2.00000000000E+01   2.20000000000E+01
   2.40000000000E+01   2.60000000000E+01   2.80000000000E+01   3.00000000000E+01
   3.20000000000E+01   3.60000000000E+01   4.00000000000E+01   4.40000000000E+01
   4.80000000000E+01   5.00000000000E+01   5.20000000000E+01   5.60000000000E+01
   6.00000000000E+01   7.00000000000E+01   8.00000000000E+01   9.00000000000E+01
   1.00000000000E+02   1.20000000000E+02   1.40000000000E+02   1.60000000000E+02
   1.80000000000E+02   2.00000000000E+02                  74                  85
                  96                 134                 232                 806
                1545                2394                3320                4312
                5549                6851                8205                9598
               11030               12514               14286               16103
               17965               19842               21734               23656
               25593               27856               30153               32758
               35382               38345               41613               44927
               48241                   2                   3   0.00000000000E+00
   5.00000000000E-07   1.00000000000E-06   0.00000000000E+00   2.00000000000E+06
   0.00000000000E+00   0.00000000000E+00   5.00000000000E-01   1.00000000000E+00
                   2                   3   0.00000000000E+00   5.00000000000E-07
   1.00000000000E-06   0.00000000000E+00   2.00000000000E+06   0.00000000000E+00
   0.00000000000E+00   5.00000000000E-01   1.00000000000E+00                   2
                  12   0.00000000000E+00   2.50000000000E-02   1.00000000000E-01
   2.00000000000E-01   3.00000000000E-01   4.00000000000E-01   5.00000000000E-01
   6.00000000000E-01   7.00000000000E-01   8.00000000000E-01   9.00000000000E-01
   1.00000000000E+00   0.00000000000E+00   2.68475900000E-01   1.07355500000E+00
   1.47312500000E+00   2.56988100000E+00   8.36087000000E-01   3.77993400000E-02
   1.00106400000E+00   1.94606400000E+00   3.18024000000E-06   3.34107000000E-07
   2.12475600000E+00   0.00000000000E+00   3.35594861000E-03   5.36821052000E-02
   1.81016100000E-01   3.83166391000E-01   5.53464784000E-01   5.97159099000E-01
   6.49102264000E-01   7.96458657000E-01   8.93762012000E-01   8.93762188000E-01
   1.00000000000E+00                   2                  32   0.00000000000E+00
   2.50000000000E-02   1.00000000000E-01   2.00000000000E-01   3.00000000000E-01
   4.00000000000E-01   5.00000000000E-01   6.00000000000E-01   7.00000000000E-01
   8.00000000000E-01   9.00000000000E-01   1.00000000000E+00   1.10000000000E+00
   1.20000000000E+00   1.30000000000E+00   1.40000000000E+00   1.50000000000E+00
   1.60000000000E+00   1.70000000000E+00   1.80000000000E+00   1.90000000000E+00
   2.00000000000E+00   2.10000000000E+00   2.20000000000E+00   2.30000000000E+00
   2.40000000000E+00   2.50000000000E+00   2.60000000000E+00   2.70000000000E+00
   2.80000000000E+00   2.90000000000E+00   3.00000000000E+00   0.00000000000E+00
   7.83991100000E-02   3.09170700000E-01   4.91252800000E-01   5.75311700000E-01
   6.04689800000E-01   6.05662000000E-01   5.91807800000E-01   5.70086900000E-01
   5.44229100000E-01   5.16192400000E-01   4.87005700000E-01   4.57270800000E-01
   4.27388700000E-01   3.97699200000E-01   3.68482400000E-01   3.40003800000E-01
   3.12502100000E-01   1.43121900000E-01   2.71530200000E-01   4.48157400000E-01
   3.09191200000E-01   3.88310900000E-01   1.69192600000E-01   2.21988100000E-01
   1.58974400000E-01   3.92705700000E-02   8.71475300000E-02   1.17641900000E-01
   4.38917000000E-08   5.04784000000E-09   9.23284400000E-02   0.00000000000E+00
   9.79988867000E-04   1.55138566000E-02   5.55350313000E-02   1.08863256000E-01
   1.67863330000E-01   2.28380920000E-01   2.88254409000E-01   3.46349144000E-01
   4.02064943000E-01   4.55086018000E-01   5.05245922000E-01   5.52459747000E-01
   5.96692722000E-01   6.37947116000E-01   6.76256196000E-01   7.11680506000E-01
   7.44305800000E-01   7.67087000000E-01   7.87819605000E-01   8.23803985000E-01
   8.61671414000E-01   8.96546519000E-01   9.24421694000E-01   9.43980729000E-01
   9.63028853000E-01   9.72941102000E-01   9.79262007000E-01   9.89501478000E-01
   9.95383575000E-01   9.95383578000E-01   1.00000000000E+00                   2
                  52   0.00000000000E+00   2.50000000000E-02   1.00000000000E-01
   2.00000000000E-01   3.00000000000E-01   4.00000000000E-01   5.00000000000E-01
   6.00000000000E-01   7.00000000000E-01   8.00000000000E-01   9.00000000000E-01
   1.00000000000E+00   1.10000000000E+00   1.20000000000E+00   1.30000000000E+00
   1.40000000000E+00   1.50000000000E+00   1.60000000000E+00   1.70000000000E+00
   1.80000000000E+00   1.90000000000E+00   2.00000000000E+00   2.10000000000E+00
   2.20000000000E+00   2.30000000000E+00   2.40000000000E+00   2.50000000000E+00
   2.60000000000E+00   2.70000000000E+00   2.80000000000E+00   2.90000000000E+00
   3.00000000000E+00   3.10000000000E+00   3.20000000000E+00   3.30000000000E+00
   3.40000000000E+00   3.50000000000E+00   3.60000000000E+00   3.70000000000E+00
   3.80000000000E+00   3.90000000000E+00   4.00000000000E+00   4.10000000000E+00
   4.20000000000E+00   4.30000000000E+00   4.40000000000E+00   4.50000000000E+00
   4.60000000000E+00   4.70000000000E+00   4.80000000000E+00   4.90000000000E+00
   5.00000000000E+00   0.00000000000E+00   6.92862000000E-02   2.73882600000E-01
   4.37093900000E-01   5.13899700000E-01   5.42584300000E-01   5.46183900000E-01
   5.36701300000E-01   5.20269200000E-01   5.00121300000E-01   4.77925000000E-01
   4.54537200000E-01   4.30442600000E-01   4.05960500000E-01   3.81375500000E-01
   3.56920700000E-01   3.32827700000E-01   3.09315700000E-01   2.86572800000E-01
   2.64751700000E-01   2.43968000000E-01   2.24301200000E-01   2.05796400000E-01
   1.88468700000E-01   1.72307700000E-01   1.57281600000E-01   1.43342700000E-01
   1.30430300000E-01   1.18475600000E-01   1.07403400000E-01   9.71356600000E-02
   8.75927500000E-02   7.86952100000E-02   7.03652000000E-02   6.25269000000E-02
   5.51075400000E-02   4.80377800000E-02   4.12518700000E-02   2.02967700000E-02
   2.87263100000E-02   3.44101700000E-02   2.18980100000E-02   2.76860600000E-02
   1.06839200000E-02   1.63844500000E-02   1.51141900000E-02   3.43376900000E-03
   5.86190100000E-03   8.72838000000E-03   1.58027000000E-09   1.80676000000E-10
   5.02866200000E-03   0.00000000000E+00   8.66077487000E-04   1.37349073000E-02
   4.92837318000E-02   9.68334111000E-02   1.49657610000E-01   2.04096019000E-01
   2.58240279000E-01   3.11088803000E-01   3.62108327000E-01   4.11010641000E-01
   4.57633751000E-01   5.01882740000E-01   5.43702894000E-01   5.83069694000E-01
   6.19984503000E-01   6.54471923000E-01   6.86579092000E-01   7.16373517000E-01
   7.43939742000E-01   7.69375726000E-01   7.92789186000E-01   8.14294065000E-01
   8.34007320000E-01   8.52046140000E-01   8.68525605000E-01   8.83556819000E-01
   8.97245469000E-01   9.09690764000E-01   9.20984714000E-01   9.31211667000E-01
   9.40448087000E-01   9.48762485000E-01   9.56215505000E-01   9.62860110000E-01
   9.68741832000E-01   9.73899098000E-01   9.78363581000E-01   9.81441013000E-01
   9.83892166000E-01   9.87048990000E-01   9.89864399000E-01   9.92343603000E-01
   9.94262102000E-01   9.95615520000E-01   9.97190452000E-01   9.98117850000E-01
   9.98582634000E-01   9.99312148000E-01   9.99748567000E-01   9.99748567000E-01
   1.00000000000E+00                   0                   0                   0
                   0                   0                   0                   0
                   0                   0                   0                   0
                   0                   0                   0                   0
                   0                   0                   0                   0
                   0                   0                   0                   0
                   0                   0                   0                   0
                   0                   0                   0                   0
                   0                   0                   0                   0
                   0                   0                   0                   0
                   0                   0                   0                   0
                   0                   0                   0                   0
                   0                   0                   0                   0
                   0                   0                   0                   0
                   0                   0                   0                   0
                   0                   0                   0                   0
                   0                   0                   0                   0
                   0                   0                   0                   0
                   0                   0                   0                   0
                   0                   0                   0                   0
                   0                   0                   0                   0
                   0                   0                   0                   0
                   0                   0                   0                   0
                   0                   0                   0                   0
                   0                   0                   0                   0
                   0                   0                   0                   0
                   0                   0                   0                   0
                   0                   0                   0                   0
                   0                   0                   0                   0
                   0                   0                   0                   0
                   0                   0                   0                   0
                   0                   0                   0                   0
                   0                   0                   0
