 48112.00u  110.941500  0.0000E+00   05/27/20
Ace Cd112 IAEA-PD                                                        mat4843
      0         0.      0         0.      0         0.      0         0.
      0         0.      0         0.      0         0.      0         0.
      0         0.      0         0.      0         0.      0         0.
      0         0.      0         0.      0         0.      0         0.
   305848    48112       89        1        7        2       12        0
        0        0        0        0        0        0        0        1
        1       90       90        0      179      268      269      270
      271      362      446        0        0        0        0        0
        0        0        0        0        0        0        0        0
        0        0        0        0        0        0        0        0
   9.99999000000E-01   1.00000000000E+00   1.50000000000E+00   2.00000000000E+00
   2.50000000000E+00   3.00000000000E+00   3.50000000000E+00   4.00000000000E+00
   4.50000000000E+00   5.00000000000E+00   5.50000000000E+00   6.00000000000E+00
   6.50000000000E+00   7.00000000000E+00   7.50000000000E+00   8.00000000000E+00
   8.50000000000E+00   9.00000000000E+00   9.50000000000E+00   1.00000000000E+01
   1.05000000000E+01   1.10000000000E+01   1.15000000000E+01   1.20000000000E+01
   1.25000000000E+01   1.30000000000E+01   1.35000000000E+01   1.40000000000E+01
   1.45000000000E+01   1.50000000000E+01   1.55000000000E+01   1.60000000000E+01
   1.65000000000E+01   1.70000000000E+01   1.75000000000E+01   1.80000000000E+01
   1.85000000000E+01   1.90000000000E+01   1.95000000000E+01   2.00000000000E+01
   2.10000000000E+01   2.20000000000E+01   2.30000000000E+01   2.40000000000E+01
   2.50000000000E+01   2.60000000000E+01   2.70000000000E+01   2.80000000000E+01
   2.90000000000E+01   3.00000000000E+01   3.20000000000E+01   3.40000000000E+01
   3.60000000000E+01   3.80000000000E+01   4.00000000000E+01   4.20000000000E+01
   4.40000000000E+01   4.60000000000E+01   4.80000000000E+01   5.00000000000E+01
   5.20000000000E+01   5.40000000000E+01   5.60000000000E+01   5.80000000000E+01
   6.00000000000E+01   6.20000000000E+01   6.40000000000E+01   6.60000000000E+01
   6.80000000000E+01   7.00000000000E+01   7.20000000000E+01   7.40000000000E+01
   7.60000000000E+01   7.80000000000E+01   8.00000000000E+01   8.50000000000E+01
   9.00000000000E+01   9.50000000000E+01   1.00000000000E+02   1.10000000000E+02
   1.20000000000E+02   1.30000000000E+02   1.40000000000E+02   1.50000000000E+02
   1.60000000000E+02   1.70000000000E+02   1.80000000000E+02   1.90000000000E+02
   2.00000000000E+02   0.00000000000E+00   1.52173100000E-05   4.31291900000E-05
   9.35105800000E-05   1.74516000000E-04   2.96078900000E-04   4.70645200000E-04
   7.14210400000E-04   1.04782000000E-03   1.49974000000E-03   2.10848800000E-03
   2.92654400000E-03   4.02327300000E-03   5.48239900000E-03   7.38762400000E-03
   9.81103200000E-03   1.28743400000E-02   1.68792100000E-02   2.21834700000E-02
   2.85230000000E-02   3.47924100000E-02   4.10754100000E-02   4.93430700000E-02
   6.15177200000E-02   7.89785200000E-02   1.02734300000E-01   1.32675700000E-01
   1.65731800000E-01   1.95106700000E-01   2.14239300000E-01   2.21654700000E-01
   2.19142400000E-01   2.08322800000E-01   1.91113200000E-01   1.70485000000E-01
   1.49455000000E-01   1.30029800000E-01   1.13082500000E-01   9.87360800000E-02
   8.67541900000E-02   6.82882700000E-02   5.52847600000E-02   4.58727900000E-02
   3.88560000000E-02   3.34806200000E-02   2.92643400000E-02   2.58908200000E-02
   2.31469300000E-02   2.08851500000E-02   1.90007500000E-02   1.60787300000E-02
   1.39710000000E-02   1.24318700000E-02   1.13023700000E-02   1.04734400000E-02
   9.86699800000E-03   9.42572600000E-03   9.10687600000E-03   8.87832400000E-03
   8.71584700000E-03   8.60114800000E-03   8.52041300000E-03   8.46321700000E-03
   8.42170600000E-03   8.38998300000E-03   8.36363300000E-03   8.33937500000E-03
   8.31479300000E-03   8.28813000000E-03   8.25813600000E-03   8.22395100000E-03
   8.18501100000E-03   8.14098500000E-03   8.09171700000E-03   8.03718700000E-03
   7.87859200000E-03   7.69101500000E-03   7.47926600000E-03   7.24892600000E-03
   6.75595600000E-03   6.25853600000E-03   5.80043900000E-03   5.42189600000E-03
   4.95152100000E-03   4.54527100000E-03   4.19154900000E-03   3.88132400000E-03
   3.60747000000E-03   3.36429400000E-03   0.00000000000E+00   1.00000000000E+00
   1.02841300000E+00   1.05682600000E+00   1.08524000000E+00   1.11365400000E+00
   8.27906500000E-01   4.22375800000E-01   3.98531800000E-01   3.78539600000E-01
   3.51407100000E-01   3.02494000000E-01   2.96433400000E-01   2.67464500000E-01
   2.20892400000E-01   1.62945100000E-01   1.63133800000E+00   3.22512500000E+00
   8.82452500000E+00   9.09482300000E+00   8.96824500000E+00   9.04152500000E+00
   9.20246000000E+00   9.32685400000E+00   9.38542700000E+00   9.40548900000E+00
   9.41221500000E+00   9.40493600000E+00   9.43556900000E+00   9.45762000000E+00
   9.46325200000E+00   9.46030500000E+00   9.79970800000E+00   1.05637400000E+01
   1.14266100000E+01   1.21155100000E+01   1.25983300000E+01   1.29199700000E+01
   1.31348500000E+01   1.33824100000E+01   1.36672900000E+01   1.40086000000E+01
   1.42293900000E+01   1.44701800000E+01   1.47266700000E+01   1.50207400000E+01
   1.53479800000E+01   1.57896900000E+01   1.65331700000E+01   1.73163300000E+01
   1.87107000000E+01   2.00509700000E+01   2.13439800000E+01   2.26403000000E+01
   2.39055200000E+01   2.51215400000E+01   2.63077600000E+01   2.74844900000E+01
   2.86287700000E+01   2.97821000000E+01   3.09042500000E+01   3.20831600000E+01
   3.32665900000E+01   3.44078300000E+01   3.55813300000E+01   3.67469000000E+01
   3.78677500000E+01   3.90055100000E+01   4.01215800000E+01   4.12227400000E+01
   4.23127000000E+01   4.34796100000E+01   4.45738100000E+01   4.56125500000E+01
   4.66526800000E+01   4.94311000000E+01   5.20762600000E+01   5.46970500000E+01
   5.73898200000E+01   6.27104200000E+01   6.79711800000E+01   7.31874800000E+01
   7.84488900000E+01   8.38447000000E+01   8.91950200000E+01   9.42973800000E+01
   1.00135800000E+02   1.05594400000E+02   1.11056000000E+02                   5
   0.00000000000E+00                   1                   1                  89
   0.00000000000E+00   1.52173100000E-05   4.31291900000E-05   9.35105800000E-05
   1.74516000000E-04   2.96078900000E-04   4.70645200000E-04   7.14210400000E-04
   1.04782000000E-03   1.49974000000E-03   2.10848800000E-03   2.92654400000E-03
   4.02327300000E-03   5.48239900000E-03   7.38762400000E-03   9.81103200000E-03
   1.28743400000E-02   1.68792100000E-02   2.21834700000E-02   2.85230000000E-02
   3.47924100000E-02   4.10754100000E-02   4.93430700000E-02   6.15177200000E-02
   7.89785200000E-02   1.02734300000E-01   1.32675700000E-01   1.65731800000E-01
   1.95106700000E-01   2.14239300000E-01   2.21654700000E-01   2.19142400000E-01
   2.08322800000E-01   1.91113200000E-01   1.70485000000E-01   1.49455000000E-01
   1.30029800000E-01   1.13082500000E-01   9.87360800000E-02   8.67541900000E-02
   6.82882700000E-02   5.52847600000E-02   4.58727900000E-02   3.88560000000E-02
   3.34806200000E-02   2.92643400000E-02   2.58908200000E-02   2.31469300000E-02
   2.08851500000E-02   1.90007500000E-02   1.60787300000E-02   1.39710000000E-02
   1.24318700000E-02   1.13023700000E-02   1.04734400000E-02   9.86699800000E-03
   9.42572600000E-03   9.10687600000E-03   8.87832400000E-03   8.71584700000E-03
   8.60114800000E-03   8.52041300000E-03   8.46321700000E-03   8.42170600000E-03
   8.38998300000E-03   8.36363300000E-03   8.33937500000E-03   8.31479300000E-03
   8.28813000000E-03   8.25813600000E-03   8.22395100000E-03   8.18501100000E-03
   8.14098500000E-03   8.09171700000E-03   8.03718700000E-03   7.87859200000E-03
   7.69101500000E-03   7.47926600000E-03   7.24892600000E-03   6.75595600000E-03
   6.25853600000E-03   5.80043900000E-03   5.42189600000E-03   4.95152100000E-03
   4.54527100000E-03   4.19154900000E-03   3.88132400000E-03   3.60747000000E-03
   3.36429400000E-03                   1                   1                 446
                 520                 594                 595                 596
                 597                 747                 748                 748
                 749                   2                   1               51994
               52085               52176               52177               52178
               52179               52353               52354               52354
               52355                   9                   1               66019
               66092               66165               66166               66167
               66168               66316               66317               66317
               66318                  31                   1              117609
              117669              117729              117730              117731
              117732              117854              117855              117855
              117856                  32                   1              160121
              160180              160239              160240              160241
              160242              160360              160361              160361
              160362                  33                   1              202402
              202457              202512              202513              202514
              202515              202629              202630              202630
              202631                  34                   1              243124
              243208              243292              243293              243294
              243295              243467              243468              243468
              243469                  18                  72   0.00000000000E+00
   1.92400300000E-02   2.74483200000E-02   3.41328200000E-02   4.05611000000E-02
   4.87139700000E-02   6.07412500000E-02   7.80608400000E-02   1.01737900000E-01
   1.31629200000E-01   1.64701500000E-01   1.94167800000E-01   2.13444900000E-01
   2.21015600000E-01   2.18630900000E-01   2.09910000000E-01   2.13633400000E-01
   2.15078800000E-01   2.05240600000E-01   1.87313100000E-01   1.67966200000E-01
   1.49819100000E-01   1.33736500000E-01   1.07673800000E-01   8.85183600000E-02
   7.44421800000E-02   6.36140700000E-02   5.52274500000E-02   4.84901300000E-02
   4.31571500000E-02   3.91149100000E-02   3.61019400000E-02   3.36793000000E-02
   2.97408900000E-02   2.68163600000E-02   2.46298300000E-02   2.30750200000E-02
   2.19826000000E-02   2.13043700000E-02   2.09300700000E-02   2.07560600000E-02
   2.07301700000E-02   2.08385600000E-02   2.10301400000E-02   2.12805300000E-02
   2.15814300000E-02   2.19522800000E-02   2.23010500000E-02   2.26398600000E-02
   2.30074400000E-02   2.33473500000E-02   2.36502600000E-02   2.39692000000E-02
   2.42708900000E-02   2.44655800000E-02   2.47213500000E-02   2.49614300000E-02
   2.51716600000E-02   2.54799200000E-02   2.57229500000E-02   2.57990100000E-02
   2.56810900000E-02   2.53420800000E-02   2.46616700000E-02   2.39484600000E-02
   2.32899200000E-02   2.22185000000E-02   2.12045500000E-02   2.05668300000E-02
   1.97489000000E-02   1.89777600000E-02   1.82487400000E-02                  18
                  72   0.00000000000E+00   6.39965000000E-02   4.05718600000E-01
   5.88331000000E-01   7.68057500000E-01   9.43705600000E-01   1.11967600000E+00
   1.15756800000E+00   1.19664400000E+00   1.23572700000E+00   1.27476500000E+00
   1.32955700000E+00   1.38408100000E+00   1.43832000000E+00   1.49223500000E+00
   1.53247400000E+00   1.72822800000E+00   1.98218800000E+00   2.19222700000E+00
   2.43694600000E+00   2.65432200000E+00   2.85619300000E+00   3.04866600000E+00
   3.48116000000E+00   3.90348500000E+00   4.32538100000E+00   4.73606500000E+00
   5.14013500000E+00   5.53327800000E+00   5.89582300000E+00   6.31100000000E+00
   6.70019300000E+00   7.12119800000E+00   7.98772100000E+00   8.79369500000E+00
   9.59773600000E+00   1.03829800000E+01   1.11806300000E+01   1.19615400000E+01
   1.27744900000E+01   1.35796300000E+01   1.43910700000E+01   1.52277800000E+01
   1.60519400000E+01   1.68885600000E+01   1.77450100000E+01   1.86117400000E+01
   1.94610800000E+01   2.03076800000E+01   2.11954900000E+01   2.20791400000E+01
   2.29527000000E+01   2.38707100000E+01   2.47675600000E+01   2.55872900000E+01
   2.65048900000E+01   2.74436100000E+01   2.83887900000E+01   3.06022600000E+01
   3.29789600000E+01   3.53043300000E+01   3.75860300000E+01   4.21678200000E+01
   4.67884500000E+01   5.14563900000E+01   5.60662300000E+01   6.06326200000E+01
   6.51840600000E+01   6.99551900000E+01   7.39898300000E+01   7.83957700000E+01
   8.27896900000E+01                   5                  -1                   1
                   6                   5                   0                  73
   1.00000000000E+00   9.39392900000E+00   9.50000000000E+00   1.00000000000E+01
   1.05000000000E+01   1.10000000000E+01   1.15000000000E+01   1.20000000000E+01
   1.25000000000E+01   1.30000000000E+01   1.35000000000E+01   1.40000000000E+01
   1.45000000000E+01   1.50000000000E+01   1.55000000000E+01   1.60000000000E+01
   1.65000000000E+01   1.70000000000E+01   1.75000000000E+01   1.80000000000E+01
   1.85000000000E+01   1.90000000000E+01   1.95000000000E+01   2.00000000000E+01
   2.10000000000E+01   2.20000000000E+01   2.30000000000E+01   2.40000000000E+01
   2.50000000000E+01   2.60000000000E+01   2.70000000000E+01   2.80000000000E+01
   2.90000000000E+01   3.00000000000E+01   3.20000000000E+01   3.40000000000E+01
   3.60000000000E+01   3.80000000000E+01   4.00000000000E+01   4.20000000000E+01
   4.40000000000E+01   4.60000000000E+01   4.80000000000E+01   5.00000000000E+01
   5.20000000000E+01   5.40000000000E+01   5.60000000000E+01   5.80000000000E+01
   6.00000000000E+01   6.20000000000E+01   6.40000000000E+01   6.60000000000E+01
   6.80000000000E+01   7.00000000000E+01   7.20000000000E+01   7.40000000000E+01
   7.60000000000E+01   7.80000000000E+01   8.00000000000E+01   8.50000000000E+01
   9.00000000000E+01   9.50000000000E+01   1.00000000000E+02   1.10000000000E+02
   1.20000000000E+02   1.30000000000E+02   1.40000000000E+02   1.50000000000E+02
   1.60000000000E+02   1.70000000000E+02   1.80000000000E+02   1.90000000000E+02
   2.00000000000E+02   0.00000000000E+00   0.00000000000E+00   8.67313800000E-01
   9.62322300000E-01   9.81042100000E-01   9.87478900000E-01   9.87250500000E-01
   9.87378100000E-01   9.88380600000E-01   9.90301200000E-01   9.92112300000E-01
   9.93783300000E-01   9.95187800000E-01   9.96292000000E-01   9.97116700000E-01
   9.97665900000E-01   1.00761900000E+00   1.11783700000E+00   1.26157000000E+00
   1.37326000000E+00   1.44054000000E+00   1.48534200000E+00   1.51736900000E+00
   1.54155700000E+00   1.57675400000E+00   1.60113500000E+00   1.62279600000E+00
   1.63717500000E+00   1.64953500000E+00   1.65697000000E+00   1.66689000000E+00
   1.68985300000E+00   1.72859400000E+00   1.77252500000E+00   1.84970400000E+00
   1.91943000000E+00   1.98118500000E+00   2.04160900000E+00   2.09889000000E+00
   2.15915400000E+00   2.22052600000E+00   2.27916400000E+00   2.33491900000E+00
   2.39088200000E+00   2.44503900000E+00   2.49759400000E+00   2.55002700000E+00
   2.60663100000E+00   2.65805700000E+00   2.70694100000E+00   2.75889300000E+00
   2.80792900000E+00   2.85351000000E+00   2.90249500000E+00   2.95124400000E+00
   2.98907100000E+00   3.03665300000E+00   3.08481300000E+00   3.13189900000E+00
   3.23407000000E+00   3.34454600000E+00   3.44940400000E+00   3.54274400000E+00
   3.75107200000E+00   3.94048500000E+00   4.12873200000E+00   4.29553100000E+00
   4.48720700000E+00   4.66518900000E+00   4.90673700000E+00   5.08818600000E+00
   5.26068400000E+00   5.42424100000E+00                   0                   1
                   0                   4                  10                   0
                   2   1.00000000000E+00   2.00000000000E+02   1.00000000000E+00
   1.00000000000E+00                   0                  31   1.00000000000E+00
   9.39392900000E+00   1.00000000000E+01   1.20000000000E+01   1.40000000000E+01
   1.60000000000E+01   1.80000000000E+01   2.00000000000E+01   2.20000000000E+01
   2.40000000000E+01   2.60000000000E+01   2.80000000000E+01   3.00000000000E+01
   3.20000000000E+01   3.60000000000E+01   4.00000000000E+01   4.40000000000E+01
   4.80000000000E+01   5.00000000000E+01   5.20000000000E+01   5.60000000000E+01
   6.00000000000E+01   7.00000000000E+01   8.00000000000E+01   9.00000000000E+01
   1.00000000000E+02   1.20000000000E+02   1.40000000000E+02   1.60000000000E+02
   1.80000000000E+02   2.00000000000E+02                  74                  85
                  96                 122                 208                 738
                1444                2260                3164                4310
                5521                6797                8125                9492
               10898               12369               14126               15928
               17775               19637               21514               23421
               25358               27604               29884               32470
               35094               38036               41304               44595
               47909                   2                   3   0.00000000000E+00
   5.00000000000E-07   1.00000000000E-06   0.00000000000E+00   2.00000000000E+06
   0.00000000000E+00   0.00000000000E+00   5.00000000000E-01   1.00000000000E+00
                   2                   3   0.00000000000E+00   5.00000000000E-07
   1.00000000000E-06   0.00000000000E+00   2.00000000000E+06   0.00000000000E+00
   0.00000000000E+00   5.00000000000E-01   1.00000000000E+00                   2
                   8   0.00000000000E+00   2.50000000000E-02   1.00000000000E-01
   2.00000000000E-01   3.00000000000E-01   4.00000000000E-01   5.00000000000E-01
   6.00000000000E-01   0.00000000000E+00   2.58610000000E-04   2.27973000000E-04
   9.86486600000E-03   4.21862800000E+00   2.57127000000E+00   1.43756000000E-06
   6.39981300000E+00   0.00000000000E+00   3.23262530000E-06   2.14794895000E-05
   5.26121436000E-04   2.11950784000E-01   5.51445715000E-01   6.80009299000E-01
   1.00000000000E+00                   2                  28   0.00000000000E+00
   2.50000000000E-02   1.00000000000E-01   2.00000000000E-01   3.00000000000E-01
   4.00000000000E-01   5.00000000000E-01   6.00000000000E-01   7.00000000000E-01
   8.00000000000E-01   9.00000000000E-01   1.00000000000E+00   1.10000000000E+00
   1.20000000000E+00   1.30000000000E+00   1.40000000000E+00   1.50000000000E+00
   1.60000000000E+00   1.70000000000E+00   1.80000000000E+00   1.90000000000E+00
   2.00000000000E+00   2.10000000000E+00   2.20000000000E+00   2.30000000000E+00
   2.40000000000E+00   2.50000000000E+00   2.60000000000E+00   0.00000000000E+00
   6.92342700000E-02   2.72327700000E-01   4.32356800000E-01   5.04070000000E-01
   5.27420300000E-01   5.25761700000E-01   5.11344300000E-01   4.90521600000E-01
   4.66546400000E-01   4.41062500000E-01   4.14968200000E-01   3.88686400000E-01
   1.81428500000E-01   9.31894000000E-01   3.85221500000E-01   9.02171400000E-01
   4.63544400000E-01   4.32025100000E-01   3.20117700000E-01   6.57227600000E-01
   1.60969200000E-01   3.18095000000E-06   7.87685100000E-02   2.33687800000E-01
   1.78649100000E-01   1.48277000000E-08   1.97299700000E-01   0.00000000000E+00
   8.65428381000E-04   1.36740023000E-02   4.89082276000E-02   9.57295679000E-02
   1.47304083000E-01   1.99963184000E-01   2.51818484000E-01   3.01911779000E-01
   3.49765180000E-01   3.95145625000E-01   4.37947160000E-01   4.78129891000E-01
   5.06635636000E-01   5.62301761000E-01   6.28157537000E-01   6.92527182000E-01
   7.60812973000E-01   8.05591448000E-01   8.43198588000E-01   8.92065854000E-01
   9.32975694000E-01   9.41024313000E-01   9.44962898000E-01   9.60585713000E-01
   9.81202558000E-01   9.90135014000E-01   1.00000000000E+00                   2
                  48   0.00000000000E+00   2.50000000000E-02   1.00000000000E-01
   2.00000000000E-01   3.00000000000E-01   4.00000000000E-01   5.00000000000E-01
   6.00000000000E-01   7.00000000000E-01   8.00000000000E-01   9.00000000000E-01
   1.00000000000E+00   1.10000000000E+00   1.20000000000E+00   1.30000000000E+00
   1.40000000000E+00   1.50000000000E+00   1.60000000000E+00   1.70000000000E+00
   1.80000000000E+00   1.90000000000E+00   2.00000000000E+00   2.10000000000E+00
   2.20000000000E+00   2.30000000000E+00   2.40000000000E+00   2.50000000000E+00
   2.60000000000E+00   2.70000000000E+00   2.80000000000E+00   2.90000000000E+00
   3.00000000000E+00   3.10000000000E+00   3.20000000000E+00   3.30000000000E+00
   3.40000000000E+00   3.50000000000E+00   3.60000000000E+00   3.70000000000E+00
   3.80000000000E+00   3.90000000000E+00   4.00000000000E+00   4.10000000000E+00
   4.20000000000E+00   4.30000000000E+00   4.40000000000E+00   4.50000000000E+00
   4.60000000000E+00   0.00000000000E+00   7.26516600000E-02   2.85833200000E-01
   4.55396100000E-01   5.32656700000E-01   5.59404600000E-01   5.60021300000E-01
   5.47317200000E-01   5.27909300000E-01   5.05157000000E-01   4.80707000000E-01
   4.55464400000E-01   4.29794400000E-01   4.04028100000E-01   3.78398600000E-01
   3.53066800000E-01   3.28259600000E-01   3.04153600000E-01   2.80906900000E-01
   2.58652000000E-01   2.37489100000E-01   2.17485200000E-01   1.98675300000E-01
   1.81065900000E-01   1.64638600000E-01   1.49355400000E-01   1.35162200000E-01
   1.21993500000E-01   1.09775600000E-01   9.84292800000E-02   8.78725200000E-02
   7.80221500000E-02   6.87954200000E-02   3.49101100000E-02   1.16737800000E-01
   3.08865300000E-02   8.13520800000E-02   4.07797400000E-02   3.31102700000E-02
   3.49506600000E-02   6.64106600000E-02   1.43009700000E-02   1.65821000000E-07
   1.19545000000E-02   1.69379700000E-02   1.47640400000E-02   6.97323000000E-10
   1.28417200000E-02   0.00000000000E+00   9.08145749000E-04   1.43513280000E-02
   5.14127930000E-02   1.00815433000E-01   1.55418498000E-01   2.11389793000E-01
   2.66756718000E-01   3.20518043000E-01   3.72171358000E-01   4.21464558000E-01
   4.68273128000E-01   5.12536068000E-01   5.54227193000E-01   5.93348528000E-01
   6.29921798000E-01   6.63988118000E-01   6.95608778000E-01   7.24861803000E-01
   7.51839748000E-01   7.76646803000E-01   7.99395517000E-01   8.20203542000E-01
   8.39190602000E-01   8.56475827000E-01   8.72175527000E-01   8.86401407000E-01
   8.99259192000E-01   9.10847647000E-01   9.21257891000E-01   9.30572981000E-01
   9.38867715000E-01   9.46208593000E-01   9.51393870000E-01   9.58976265000E-01
   9.66357482000E-01   9.71969412000E-01   9.78076003000E-01   9.81770504000E-01
   9.85173550000E-01   9.90241616000E-01   9.94277198000E-01   9.94992255000E-01
   9.95589988000E-01   9.97034611000E-01   9.98619712000E-01   9.99357914000E-01
   1.00000000000E+00                   0                   0                   0
                   0                   0                   0                   0
                   0                   0                   0                   0
                   0                   0                   0                   0
                   0                   0                   0                   0
                   0                   0                   0                   0
                   0                   0                   0                   0
                   0                   0                   0                   0
                   0                   0                   0                   0
                   0                   0                   0                   0
                   0                   0                   0                   0
                   0                   0                   0                   0
                   0                   0                   0                   0
                   0                   0                   0                   0
                   0                   0                   0                   0
                   0                   0                   0                   0
                   0                   0                   0                   0
                   0                   0                   0                   0
                   0                   0                   0                   0
                   0                   0                   0                   0
                   0                   0                   0                   0
                   0                   0                   0                   0
                   0                   0                   0                   0
                   0                   0                   0                   0
                   0                   0                   0                   0
                   0                   0                   0                   0
                   0                   0                   0                   0
                   0                   0                   0                   0
                   0                   0                   0                   0
                   0                   0                   0                   0
                   0                   0                   0                   0
                   0                   0                   0                   0
                   0                   0                   0
