 48110.00u  108.958900  0.0000E+00   06/19/20
Ace Cd110 IAEA-PD                                                        mat4837
      0         0.      0         0.      0         0.      0         0.
      0         0.      0         0.      0         0.      0         0.
      0         0.      0         0.      0         0.      0         0.
      0         0.      0         0.      0         0.      0         0.
   306909    48110       89        1        7        2       12        0
        0        0        0        0        0        0        0        1
        1       90       90        0      179      268      269      270
      271      362      446        0        0        0        0        0
        0        0        0        0        0        0        0        0
        0        0        0        0        0        0        0        0
   9.99999000000E-01   1.00000000000E+00   1.50000000000E+00   2.00000000000E+00
   2.50000000000E+00   3.00000000000E+00   3.50000000000E+00   4.00000000000E+00
   4.50000000000E+00   5.00000000000E+00   5.50000000000E+00   6.00000000000E+00
   6.50000000000E+00   7.00000000000E+00   7.50000000000E+00   8.00000000000E+00
   8.50000000000E+00   9.00000000000E+00   9.50000000000E+00   1.00000000000E+01
   1.05000000000E+01   1.10000000000E+01   1.15000000000E+01   1.20000000000E+01
   1.25000000000E+01   1.30000000000E+01   1.35000000000E+01   1.40000000000E+01
   1.45000000000E+01   1.50000000000E+01   1.55000000000E+01   1.60000000000E+01
   1.65000000000E+01   1.70000000000E+01   1.75000000000E+01   1.80000000000E+01
   1.85000000000E+01   1.90000000000E+01   1.95000000000E+01   2.00000000000E+01
   2.10000000000E+01   2.20000000000E+01   2.30000000000E+01   2.40000000000E+01
   2.50000000000E+01   2.60000000000E+01   2.70000000000E+01   2.80000000000E+01
   2.90000000000E+01   3.00000000000E+01   3.20000000000E+01   3.40000000000E+01
   3.60000000000E+01   3.80000000000E+01   4.00000000000E+01   4.20000000000E+01
   4.40000000000E+01   4.60000000000E+01   4.80000000000E+01   5.00000000000E+01
   5.20000000000E+01   5.40000000000E+01   5.60000000000E+01   5.80000000000E+01
   6.00000000000E+01   6.20000000000E+01   6.40000000000E+01   6.60000000000E+01
   6.80000000000E+01   7.00000000000E+01   7.20000000000E+01   7.40000000000E+01
   7.60000000000E+01   7.80000000000E+01   8.00000000000E+01   8.50000000000E+01
   9.00000000000E+01   9.50000000000E+01   1.00000000000E+02   1.10000000000E+02
   1.20000000000E+02   1.30000000000E+02   1.40000000000E+02   1.50000000000E+02
   1.60000000000E+02   1.70000000000E+02   1.80000000000E+02   1.90000000000E+02
   2.00000000000E+02   0.00000000000E+00   1.50467100000E-05   4.25507100000E-05
   9.21148600000E-05   1.71716100000E-04   2.91069700000E-04   4.62345100000E-04
   7.01178300000E-04   1.02813800000E-03   1.47085900000E-03   2.06703500000E-03
   2.86818400000E-03   3.94288600000E-03   5.37521500000E-03   7.25149600000E-03
   9.64586500000E-03   1.26704200000E-02   1.66033300000E-02   2.17843400000E-02
   2.79449200000E-02   3.39727000000E-02   3.99177700000E-02   4.77031400000E-02
   5.91994900000E-02   7.57291700000E-02   9.82799600000E-02   1.26888400000E-01
   1.58953900000E-01   1.88246000000E-01   2.08164200000E-01   2.16690100000E-01
   2.15388400000E-01   2.05875400000E-01   1.89878900000E-01   1.70138600000E-01
   1.49617800000E-01   1.30413800000E-01   1.13517700000E-01   9.91398200000E-02
   8.70944300000E-02   6.84954800000E-02   5.53896800000E-02   4.59087100000E-02
   3.88471800000E-02   3.34431200000E-02   2.92085100000E-02   2.58233100000E-02
   2.30719600000E-02   2.08054400000E-02   1.89180100000E-02   1.59926900000E-02
   1.38832600000E-02   1.23428200000E-02   1.12119800000E-02   1.03815400000E-02
   9.77345300000E-03   9.33044600000E-03   9.00983700000E-03   8.77956400000E-03
   8.61544400000E-03   8.49921600000E-03   8.41708800000E-03   8.35864800000E-03
   8.31605400000E-03   8.28341000000E-03   8.25630300000E-03   8.23145100000E-03
   8.20643300000E-03   8.17948700000E-03   8.14935800000E-03   8.11517800000E-03
   8.07637700000E-03   8.03261700000E-03   7.98373300000E-03   7.92969900000E-03
   7.77278200000E-03   7.58741600000E-03   7.37830300000E-03   7.15091600000E-03
   6.66441500000E-03   6.17362200000E-03   5.72167100000E-03   5.34822100000E-03
   4.88421100000E-03   4.48346600000E-03   4.13454000000E-03   3.82852400000E-03
   3.55838800000E-03   3.31851500000E-03   0.00000000000E+00   1.00000000000E+00
   1.05549300000E+00   1.11098600000E+00   1.16648000000E+00   1.22197300000E+00
   9.08154100000E-01   4.53504100000E-01   3.94040400000E-01   3.67160900000E-01
   3.57135900000E-01   3.43792600000E-01   3.49456900000E-01   3.29571500000E-01
   2.81586200000E-01   2.08090400000E-01   2.66905400000E-01   3.18959300000E-01
   3.62504400000E-01   7.96930200000E+00   9.12768100000E+00   8.92985300000E+00
   9.01088200000E+00   9.71194800000E+00   9.83688300000E+00   9.87775700000E+00
   9.86449100000E+00   9.79961200000E+00   9.84749800000E+00   9.88155700000E+00
   9.90188000000E+00   9.90356200000E+00   1.00314700000E+01   1.01549300000E+01
   1.04005800000E+01   1.11143300000E+01   1.19877700000E+01   1.26472200000E+01
   1.31929500000E+01   1.36023900000E+01   1.39791400000E+01   1.44476800000E+01
   1.47211400000E+01   1.50272200000E+01   1.53030500000E+01   1.55959600000E+01
   1.59618700000E+01   1.63373700000E+01   1.68963800000E+01   1.75004700000E+01
   1.89594900000E+01   2.03821500000E+01   2.17624600000E+01   2.31151800000E+01
   2.44138200000E+01   2.56460500000E+01   2.68118800000E+01   2.80458600000E+01
   2.92538100000E+01   3.04281400000E+01   3.16440100000E+01   3.28073300000E+01
   3.39724400000E+01   3.51337100000E+01   3.62831600000E+01   3.74631600000E+01
   3.86435400000E+01   3.98485000000E+01   4.09987700000E+01   4.21098700000E+01
   4.32555700000E+01   4.43936500000E+01   4.55156000000E+01   4.66071000000E+01
   4.77101900000E+01   5.04878500000E+01   5.32790400000E+01   5.61522400000E+01
   5.87285900000E+01   6.42822800000E+01   6.95252600000E+01   7.48654700000E+01
   8.02490200000E+01   8.61501600000E+01   9.13640100000E+01   9.68028100000E+01
   1.02461600000E+02   1.08040200000E+02   1.13606100000E+02                   5
   0.00000000000E+00                   1                   1                  89
   0.00000000000E+00   1.50467100000E-05   4.25507100000E-05   9.21148600000E-05
   1.71716100000E-04   2.91069700000E-04   4.62345100000E-04   7.01178300000E-04
   1.02813800000E-03   1.47085900000E-03   2.06703500000E-03   2.86818400000E-03
   3.94288600000E-03   5.37521500000E-03   7.25149600000E-03   9.64586500000E-03
   1.26704200000E-02   1.66033300000E-02   2.17843400000E-02   2.79449200000E-02
   3.39727000000E-02   3.99177700000E-02   4.77031400000E-02   5.91994900000E-02
   7.57291700000E-02   9.82799600000E-02   1.26888400000E-01   1.58953900000E-01
   1.88246000000E-01   2.08164200000E-01   2.16690100000E-01   2.15388400000E-01
   2.05875400000E-01   1.89878900000E-01   1.70138600000E-01   1.49617800000E-01
   1.30413800000E-01   1.13517700000E-01   9.91398200000E-02   8.70944300000E-02
   6.84954800000E-02   5.53896800000E-02   4.59087100000E-02   3.88471800000E-02
   3.34431200000E-02   2.92085100000E-02   2.58233100000E-02   2.30719600000E-02
   2.08054400000E-02   1.89180100000E-02   1.59926900000E-02   1.38832600000E-02
   1.23428200000E-02   1.12119800000E-02   1.03815400000E-02   9.77345300000E-03
   9.33044600000E-03   9.00983700000E-03   8.77956400000E-03   8.61544400000E-03
   8.49921600000E-03   8.41708800000E-03   8.35864800000E-03   8.31605400000E-03
   8.28341000000E-03   8.25630300000E-03   8.23145100000E-03   8.20643300000E-03
   8.17948700000E-03   8.14935800000E-03   8.11517800000E-03   8.07637700000E-03
   8.03261700000E-03   7.98373300000E-03   7.92969900000E-03   7.77278200000E-03
   7.58741600000E-03   7.37830300000E-03   7.15091600000E-03   6.66441500000E-03
   6.17362200000E-03   5.72167100000E-03   5.34822100000E-03   4.88421100000E-03
   4.48346600000E-03   4.13454000000E-03   3.82852400000E-03   3.55838800000E-03
   3.31851500000E-03                   1                   1                 446
                 519                 592                 593                 594
                 595                 741                 742                 742
                 743                   2                   1               51171
               51262               51353               51354               51355
               51356               51530               51531               51531
               51532                   9                   1               65178
               65253               65328               65329               65330
               65331               65481               65482               65482
               65483                  31                   1              117303
              117364              117425              117426              117427
              117428              117550              117551              117551
              117552                  32                   1              160029
              160088              160147              160148              160149
              160150              160268              160269              160269
              160270                  33                   1              202259
              202316              202373              202374              202375
              202376              202494              202495              202495
              202496                  34                   1              243753
              243838              243923              243924              243925
              243926              244100              244101              244101
              244102                  19                  71   0.00000000000E+00
   3.90518900000E-03   3.26628000000E-02   3.87213400000E-02   4.64913700000E-02
   5.76818300000E-02   7.38282300000E-02   9.60576200000E-02   1.24412800000E-01
   1.56361700000E-01   1.85717500000E-01   2.05867800000E-01   2.14702700000E-01
   2.13727400000E-01   2.04491100000E-01   1.88687200000E-01   1.73994500000E-01
   1.72448100000E-01   1.68018500000E-01   1.56161500000E-01   1.43048600000E-01
   1.28780200000E-01   1.04292900000E-01   8.59202500000E-02   7.20372900000E-02
   6.13966100000E-02   5.31624500000E-02   4.66812700000E-02   4.14255500000E-02
   3.71235000000E-02   3.38085900000E-02   3.13116900000E-02   2.76666700000E-02
   2.49989800000E-02   2.29955600000E-02   2.14815700000E-02   2.04210300000E-02
   1.97136400000E-02   1.93068200000E-02   1.91373500000E-02   1.91047300000E-02
   1.92035900000E-02   1.93537500000E-02   1.95656200000E-02   1.98097300000E-02
   2.00957500000E-02   2.03990700000E-02   2.07148500000E-02   2.10195400000E-02
   2.12593600000E-02   2.15401400000E-02   2.18051700000E-02   2.20391500000E-02
   2.22522800000E-02   2.24439100000E-02   2.26220200000E-02   2.27737900000E-02
   2.30646500000E-02   2.31846400000E-02   2.31485700000E-02   2.31437300000E-02
   2.26958700000E-02   2.20734100000E-02   2.14560200000E-02   2.08894100000E-02
   1.98851600000E-02   1.91904600000E-02   1.83819900000E-02   1.75752000000E-02
   1.68863800000E-02   1.62354800000E-02                  19                  71
   0.00000000000E+00   6.17734000000E-03   2.92392100000E-01   5.47126700000E-01
   8.03015900000E-01   1.05607400000E+00   1.09734900000E+00   1.14095100000E+00
   1.18550200000E+00   1.23043700000E+00   1.26868800000E+00   1.30651200000E+00
   1.34377200000E+00   1.38060600000E+00   1.42567000000E+00   1.47002300000E+00
   1.55781600000E+00   1.80643200000E+00   2.12752200000E+00   2.38735900000E+00
   2.62536100000E+00   2.81468700000E+00   3.18772400000E+00   3.54225000000E+00
   3.94788100000E+00   4.34365000000E+00   4.73422400000E+00   5.12708000000E+00
   5.49694800000E+00   5.86525800000E+00   6.20490400000E+00   6.60668300000E+00
   7.42060200000E+00   8.20982200000E+00   8.99720200000E+00   9.75781600000E+00
   1.05368300000E+01   1.12916600000E+01   1.20832600000E+01   1.28702600000E+01
   1.36636000000E+01   1.44586300000E+01   1.52582600000E+01   1.60784400000E+01
   1.69053100000E+01   1.77419900000E+01   1.85951500000E+01   1.94406100000E+01
   2.02905200000E+01   2.10963200000E+01   2.19655500000E+01   2.28465600000E+01
   2.36956700000E+01   2.45538100000E+01   2.54214800000E+01   2.63087600000E+01
   2.72015700000E+01   2.94226600000E+01   3.16550000000E+01   3.37644300000E+01
   3.61336100000E+01   4.05309400000E+01   4.51881800000E+01   4.97384800000E+01
   5.42484700000E+01   5.81946000000E+01   6.29141300000E+01   6.73357700000E+01
   7.15772500000E+01   7.59090600000E+01   8.02341200000E+01                   5
                  -1                   1                   6                   5
                   0                  71   1.00000000000E+00   9.91496500000E+00
   1.05000000000E+01   1.10000000000E+01   1.15000000000E+01   1.20000000000E+01
   1.25000000000E+01   1.30000000000E+01   1.35000000000E+01   1.40000000000E+01
   1.45000000000E+01   1.50000000000E+01   1.55000000000E+01   1.60000000000E+01
   1.65000000000E+01   1.70000000000E+01   1.75000000000E+01   1.80000000000E+01
   1.85000000000E+01   1.90000000000E+01   1.95000000000E+01   2.00000000000E+01
   2.10000000000E+01   2.20000000000E+01   2.30000000000E+01   2.40000000000E+01
   2.50000000000E+01   2.60000000000E+01   2.70000000000E+01   2.80000000000E+01
   2.90000000000E+01   3.00000000000E+01   3.20000000000E+01   3.40000000000E+01
   3.60000000000E+01   3.80000000000E+01   4.00000000000E+01   4.20000000000E+01
   4.40000000000E+01   4.60000000000E+01   4.80000000000E+01   5.00000000000E+01
   5.20000000000E+01   5.40000000000E+01   5.60000000000E+01   5.80000000000E+01
   6.00000000000E+01   6.20000000000E+01   6.40000000000E+01   6.60000000000E+01
   6.80000000000E+01   7.00000000000E+01   7.20000000000E+01   7.40000000000E+01
   7.60000000000E+01   7.80000000000E+01   8.00000000000E+01   8.50000000000E+01
   9.00000000000E+01   9.50000000000E+01   1.00000000000E+02   1.10000000000E+02
   1.20000000000E+02   1.30000000000E+02   1.40000000000E+02   1.50000000000E+02
   1.60000000000E+02   1.70000000000E+02   1.80000000000E+02   1.90000000000E+02
   2.00000000000E+02   0.00000000000E+00   0.00000000000E+00   9.61442600000E-01
   9.70027600000E-01   9.74597700000E-01   9.74363600000E-01   9.74898200000E-01
   9.77387700000E-01   9.80489900000E-01   9.83692100000E-01   9.86568100000E-01
   9.88968300000E-01   9.90828400000E-01   9.92288300000E-01   9.93276000000E-01
   9.93723900000E-01   1.02266300000E+00   1.15259100000E+00   1.28834900000E+00
   1.37565800000E+00   1.44289800000E+00   1.47862700000E+00   1.52262500000E+00
   1.55119600000E+00   1.56914200000E+00   1.58046500000E+00   1.58963800000E+00
   1.59820800000E+00   1.60419200000E+00   1.60903100000E+00   1.62498800000E+00
   1.65512600000E+00   1.72995700000E+00   1.80065600000E+00   1.86307200000E+00
   1.91594800000E+00   1.96705200000E+00   2.01706000000E+00   2.06922800000E+00
   2.12405100000E+00   2.17604500000E+00   2.22897300000E+00   2.27712200000E+00
   2.32451200000E+00   2.36996800000E+00   2.41650100000E+00   2.46264200000E+00
   2.50897400000E+00   2.55356400000E+00   2.59057300000E+00   2.63343400000E+00
   2.67569200000E+00   2.71579400000E+00   2.75523000000E+00   2.79409700000E+00
   2.83351400000E+00   2.87196100000E+00   2.96736100000E+00   3.05567000000E+00
   3.13738400000E+00   3.23647100000E+00   3.40553100000E+00   3.57543900000E+00
   3.74995700000E+00   3.90586100000E+00   4.07131500000E+00   4.28027300000E+00
   4.44595800000E+00   4.59059400000E+00   4.74551400000E+00   4.89239300000E+00
                   0                   1                   0                   4
                  10                   0                   2   1.00000000000E+00
   2.00000000000E+02   1.00000000000E+00   1.00000000000E+00                   0
                  30   1.00000000000E+00   9.91496500000E+00   1.20000000000E+01
   1.40000000000E+01   1.60000000000E+01   1.80000000000E+01   2.00000000000E+01
   2.20000000000E+01   2.40000000000E+01   2.60000000000E+01   2.80000000000E+01
   3.00000000000E+01   3.20000000000E+01   3.60000000000E+01   4.00000000000E+01
   4.40000000000E+01   4.80000000000E+01   5.00000000000E+01   5.20000000000E+01
   5.60000000000E+01   6.00000000000E+01   7.00000000000E+01   8.00000000000E+01
   9.00000000000E+01   1.00000000000E+02   1.20000000000E+02   1.40000000000E+02
   1.60000000000E+02   1.80000000000E+02   2.00000000000E+02                  72
                  83                  94                 165                 640
                1291                2052                2912                4006
                5178                6415                7704                9032
               10412               11857               13584               15356
               17173               19005               20852               22729
               24636               26865               29128               31695
               34300               37242               40487               43778
               47092                   2                   3   0.00000000000E+00
   5.00000000000E-07   1.00000000000E-06   0.00000000000E+00   2.00000000000E+06
   0.00000000000E+00   0.00000000000E+00   5.00000000000E-01   1.00000000000E+00
                   2                   3   0.00000000000E+00   5.00000000000E-07
   1.00000000000E-06   0.00000000000E+00   2.00000000000E+06   0.00000000000E+00
   0.00000000000E+00   5.00000000000E-01   1.00000000000E+00                   2
                  23   0.00000000000E+00   2.50000000000E-02   1.00000000000E-01
   2.00000000000E-01   3.00000000000E-01   4.00000000000E-01   5.00000000000E-01
   6.00000000000E-01   7.00000000000E-01   8.00000000000E-01   9.00000000000E-01
   1.00000000000E+00   1.10000000000E+00   1.20000000000E+00   1.30000000000E+00
   1.40000000000E+00   1.50000000000E+00   1.60000000000E+00   1.70000000000E+00
   1.80000000000E+00   1.90000000000E+00   2.00000000000E+00   2.10000000000E+00
   0.00000000000E+00   6.67709900000E-02   2.57948300000E-01   4.08824700000E-01
   4.74699400000E-01   4.94186400000E-01   4.90058500000E-01   4.74364000000E-01
   2.27247600000E-01   5.46148900000E-01   9.23643100000E-01   1.03608500000E+00
   3.53599100000E-02   7.79499600000E-01   4.58892900000E-01   8.70123700000E-01
   1.34914700000E-01   5.87992300000E-03   1.23362900000E+00   4.21756000000E-06
   2.08310300000E-01   6.54143100000E-01   5.69790600000E-01   0.00000000000E+00
   8.34637333000E-04   1.30116101000E-02   4.63502584000E-02   9.05264612000E-02
   1.38970749000E-01   1.88182991000E-01   2.36404114000E-01   2.71484692000E-01
   3.10154515000E-01   3.83644111000E-01   4.81630511000E-01   5.35202754000E-01
   5.75945727000E-01   6.37865349000E-01   7.04316176000E-01   7.54568093000E-01
   7.61607824000E-01   8.23583267000E-01   8.85264925000E-01   8.95680650000E-01
   9.38803318000E-01   1.00000000000E+00                   2                  43
   0.00000000000E+00   2.50000000000E-02   1.00000000000E-01   2.00000000000E-01
   3.00000000000E-01   4.00000000000E-01   5.00000000000E-01   6.00000000000E-01
   7.00000000000E-01   8.00000000000E-01   9.00000000000E-01   1.00000000000E+00
   1.10000000000E+00   1.20000000000E+00   1.30000000000E+00   1.40000000000E+00
   1.50000000000E+00   1.60000000000E+00   1.70000000000E+00   1.80000000000E+00
   1.90000000000E+00   2.00000000000E+00   2.10000000000E+00   2.20000000000E+00
   2.30000000000E+00   2.40000000000E+00   2.50000000000E+00   2.60000000000E+00
   2.70000000000E+00   2.80000000000E+00   2.90000000000E+00   3.00000000000E+00
   3.10000000000E+00   3.20000000000E+00   3.30000000000E+00   3.40000000000E+00
   3.50000000000E+00   3.60000000000E+00   3.70000000000E+00   3.80000000000E+00
   3.90000000000E+00   4.00000000000E+00   4.10000000000E+00   0.00000000000E+00
   7.88446100000E-02   3.02183400000E-01   4.79754500000E-01   5.58287500000E-01
   5.82697100000E-01   5.79648900000E-01   5.63305700000E-01   5.40498300000E-01
   5.14501900000E-01   4.87229200000E-01   4.59502500000E-01   4.31713500000E-01
   4.04062600000E-01   3.76762800000E-01   3.49998400000E-01   3.23910400000E-01
   2.98656400000E-01   2.74388500000E-01   2.51223500000E-01   2.29243000000E-01
   2.08496500000E-01   1.89003200000E-01   1.70755500000E-01   1.53722800000E-01
   1.37855700000E-01   1.23089800000E-01   1.09349900000E-01   5.24524500000E-02
   5.10295900000E-02   1.11402300000E-01   1.47095200000E-01   1.32643400000E-02
   9.95375300000E-02   6.43184900000E-02   1.02275900000E-01   2.79928300000E-02
   7.16125700000E-03   1.15690300000E-01   2.51290000000E-07   3.04932700000E-02
   4.83643600000E-02   5.48621100000E-02   0.00000000000E+00   9.85557625000E-04
   1.52741080000E-02   5.43710030000E-02   1.06273103000E-01   1.63322333000E-01
   2.21439633000E-01   2.78587363000E-01   3.33777563000E-01   3.86527573000E-01
   4.36614128000E-01   4.83950713000E-01   5.28511513000E-01   5.70300318000E-01
   6.09341588000E-01   6.45679648000E-01   6.79375088000E-01   7.10503428000E-01
   7.39155673000E-01   7.65436273000E-01   7.89459598000E-01   8.11346573000E-01
   8.31221558000E-01   8.49209493000E-01   8.65433408000E-01   8.80012333000E-01
   8.93059608000E-01   9.04681593000E-01   9.12771710000E-01   9.17945812000E-01
   9.26067407000E-01   9.38992282000E-01   9.47010259000E-01   9.52650352000E-01
   9.60843153000E-01   9.69172873000E-01   9.75686309000E-01   9.77444014000E-01
   9.83586591000E-01   9.89371119000E-01   9.90895795000E-01   9.94838677000E-01
   1.00000000000E+00                   0                   0                   0
                   0                   0                   0                   0
                   0                   0                   0                   0
                   0                   0                   0                   0
                   0                   0                   0                   0
                   0                   0                   0                   0
                   0                   0                   0                   0
                   0                   0                   0                   0
                   0                   0                   0                   0
                   0                   0                   0                   0
                   0                   0                   0                   0
                   0                   0                   0                   0
                   0                   0                   0                   0
                   0                   0                   0                   0
                   0                   0                   0                   0
                   0                   0                   0                   0
                   0                   0                   0                   0
                   0                   0                   0                   0
                   0                   0                   0                   0
                   0                   0                   0                   0
                   0                   0                   0                   0
                   0                   0                   0                   0
                   0                   0                   0                   0
                   0                   0                   0                   0
                   0                   0                   0                   0
                   0                   0                   0                   0
                   0                   0                   0                   0
                   0                   0                   0                   0
                   0                   0                   0                   0
                   0                   0                   0                   0
                   0                   0                   0                   0
                   0                   0                   0                   0
                   0                   0                   0
