 48116.00u  114.909100  0.0000E+00   02/26/20
Ace Cd116 IAEA-PD                                                        mat4855
      0         0.      0         0.      0         0.      0         0.
      0         0.      0         0.      0         0.      0         0.
      0         0.      0         0.      0         0.      0         0.
      0         0.      0         0.      0         0.      0         0.
   300468    48116       89        1        7        2       12        0
        0        0        0        0        0        0        0        1
        1       90       90        0      179      268      269      270
      271      362      446        0        0        0        0        0
        0        0        0        0        0        0        0        0
        0        0        0        0        0        0        0        0
   9.99999000000E-01   1.00000000000E+00   1.50000000000E+00   2.00000000000E+00
   2.50000000000E+00   3.00000000000E+00   3.50000000000E+00   4.00000000000E+00
   4.50000000000E+00   5.00000000000E+00   5.50000000000E+00   6.00000000000E+00
   6.50000000000E+00   7.00000000000E+00   7.50000000000E+00   8.00000000000E+00
   8.50000000000E+00   9.00000000000E+00   9.50000000000E+00   1.00000000000E+01
   1.05000000000E+01   1.10000000000E+01   1.15000000000E+01   1.20000000000E+01
   1.25000000000E+01   1.30000000000E+01   1.35000000000E+01   1.40000000000E+01
   1.45000000000E+01   1.50000000000E+01   1.55000000000E+01   1.60000000000E+01
   1.65000000000E+01   1.70000000000E+01   1.75000000000E+01   1.80000000000E+01
   1.85000000000E+01   1.90000000000E+01   1.95000000000E+01   2.00000000000E+01
   2.10000000000E+01   2.20000000000E+01   2.30000000000E+01   2.40000000000E+01
   2.50000000000E+01   2.60000000000E+01   2.70000000000E+01   2.80000000000E+01
   2.90000000000E+01   3.00000000000E+01   3.20000000000E+01   3.40000000000E+01
   3.60000000000E+01   3.80000000000E+01   4.00000000000E+01   4.20000000000E+01
   4.40000000000E+01   4.60000000000E+01   4.80000000000E+01   5.00000000000E+01
   5.20000000000E+01   5.40000000000E+01   5.60000000000E+01   5.80000000000E+01
   6.00000000000E+01   6.20000000000E+01   6.40000000000E+01   6.60000000000E+01
   6.80000000000E+01   7.00000000000E+01   7.20000000000E+01   7.40000000000E+01
   7.60000000000E+01   7.80000000000E+01   8.00000000000E+01   8.50000000000E+01
   9.00000000000E+01   9.50000000000E+01   1.00000000000E+02   1.10000000000E+02
   1.20000000000E+02   1.30000000000E+02   1.40000000000E+02   1.50000000000E+02
   1.60000000000E+02   1.70000000000E+02   1.80000000000E+02   1.90000000000E+02
   2.00000000000E+02   0.00000000000E+00   1.43733000000E-05   4.10975700000E-05
   8.95417400000E-05   1.67496100000E-04   2.84279100000E-04   4.51328900000E-04
   6.83012300000E-04   9.97751500000E-04   1.41957100000E-03   1.98004900000E-03
   2.72012700000E-03   3.68964500000E-03   4.93912800000E-03   6.49794400000E-03
   8.35738700000E-03   1.05244700000E-02   1.31376300000E-02   1.64848500000E-02
   2.09302000000E-02   2.68982200000E-02   3.49230100000E-02   4.57068600000E-02
   6.01633600000E-02   7.94296400000E-02   1.04771200000E-01   1.37089800000E-01
   1.75547300000E-01   2.15386800000E-01   2.47114400000E-01   2.60739500000E-01
   2.53363600000E-01   2.30936100000E-01   2.02329900000E-01   1.73968400000E-01
   1.48850800000E-01   1.27745900000E-01   1.10403000000E-01   9.62422200000E-02
   8.46574500000E-02   6.70232900000E-02   5.46416600000E-02   4.56345500000E-02
   3.88676600000E-02   3.36408000000E-02   2.95084700000E-02   2.61781900000E-02
   2.34521400000E-02   2.11927000000E-02   1.93015500000E-02   1.63540500000E-02
   1.42183600000E-02   1.26558100000E-02   1.15092500000E-02   1.06691600000E-02
   1.00563000000E-02   9.61203800000E-03   9.29254400000E-03   9.06484200000E-03
   8.90409000000E-03   8.79156500000E-03   8.71316000000E-03   8.65826100000E-03
   8.61889300000E-03   8.58908200000E-03   8.56437300000E-03   8.54146200000E-03
   8.51792400000E-03   8.49200400000E-03   8.46245900000E-03   8.42843900000E-03
   8.38939500000E-03   8.34500900000E-03   8.29514000000E-03   8.23978400000E-03
   8.07824400000E-03   7.88665000000E-03   7.67004100000E-03   7.43420800000E-03
   6.92911800000E-03   6.41922700000E-03   5.94954200000E-03   5.56138800000E-03
   5.07897700000E-03   4.66231700000E-03   4.29952000000E-03   3.98133000000E-03
   3.70043900000E-03   3.45101200000E-03   0.00000000000E+00   1.00000000000E+00
   1.02153200000E+00   1.04306600000E+00   1.06459900000E+00   1.08613200000E+00
   7.95568100000E-01   3.95511400000E-01   3.72771700000E-01   3.55065700000E-01
   3.28646500000E-01   2.76232200000E-01   2.85103500000E-01   2.60899700000E-01
   2.06681600000E-01   1.29324700000E-01   1.94514600000E+00   8.40253300000E+00
   8.13156600000E+00   8.71287900000E+00   8.75640700000E+00   8.80349200000E+00
   8.78656300000E+00   8.71447000000E+00   8.74646000000E+00   8.75482500000E+00
   8.78555300000E+00   8.76818400000E+00   8.97196200000E+00   9.22662100000E+00
   1.01531500000E+01   1.09351200000E+01   1.15940800000E+01   1.19867600000E+01
   1.22687400000E+01   1.24811300000E+01   1.25864200000E+01   1.26964600000E+01
   1.28218800000E+01   1.29521300000E+01   1.31294800000E+01   1.33421500000E+01
   1.35443500000E+01   1.37953800000E+01   1.41299000000E+01   1.45532700000E+01
   1.52437200000E+01   1.59316800000E+01   1.66358300000E+01   1.73270700000E+01
   1.86102200000E+01   1.98583800000E+01   2.10236500000E+01   2.22367700000E+01
   2.34045600000E+01   2.45325000000E+01   2.56308700000E+01   2.67573800000E+01
   2.78620900000E+01   2.90039900000E+01   3.01869800000E+01   3.13405900000E+01
   3.24627700000E+01   3.35913200000E+01   3.46326900000E+01   3.57523600000E+01
   3.68903100000E+01   3.79524000000E+01   3.89759000000E+01   4.00703500000E+01
   4.10762200000E+01   4.21647300000E+01   4.31766000000E+01   4.41697600000E+01
   4.52412500000E+01   4.78775300000E+01   5.04395700000E+01   5.30425300000E+01
   5.55208800000E+01   6.06930300000E+01   6.55789800000E+01   7.05567400000E+01
   7.56294600000E+01   8.06732500000E+01   8.57504200000E+01   9.18490400000E+01
   9.62302400000E+01   1.01388300000E+02   1.06622300000E+02                   5
   0.00000000000E+00                   1                   1                  89
   0.00000000000E+00   1.43733000000E-05   4.10975700000E-05   8.95417400000E-05
   1.67496100000E-04   2.84279100000E-04   4.51328900000E-04   6.83012300000E-04
   9.97751500000E-04   1.41957100000E-03   1.98004900000E-03   2.72012700000E-03
   3.68964500000E-03   4.93912800000E-03   6.49794400000E-03   8.35738700000E-03
   1.05244700000E-02   1.31376300000E-02   1.64848500000E-02   2.09302000000E-02
   2.68982200000E-02   3.49230100000E-02   4.57068600000E-02   6.01633600000E-02
   7.94296400000E-02   1.04771200000E-01   1.37089800000E-01   1.75547300000E-01
   2.15386800000E-01   2.47114400000E-01   2.60739500000E-01   2.53363600000E-01
   2.30936100000E-01   2.02329900000E-01   1.73968400000E-01   1.48850800000E-01
   1.27745900000E-01   1.10403000000E-01   9.62422200000E-02   8.46574500000E-02
   6.70232900000E-02   5.46416600000E-02   4.56345500000E-02   3.88676600000E-02
   3.36408000000E-02   2.95084700000E-02   2.61781900000E-02   2.34521400000E-02
   2.11927000000E-02   1.93015500000E-02   1.63540500000E-02   1.42183600000E-02
   1.26558100000E-02   1.15092500000E-02   1.06691600000E-02   1.00563000000E-02
   9.61203800000E-03   9.29254400000E-03   9.06484200000E-03   8.90409000000E-03
   8.79156500000E-03   8.71316000000E-03   8.65826100000E-03   8.61889300000E-03
   8.58908200000E-03   8.56437300000E-03   8.54146200000E-03   8.51792400000E-03
   8.49200400000E-03   8.46245900000E-03   8.42843900000E-03   8.38939500000E-03
   8.34500900000E-03   8.29514000000E-03   8.23978400000E-03   8.07824400000E-03
   7.88665000000E-03   7.67004100000E-03   7.43420800000E-03   6.92911800000E-03
   6.41922700000E-03   5.94954200000E-03   5.56138800000E-03   5.07897700000E-03
   4.66231700000E-03   4.29952000000E-03   3.98133000000E-03   3.70043900000E-03
   3.45101200000E-03                   1                   1                 446
                 521                 596                 597                 598
                 599                 751                 752                 752
                 753                   2                   1               52624
               52715               52806               52807               52808
               52809               52983               52984               52984
               52985                   9                   1               66637
               66707               66777               66778               66779
               66780               66922               66923               66923
               66924                  31                   1              116207
              116266              116325              116326              116327
              116328              116446              116447              116447
              116448                  32                   1              158176
              158235              158294              158295              158296
              158297              158417              158418              158418
              158419                  33                   1              200942
              200994              201046              201047              201048
              201049              201155              201156              201156
              201157                  34                   1              239625
              239706              239787              239788              239789
              239790              239956              239957              239957
              239958                  17                  73   0.00000000000E+00
   1.27157400000E-02   1.63135500000E-02   2.07773500000E-02   2.66900500000E-02
   3.46222800000E-02   4.53210600000E-02   5.97267800000E-02   7.89802200000E-02
   1.04338200000E-01   1.36727600000E-01   1.75235700000E-01   2.15128800000E-01
   2.50394300000E-01   3.11152700000E-01   3.43270700000E-01   3.40300500000E-01
   3.12600700000E-01   2.76031000000E-01   2.39411200000E-01   2.08228600000E-01
   1.82078500000E-01   1.60239000000E-01   1.42255300000E-01   1.14616700000E-01
   9.47518600000E-02   8.01227700000E-02   6.86735200000E-02   5.99839300000E-02
   5.38247200000E-02   4.91508900000E-02   4.53826300000E-02   4.21136700000E-02
   3.92707800000E-02   3.44162800000E-02   3.08282100000E-02   2.82601700000E-02
   2.65014900000E-02   2.53177500000E-02   2.45073900000E-02   2.40245900000E-02
   2.37716000000E-02   2.37337300000E-02   2.38382100000E-02   2.40900600000E-02
   2.43783100000E-02   2.47374400000E-02   2.50933400000E-02   2.55251900000E-02
   2.59415000000E-02   2.63269600000E-02   2.67590600000E-02   2.71778100000E-02
   2.75175500000E-02   2.79219200000E-02   2.82132400000E-02   2.85141100000E-02
   2.88124800000E-02   2.90114400000E-02   2.95217800000E-02   2.98481000000E-02
   2.99674200000E-02   3.00109900000E-02   2.96073400000E-02   2.89334300000E-02
   2.82032800000E-02   2.75175300000E-02   2.62889200000E-02   2.51359000000E-02
   2.40552000000E-02   2.35708800000E-02   2.27163000000E-02   2.18968900000E-02
                  17                  73   0.00000000000E+00   1.49146500000E-01
   4.06072600000E-01   6.61710200000E-01   7.98329800000E-01   9.34418400000E-01
   1.07139300000E+00   1.20964900000E+00   1.21044400000E+00   1.21114600000E+00
   1.21180300000E+00   1.21169900000E+00   1.23283500000E+00   1.27142800000E+00
   1.52179600000E+00   1.75547500000E+00   2.05881200000E+00   2.31538300000E+00
   2.53882100000E+00   2.73677800000E+00   2.95616400000E+00   3.17571600000E+00
   3.39252300000E+00   3.61215000000E+00   4.03725800000E+00   4.46005500000E+00
   4.89903000000E+00   5.31563600000E+00   5.70191800000E+00   6.17819000000E+00
   6.61202300000E+00   7.07509100000E+00   7.52029900000E+00   7.96067900000E+00
   8.91618600000E+00   9.74433200000E+00   1.06102200000E+01   1.14324400000E+01
   1.22880800000E+01   1.31254700000E+01   1.39803400000E+01   1.48018500000E+01
   1.56541900000E+01   1.65011700000E+01   1.73586900000E+01   1.82261900000E+01
   1.91243100000E+01   1.99932200000E+01   2.09235300000E+01   2.18101000000E+01
   2.26860000000E+01   2.36239900000E+01   2.45782600000E+01   2.54919200000E+01
   2.64689700000E+01   2.73751900000E+01   2.83279700000E+01   2.93186600000E+01
   3.02487600000E+01   3.25974100000E+01   3.50021700000E+01   3.73727200000E+01
   3.98936500000E+01   4.46104200000E+01   4.95731200000E+01   5.44777400000E+01
   5.93062600000E+01   6.41108200000E+01   6.89341700000E+01   7.26837700000E+01
   7.81257900000E+01   8.28429400000E+01   8.75222600000E+01                   5
                  -1                   1                   6                   5
                   0                  74   1.00000000000E+00   8.69931800000E+00
   9.00000000000E+00   9.50000000000E+00   1.00000000000E+01   1.05000000000E+01
   1.10000000000E+01   1.15000000000E+01   1.20000000000E+01   1.25000000000E+01
   1.30000000000E+01   1.35000000000E+01   1.40000000000E+01   1.45000000000E+01
   1.50000000000E+01   1.55000000000E+01   1.60000000000E+01   1.65000000000E+01
   1.70000000000E+01   1.75000000000E+01   1.80000000000E+01   1.85000000000E+01
   1.90000000000E+01   1.95000000000E+01   2.00000000000E+01   2.10000000000E+01
   2.20000000000E+01   2.30000000000E+01   2.40000000000E+01   2.50000000000E+01
   2.60000000000E+01   2.70000000000E+01   2.80000000000E+01   2.90000000000E+01
   3.00000000000E+01   3.20000000000E+01   3.40000000000E+01   3.60000000000E+01
   3.80000000000E+01   4.00000000000E+01   4.20000000000E+01   4.40000000000E+01
   4.60000000000E+01   4.80000000000E+01   5.00000000000E+01   5.20000000000E+01
   5.40000000000E+01   5.60000000000E+01   5.80000000000E+01   6.00000000000E+01
   6.20000000000E+01   6.40000000000E+01   6.60000000000E+01   6.80000000000E+01
   7.00000000000E+01   7.20000000000E+01   7.40000000000E+01   7.60000000000E+01
   7.80000000000E+01   8.00000000000E+01   8.50000000000E+01   9.00000000000E+01
   9.50000000000E+01   1.00000000000E+02   1.10000000000E+02   1.20000000000E+02
   1.30000000000E+02   1.40000000000E+02   1.50000000000E+02   1.60000000000E+02
   1.70000000000E+02   1.80000000000E+02   1.90000000000E+02   2.00000000000E+02
   0.00000000000E+00   0.00000000000E+00   9.67886900000E-01   9.89608600000E-01
   9.92697200000E-01   9.92260800000E-01   9.91388800000E-01   9.91559300000E-01
   9.92743400000E-01   9.94341900000E-01   9.95867200000E-01   9.97357900000E-01
   9.98225000000E-01   9.98802200000E-01   1.01327300000E+00   1.19334700000E+00
   1.35485400000E+00   1.47357000000E+00   1.54500500000E+00   1.58667300000E+00
   1.60839700000E+00   1.63002200000E+00   1.64921700000E+00   1.66495500000E+00
   1.68036400000E+00   1.71010300000E+00   1.73405900000E+00   1.75574800000E+00
   1.76685500000E+00   1.78307100000E+00   1.82404300000E+00   1.87755100000E+00
   1.93511700000E+00   1.98717800000E+00   2.03459200000E+00   2.10445000000E+00
   2.16819700000E+00   2.23298000000E+00   2.30262500000E+00   2.37298400000E+00
   2.43701900000E+00   2.49942700000E+00   2.55813700000E+00   2.61821800000E+00
   2.67722000000E+00   2.74013300000E+00   2.79787200000E+00   2.85709100000E+00
   2.91143400000E+00   2.97181800000E+00   3.02900200000E+00   3.08225500000E+00
   3.14150000000E+00   3.20040000000E+00   3.25172000000E+00   3.31282200000E+00
   3.36296500000E+00   3.41690600000E+00   3.47341700000E+00   3.52089800000E+00
   3.65448000000E+00   3.78463600000E+00   3.90707400000E+00   4.03687800000E+00
   4.27288700000E+00   4.50730700000E+00   4.74041200000E+00   4.94796100000E+00
   5.17602700000E+00   5.39128900000E+00   5.59485700000E+00   5.92035300000E+00
   6.13881200000E+00   6.34506300000E+00                   0                   1
                   0                   4                  10                   0
                   2   1.00000000000E+00   2.00000000000E+02   1.00000000000E+00
   1.00000000000E+00                   0                  31   1.00000000000E+00
   8.69931800000E+00   1.00000000000E+01   1.20000000000E+01   1.40000000000E+01
   1.60000000000E+01   1.80000000000E+01   2.00000000000E+01   2.20000000000E+01
   2.40000000000E+01   2.60000000000E+01   2.80000000000E+01   3.00000000000E+01
   3.20000000000E+01   3.60000000000E+01   4.00000000000E+01   4.40000000000E+01
   4.80000000000E+01   5.00000000000E+01   5.20000000000E+01   5.60000000000E+01
   6.00000000000E+01   7.00000000000E+01   8.00000000000E+01   9.00000000000E+01
   1.00000000000E+02   1.20000000000E+02   1.40000000000E+02   1.60000000000E+02
   1.80000000000E+02   2.00000000000E+02                  74                  85
                  96                 143                 250                 857
                1629                2511                3470                4495
                5771                7099                8466                9885
               11330               12840               14389               16221
               18098               19990               21897               23834
               25786               28049               30363               32987
               35630               38593               41884               45198
               48535                   2                   3   0.00000000000E+00
   5.00000000000E-07   1.00000000000E-06   0.00000000000E+00   2.00000000000E+06
   0.00000000000E+00   0.00000000000E+00   5.00000000000E-01   1.00000000000E+00
                   2                   3   0.00000000000E+00   5.00000000000E-07
   1.00000000000E-06   0.00000000000E+00   2.00000000000E+06   0.00000000000E+00
   0.00000000000E+00   5.00000000000E-01   1.00000000000E+00                   2
                  15   0.00000000000E+00   2.50000000000E-02   1.00000000000E-01
   2.00000000000E-01   3.00000000000E-01   4.00000000000E-01   5.00000000000E-01
   6.00000000000E-01   7.00000000000E-01   8.00000000000E-01   9.00000000000E-01
   1.00000000000E+00   1.10000000000E+00   1.20000000000E+00   1.30000000000E+00
   0.00000000000E+00   1.11286900000E-01   4.44383500000E-01   5.93518200000E-01
   8.07053300000E-01   7.57691200000E-01   1.09639100000E+00   9.16247300000E-01
   8.00650800000E-01   2.29162700000E+00   7.59122500000E-01   2.28428000000E-06
   1.03242700000E+00   6.61928000000E-08   1.00158000000E+00   0.00000000000E+00
   1.39108630000E-03   2.22287270000E-02   7.41238137000E-02   1.44152391000E-01
   2.22389619000E-01   3.15093732000E-01   4.15725650000E-01   5.01570558000E-01
   6.56184453000E-01   8.08721934000E-01   8.46678174000E-01   8.98299640000E-01
   9.49920995000E-01   1.00000000000E+00                   2                  35
   0.00000000000E+00   2.50000000000E-02   1.00000000000E-01   2.00000000000E-01
   3.00000000000E-01   4.00000000000E-01   5.00000000000E-01   6.00000000000E-01
   7.00000000000E-01   8.00000000000E-01   9.00000000000E-01   1.00000000000E+00
   1.10000000000E+00   1.20000000000E+00   1.30000000000E+00   1.40000000000E+00
   1.50000000000E+00   1.60000000000E+00   1.70000000000E+00   1.80000000000E+00
   1.90000000000E+00   2.00000000000E+00   2.10000000000E+00   2.20000000000E+00
   2.30000000000E+00   2.40000000000E+00   2.50000000000E+00   2.60000000000E+00
   2.70000000000E+00   2.80000000000E+00   2.90000000000E+00   3.00000000000E+00
   3.10000000000E+00   3.20000000000E+00   3.30000000000E+00   0.00000000000E+00
   8.61362900000E-02   3.38296900000E-01   5.23663300000E-01   5.99446600000E-01
   6.17267000000E-01   6.05628900000E-01   5.79381200000E-01   5.46383700000E-01
   5.10432800000E-01   4.73563300000E-01   4.36841400000E-01   4.00876700000E-01
   3.66055500000E-01   3.32682800000E-01   3.00984500000E-01   2.71134700000E-01
   2.43255500000E-01   2.17419000000E-01   9.69379000000E-02   1.09832800000E-01
   2.52199400000E-01   2.77273800000E-01   2.88451800000E-01   2.01780800000E-01
   1.94265500000E-01   1.88302800000E-01   2.01765800000E-01   9.82151200000E-02
   3.17479200000E-01   2.22873000000E-01   2.44718000000E-07   1.36386700000E-01
   7.33348000000E-09   1.00280400000E-01   0.00000000000E+00   1.07670364000E-03
   1.69929484000E-02   6.00909588000E-02   1.16246454000E-01   1.77082135000E-01
   2.38226931000E-01   2.97477436000E-01   3.53765682000E-01   4.06606507000E-01
   4.55806313000E-01   5.01326548000E-01   5.43212453000E-01   5.81559064000E-01
   6.16495979000E-01   6.48179344000E-01   6.76785305000E-01   7.02504815000E-01
   7.25538540000E-01   7.41256385000E-01   7.51594920000E-01   7.69696531000E-01
   7.96170191000E-01   8.24456471000E-01   8.48968101000E-01   8.68770417000E-01
   8.87898832000E-01   9.07402262000E-01   9.22401308000E-01   9.43186024000E-01
   9.70203635000E-01   9.81347297000E-01   9.88166644000E-01   9.94985980000E-01
   1.00000000000E+00                   2                  55   0.00000000000E+00
   2.50000000000E-02   1.00000000000E-01   2.00000000000E-01   3.00000000000E-01
   4.00000000000E-01   5.00000000000E-01   6.00000000000E-01   7.00000000000E-01
   8.00000000000E-01   9.00000000000E-01   1.00000000000E+00   1.10000000000E+00
   1.20000000000E+00   1.30000000000E+00   1.40000000000E+00   1.50000000000E+00
   1.60000000000E+00   1.70000000000E+00   1.80000000000E+00   1.90000000000E+00
   2.00000000000E+00   2.10000000000E+00   2.20000000000E+00   2.30000000000E+00
   2.40000000000E+00   2.50000000000E+00   2.60000000000E+00   2.70000000000E+00
   2.80000000000E+00   2.90000000000E+00   3.00000000000E+00   3.10000000000E+00
   3.20000000000E+00   3.30000000000E+00   3.40000000000E+00   3.50000000000E+00
   3.60000000000E+00   3.70000000000E+00   3.80000000000E+00   3.90000000000E+00
   4.00000000000E+00   4.10000000000E+00   4.20000000000E+00   4.30000000000E+00
   4.40000000000E+00   4.50000000000E+00   4.60000000000E+00   4.70000000000E+00
   4.80000000000E+00   4.90000000000E+00   5.00000000000E+00   5.10000000000E+00
   5.20000000000E+00   5.30000000000E+00   0.00000000000E+00   8.34546100000E-02
   3.31305700000E-01   5.18061500000E-01   5.97602500000E-01   6.19118100000E-01
   6.11550900000E-01   5.89519300000E-01   5.60630900000E-01   5.28648400000E-01
   4.95512600000E-01   4.62228100000E-01   4.29364100000E-01   3.97282700000E-01
   3.66269700000E-01   3.36550200000E-01   3.08305900000E-01   2.81674400000E-01
   2.56748900000E-01   2.33579700000E-01   2.12175500000E-01   1.92508500000E-01
   1.74521500000E-01   1.58133900000E-01   1.43248300000E-01   1.29756300000E-01
   1.17543400000E-01   1.06492400000E-01   9.64869900000E-02   8.74135400000E-02
   7.91630100000E-02   7.16317700000E-02   6.47223100000E-02   5.83436100000E-02
   5.24111400000E-02   4.68468400000E-02   4.15789800000E-02   3.65419600000E-02
   3.16759800000E-02   2.82688000000E-02   1.09459500000E-02   1.94772400000E-02
   2.10012600000E-02   1.61242900000E-02   9.37452900000E-03   1.00794800000E-02
   7.88054700000E-03   1.03065200000E-02   3.66359900000E-03   1.28904500000E-02
   1.58180400000E-02   4.42132000000E-09   6.86514100000E-03   1.24225000000E-10
   3.68096900000E-03   0.00000000000E+00   1.04318263000E-03   1.65966943000E-02
   5.90650545000E-02   1.14848255000E-01   1.75684285000E-01   2.37217735000E-01
   2.97271246000E-01   3.54778756000E-01   4.09242721000E-01   4.60450771000E-01
   5.08337806000E-01   5.52917417000E-01   5.94249757000E-01   6.32427377000E-01
   6.67568372000E-01   6.99811177000E-01   7.29310192000E-01   7.56231357000E-01
   7.80747788000E-01   8.03035548000E-01   8.23269748000E-01   8.41621248000E-01
   8.58254018000E-01   8.73323128000E-01   8.86973358000E-01   8.99338343000E-01
   9.10540133000E-01   9.20689103000E-01   9.29884129000E-01   9.38212957000E-01
   9.45752696000E-01   9.52570400000E-01   9.58723696000E-01   9.64261433000E-01
   9.69224332000E-01   9.73645623000E-01   9.77551670000E-01   9.80962567000E-01
   9.83959806000E-01   9.85920544000E-01   9.87441703000E-01   9.89465628000E-01
   9.91321906000E-01   9.92596847000E-01   9.93569547000E-01   9.94467549000E-01
   9.95376902000E-01   9.96075408000E-01   9.96903110000E-01   9.98338535000E-01
   9.99129437000E-01   9.99472694000E-01   9.99815952000E-01   1.00000000000E+00
                   0                   0                   0                   0
                   0                   0                   0                   0
                   0                   0                   0                   0
                   0                   0                   0                   0
                   0                   0                   0                   0
                   0                   0                   0                   0
                   0                   0                   0                   0
                   0                   0                   0                   0
                   0                   0                   0                   0
                   0                   0                   0                   0
                   0                   0                   0                   0
                   0                   0                   0                   0
                   0                   0                   0                   0
                   0                   0                   0                   0
                   0                   0                   0                   0
                   0                   0                   0                   0
                   0                   0                   0                   0
                   0                   0                   0                   0
                   0                   0                   0                   0
                   0                   0                   0                   0
                   0                   0                   0                   0
                   0                   0                   0                   0
                   0                   0                   0                   0
                   0                   0                   0                   0
                   0                   0                   0                   0
                   0                   0                   0                   0
                   0                   0                   0                   0
                   0                   0                   0                   0
                   0                   0                   0                   0
                   0                   0                   0                   0
                   0                   0                   0                   0
                   0                   0                   0                   0
                   0                   0
