 17035.00u   34.668450  0.0000E+00   06/19/20
Ace Cl35 IAEA-PD                                                         mat1725
      0         0.      0         0.      0         0.      0         0.
      0         0.      0         0.      0         0.      0         0.
      0         0.      0         0.      0         0.      0         0.
      0         0.      0         0.      0         0.      0         0.
   298614    17035       89        1        7        2       12        0
        0        0        0        0        0        0        0        1
        1       90       90        0      179      268      269      270
      271      362      446        0        0        0        0        0
        0        0        0        0        0        0        0        0
        0        0        0        0        0        0        0        0
   9.99999000000E-01   1.00000000000E+00   1.50000000000E+00   2.00000000000E+00
   2.50000000000E+00   3.00000000000E+00   3.50000000000E+00   4.00000000000E+00
   4.50000000000E+00   5.00000000000E+00   5.50000000000E+00   6.00000000000E+00
   6.50000000000E+00   7.00000000000E+00   7.50000000000E+00   8.00000000000E+00
   8.50000000000E+00   9.00000000000E+00   9.50000000000E+00   1.00000000000E+01
   1.05000000000E+01   1.10000000000E+01   1.15000000000E+01   1.20000000000E+01
   1.25000000000E+01   1.30000000000E+01   1.35000000000E+01   1.40000000000E+01
   1.45000000000E+01   1.50000000000E+01   1.55000000000E+01   1.60000000000E+01
   1.65000000000E+01   1.70000000000E+01   1.75000000000E+01   1.80000000000E+01
   1.85000000000E+01   1.90000000000E+01   1.95000000000E+01   2.00000000000E+01
   2.10000000000E+01   2.20000000000E+01   2.30000000000E+01   2.40000000000E+01
   2.50000000000E+01   2.60000000000E+01   2.70000000000E+01   2.80000000000E+01
   2.90000000000E+01   3.00000000000E+01   3.20000000000E+01   3.40000000000E+01
   3.60000000000E+01   3.80000000000E+01   4.00000000000E+01   4.20000000000E+01
   4.40000000000E+01   4.60000000000E+01   4.80000000000E+01   5.00000000000E+01
   5.20000000000E+01   5.40000000000E+01   5.60000000000E+01   5.80000000000E+01
   6.00000000000E+01   6.20000000000E+01   6.40000000000E+01   6.60000000000E+01
   6.80000000000E+01   7.00000000000E+01   7.20000000000E+01   7.40000000000E+01
   7.60000000000E+01   7.80000000000E+01   8.00000000000E+01   8.50000000000E+01
   9.00000000000E+01   9.50000000000E+01   1.00000000000E+02   1.10000000000E+02
   1.20000000000E+02   1.30000000000E+02   1.40000000000E+02   1.50000000000E+02
   1.60000000000E+02   1.70000000000E+02   1.80000000000E+02   1.90000000000E+02
   2.00000000000E+02   0.00000000000E+00   4.09366600000E-06   1.03234200000E-05
   2.04531000000E-05   3.54646100000E-05   5.64997100000E-05   8.49057200000E-05
   1.22296000000E-04   1.70633800000E-04   2.32351900000E-04   3.10521100000E-04
   4.09078500000E-04   5.33133800000E-04   6.89389300000E-04   8.86738400000E-04
   1.13714500000E-03   1.45693500000E-03   1.86862900000E-03   2.40320300000E-03
   3.10174200000E-03   4.01233000000E-03   5.17057600000E-03   6.54465200000E-03
   7.95885300000E-03   9.13808000000E-03   9.98840200000E-03   1.07569100000E-02
   1.18109800000E-02   1.34360000000E-02   1.58438000000E-02   1.92349600000E-02
   2.37988900000E-02   2.95861600000E-02   3.61965800000E-02   4.24538400000E-02
   4.67708300000E-02   4.84609000000E-02   4.83106900000E-02   4.75288200000E-02
   4.67704800000E-02   4.52157500000E-02   4.23050500000E-02   3.76674700000E-02
   3.23143800000E-02   2.72456500000E-02   2.29134000000E-02   1.93788700000E-02
   1.65426100000E-02   1.42700400000E-02   1.24387600000E-02   9.72903700000E-03
   7.87339600000E-03   6.56190600000E-03   5.61278500000E-03   4.91433200000E-03
   4.39439200000E-03   4.00422200000E-03   3.70969400000E-03   3.48626100000E-03
   3.31593600000E-03   3.18536800000E-03   3.08455800000E-03   3.00597400000E-03
   2.94391600000E-03   2.89405700000E-03   2.85310800000E-03   2.81856400000E-03
   2.78851600000E-03   2.76151500000E-03   2.73645900000E-03   2.71251900000E-03
   2.68907300000E-03   2.66565900000E-03   2.64194400000E-03   2.61769100000E-03
   2.55379300000E-03   2.48458000000E-03   2.41027500000E-03   2.33182800000E-03
   2.16801700000E-03   2.00543200000E-03   1.85683300000E-03   1.73443900000E-03
   1.58329300000E-03   1.45292100000E-03   1.33951300000E-03   1.24012400000E-03
   1.15243600000E-03   1.07460600000E-03   0.00000000000E+00   1.00000000000E+00
   9.70848300000E-01   9.41697400000E-01   9.12546400000E-01   8.83395400000E-01
   8.54244500000E-01   8.25093500000E-01   7.95942600000E-01   7.66791600000E-01
   7.37640600000E-01   7.08489700000E-01   8.08141600000E-01   1.95666800000E+00
   5.04612200000E+00   7.18253300000E+00   8.24274100000E+00   8.89389900000E+00
   9.25599400000E+00   9.43728700000E+00   9.66322900000E+00   9.96210000000E+00
   1.03015100000E+01   1.06190000000E+01   1.08623400000E+01   1.11307300000E+01
   1.12886000000E+01   1.14210500000E+01   1.15505600000E+01   1.15942500000E+01
   1.17158000000E+01   1.19216600000E+01   1.20257900000E+01   1.20806900000E+01
   1.21631300000E+01   1.23070400000E+01   1.24781400000E+01   1.27561300000E+01
   1.31353600000E+01   1.36014900000E+01   1.51061600000E+01   1.65736300000E+01
   1.79146500000E+01   1.89846100000E+01   1.98323000000E+01   2.05577200000E+01
   2.10764500000E+01   2.16720000000E+01   2.21878400000E+01   2.26924400000E+01
   2.37922600000E+01   2.52026000000E+01   2.67101800000E+01   2.82096400000E+01
   2.96558900000E+01   3.10799900000E+01   3.25905800000E+01   3.40094800000E+01
   3.54496500000E+01   3.68402100000E+01   3.83035400000E+01   3.97004500000E+01
   4.10636400000E+01   4.24743400000E+01   4.38744800000E+01   4.52826900000E+01
   4.66894400000E+01   4.80911800000E+01   4.94573800000E+01   5.07802000000E+01
   5.22179000000E+01   5.36067000000E+01   5.49811600000E+01   5.63801000000E+01
   5.77123500000E+01   6.10747900000E+01   6.43901200000E+01   6.78357200000E+01
   7.12452000000E+01   7.80586400000E+01   8.47435500000E+01   9.39244100000E+01
   1.01300500000E+02   1.08306200000E+02   1.15412600000E+02   1.22601600000E+02
   1.29907700000E+02   1.37033200000E+02   1.44111000000E+02                   5
   0.00000000000E+00                   1                   1                  89
   0.00000000000E+00   4.09366600000E-06   1.03234200000E-05   2.04531000000E-05
   3.54646100000E-05   5.64997100000E-05   8.49057200000E-05   1.22296000000E-04
   1.70633800000E-04   2.32351900000E-04   3.10521100000E-04   4.09078500000E-04
   5.33133800000E-04   6.89389300000E-04   8.86738400000E-04   1.13714500000E-03
   1.45693500000E-03   1.86862900000E-03   2.40320300000E-03   3.10174200000E-03
   4.01233000000E-03   5.17057600000E-03   6.54465200000E-03   7.95885300000E-03
   9.13808000000E-03   9.98840200000E-03   1.07569100000E-02   1.18109800000E-02
   1.34360000000E-02   1.58438000000E-02   1.92349600000E-02   2.37988900000E-02
   2.95861600000E-02   3.61965800000E-02   4.24538400000E-02   4.67708300000E-02
   4.84609000000E-02   4.83106900000E-02   4.75288200000E-02   4.67704800000E-02
   4.52157500000E-02   4.23050500000E-02   3.76674700000E-02   3.23143800000E-02
   2.72456500000E-02   2.29134000000E-02   1.93788700000E-02   1.65426100000E-02
   1.42700400000E-02   1.24387600000E-02   9.72903700000E-03   7.87339600000E-03
   6.56190600000E-03   5.61278500000E-03   4.91433200000E-03   4.39439200000E-03
   4.00422200000E-03   3.70969400000E-03   3.48626100000E-03   3.31593600000E-03
   3.18536800000E-03   3.08455800000E-03   3.00597400000E-03   2.94391600000E-03
   2.89405700000E-03   2.85310800000E-03   2.81856400000E-03   2.78851600000E-03
   2.76151500000E-03   2.73645900000E-03   2.71251900000E-03   2.68907300000E-03
   2.66565900000E-03   2.64194400000E-03   2.61769100000E-03   2.55379300000E-03
   2.48458000000E-03   2.41027500000E-03   2.33182800000E-03   2.16801700000E-03
   2.00543200000E-03   1.85683300000E-03   1.73443900000E-03   1.58329300000E-03
   1.45292100000E-03   1.33951300000E-03   1.24012400000E-03   1.15243600000E-03
   1.07460600000E-03                   1                   1                 446
                 513                 580                 581                 582
                 583                 719                 720                 720
                 721                   2                   1               47255
               47346               47437               47438               47439
               47440               47602               47603               47603
               47604                   9                   1               61126
               61206               61286               61287               61288
               61289               61449               61450               61450
               61451                  31                   1              116799
              116860              116921              116922              116923
              116924              117048              117049              117049
              117050                  32                   1              160186
              160243              160300              160301              160302
              160303              160417              160418              160418
              160419                  33                   1              201486
              201539              201592              201593              201594
              201595              201703              201704              201704
              201705                  34                   1              240226
              240305              240384              240385              240386
              240387              240545              240546              240546
              240547                  25                  65   0.00000000000E+00
   6.79495200000E-04   1.77350300000E-03   2.46984700000E-03   3.05934000000E-03
   4.18524800000E-03   5.63592200000E-03   7.17127000000E-03   9.38335400000E-03
   1.22886600000E-02   1.52905200000E-02   1.73195100000E-02   1.84493400000E-02
   1.87031500000E-02   1.90257900000E-02   1.94801200000E-02   2.18033400000E-02
   2.31152900000E-02   2.23615100000E-02   2.02720800000E-02   1.78062100000E-02
   1.55092100000E-02   1.36889600000E-02   1.20062200000E-02   1.06024000000E-02
   9.46495100000E-03   7.91468300000E-03   6.82134900000E-03   6.01138600000E-03
   5.35411100000E-03   4.83490700000E-03   4.45331600000E-03   4.13899200000E-03
   3.97320500000E-03   3.85891100000E-03   3.80265600000E-03   3.76889200000E-03
   3.74530400000E-03   3.73448700000E-03   3.74540900000E-03   3.76016700000E-03
   3.77920400000E-03   3.80042500000E-03   3.83130700000E-03   3.86224100000E-03
   3.90389500000E-03   3.93112600000E-03   3.97689400000E-03   4.00395000000E-03
   4.03499600000E-03   4.07225000000E-03   4.14740100000E-03   4.18800600000E-03
   4.22742500000E-03   4.24015400000E-03   4.20622200000E-03   4.12243800000E-03
   4.04045900000E-03   4.19609500000E-03   4.00824200000E-03   3.82803900000E-03
   3.68075300000E-03   3.53383300000E-03   3.40125100000E-03   3.27887700000E-03
                  25                  65   0.00000000000E+00   1.61421800000E-02
   9.41849600000E-02   1.89299500000E-01   2.57292500000E-01   3.57855900000E-01
   4.62783400000E-01   5.43648900000E-01   6.19933400000E-01   7.14704600000E-01
   8.12425400000E-01   8.91024800000E-01   9.72107800000E-01   1.04555200000E+00
   1.14002900000E+00   1.24750900000E+00   1.46710300000E+00   1.68823500000E+00
   1.95863400000E+00   2.20119800000E+00   2.45867900000E+00   2.71785000000E+00
   3.00152400000E+00   3.25357000000E+00   3.52209100000E+00   3.80314200000E+00
   4.40918800000E+00   4.99751000000E+00   5.60343200000E+00   6.22294600000E+00
   6.81859000000E+00   7.34399300000E+00   7.81758900000E+00   8.39355800000E+00
   8.97768400000E+00   9.58272000000E+00   1.01846700000E+01   1.07912200000E+01
   1.13887500000E+01   1.20026400000E+01   1.26045600000E+01   1.31890700000E+01
   1.37706500000E+01   1.43836500000E+01   1.49993800000E+01   1.56649600000E+01
   1.62365100000E+01   1.68984400000E+01   1.74976800000E+01   1.81321000000E+01
   1.88158400000E+01   2.04615900000E+01   2.20876000000E+01   2.36955000000E+01
   2.53052700000E+01   2.84866200000E+01   3.17583600000E+01   3.27151200000E+01
   3.53691800000E+01   3.81767500000E+01   4.09452200000E+01   4.37488500000E+01
   4.64534000000E+01   4.92053300000E+01   5.20002400000E+01                   5
                  -1                   1                   6                   5
                   0                  66   1.00000000000E+00   1.26447600000E+01
   1.30000000000E+01   1.35000000000E+01   1.40000000000E+01   1.45000000000E+01
   1.50000000000E+01   1.55000000000E+01   1.60000000000E+01   1.65000000000E+01
   1.70000000000E+01   1.75000000000E+01   1.80000000000E+01   1.85000000000E+01
   1.90000000000E+01   1.95000000000E+01   2.00000000000E+01   2.10000000000E+01
   2.20000000000E+01   2.30000000000E+01   2.40000000000E+01   2.50000000000E+01
   2.60000000000E+01   2.70000000000E+01   2.80000000000E+01   2.90000000000E+01
   3.00000000000E+01   3.20000000000E+01   3.40000000000E+01   3.60000000000E+01
   3.80000000000E+01   4.00000000000E+01   4.20000000000E+01   4.40000000000E+01
   4.60000000000E+01   4.80000000000E+01   5.00000000000E+01   5.20000000000E+01
   5.40000000000E+01   5.60000000000E+01   5.80000000000E+01   6.00000000000E+01
   6.20000000000E+01   6.40000000000E+01   6.60000000000E+01   6.80000000000E+01
   7.00000000000E+01   7.20000000000E+01   7.40000000000E+01   7.60000000000E+01
   7.80000000000E+01   8.00000000000E+01   8.50000000000E+01   9.00000000000E+01
   9.50000000000E+01   1.00000000000E+02   1.10000000000E+02   1.20000000000E+02
   1.30000000000E+02   1.40000000000E+02   1.50000000000E+02   1.60000000000E+02
   1.70000000000E+02   1.80000000000E+02   1.90000000000E+02   2.00000000000E+02
   0.00000000000E+00   0.00000000000E+00   6.80284200000E-02   1.64871000000E-01
   2.09114500000E-01   2.27697200000E-01   2.64156800000E-01   2.93004100000E-01
   3.01327900000E-01   3.17153500000E-01   3.39497800000E-01   3.60168100000E-01
   3.70305800000E-01   3.80705700000E-01   3.87143100000E-01   4.00300100000E-01
   4.16504600000E-01   4.82206800000E-01   5.46395500000E-01   5.93655700000E-01
   6.27339300000E-01   6.53543200000E-01   6.76862000000E-01   7.06385900000E-01
   7.25775400000E-01   7.42983200000E-01   7.60924000000E-01   8.13511500000E-01
   8.66379500000E-01   9.16103600000E-01   9.53913400000E-01   9.83838100000E-01
   1.01340900000E+00   1.03365700000E+00   1.07103300000E+00   1.10689100000E+00
   1.14678200000E+00   1.18318900000E+00   1.21421100000E+00   1.24235500000E+00
   1.27225400000E+00   1.29927200000E+00   1.32459200000E+00   1.34835500000E+00
   1.37395900000E+00   1.39859500000E+00   1.42662300000E+00   1.44925300000E+00
   1.47890900000E+00   1.50204900000E+00   1.52728300000E+00   1.55566500000E+00
   1.62401600000E+00   1.68559900000E+00   1.75391800000E+00   1.81838200000E+00
   1.94012400000E+00   2.05563600000E+00   2.17599500000E+00   2.41928100000E+00
   2.53158600000E+00   2.63471900000E+00   2.74782900000E+00   2.84958000000E+00
   2.95135800000E+00   3.05123600000E+00                   0                   1
                   0                   4                  10                   0
                   2   1.00000000000E+00   2.00000000000E+02   1.00000000000E+00
   1.00000000000E+00                   0                  29   1.00000000000E+00
   1.26447600000E+01   1.40000000000E+01   1.60000000000E+01   1.80000000000E+01
   2.00000000000E+01   2.20000000000E+01   2.40000000000E+01   2.60000000000E+01
   2.80000000000E+01   3.00000000000E+01   3.20000000000E+01   3.60000000000E+01
   4.00000000000E+01   4.40000000000E+01   4.80000000000E+01   5.00000000000E+01
   5.20000000000E+01   5.60000000000E+01   6.00000000000E+01   7.00000000000E+01
   8.00000000000E+01   9.00000000000E+01   1.00000000000E+02   1.20000000000E+02
   1.40000000000E+02   1.60000000000E+02   1.80000000000E+02   2.00000000000E+02
                  70                  99                 128                 274
                 639                1158                1901                2761
                3712                4741                5835                6994
                8205                9494               11071               12708
               14390               16102               17844               19616
               21418               23545               25723               28214
               30743               33601               36777               39999
               43244                   2                   3   0.00000000000E+00
   5.00000000000E-07   1.00000000000E-06   0.00000000000E+00   2.00000000000E+06
   0.00000000000E+00   0.00000000000E+00   5.00000000000E-01   1.00000000000E+00
                   0                   0                   0                   0
                   0                   0                   0                   0
                   0                   0                   0                   0
                   0                   0                   0                   0
                   0                   0                   2                   3
   0.00000000000E+00   5.00000000000E-07   1.00000000000E-06   0.00000000000E+00
   2.00000000000E+06   0.00000000000E+00   0.00000000000E+00   5.00000000000E-01
   1.00000000000E+00                   0                   0                   0
                   0                   0                   0                   0
                   0                   0                   0                   0
                   0                   0                   0                   0
                   0                   0                   0                   2
                  16   0.00000000000E+00   2.50000000000E-02   1.00000000000E-01
   2.00000000000E-01   3.00000000000E-01   4.00000000000E-01   5.00000000000E-01
   6.00000000000E-01   7.00000000000E-01   8.00000000000E-01   9.00000000000E-01
   1.00000000000E+00   1.10000000000E+00   1.20000000000E+00   1.30000000000E+00
   1.40000000000E+00   0.00000000000E+00   2.06383600000E-01   8.25534500000E-01
   1.39329000000E-07   1.20225000000E-07   9.28516000000E-08   6.62099000000E-08
   4.33457000000E-08   2.57300000000E+00   1.46486000000E-08   2.90745500000E+00
   3.02742000000E-09   1.00092000000E-09   3.05902100000E+00   3.35569000000E-11
   1.26997800000E+00   0.00000000000E+00   2.57979501000E-03   4.12767239000E-02
   8.25534560000E-02   8.25534690000E-02   8.25534796000E-02   8.25534876000E-02
   8.25534930000E-02   2.11203496000E-01   3.39853497000E-01   4.85226248000E-01
   6.30598999000E-01   6.30598999000E-01   7.83550049000E-01   9.36501100000E-01
   1.00000000000E+00                   0                   0                   0
                   0                   0                   0                   0
                   0                   0                   0                   0
                   0                   0                   0                   0
                   0                   0                   0                   0
                   0                   0                   0                   0
                   0                   0                   0                   0
                   0                   0                   0                   0
                   0                   0                   0                   0
                   0                   0                   0                   0
                   0                   0                   0                   0
                   0                   0                   0                   0
                   0                   0                   0                   0
                   0                   0                   0                   0
                   0                   0                   0                   0
                   0                   0                   0                   0
                   0                   0                   0                   0
                   0                   0                   0                   0
                   0                   0                   0                   0
                   0                   0                   0                   0
                   0                   0                   0                   0
                   0                   0                   0                   0
                   0                   0                   0                   0
                   0                   0                   0
