 17037.00u   36.648350  0.0000E+00   05/27/20
Ace Cl37 IAEA-PD                                                         mat1731
      0         0.      0         0.      0         0.      0         0.
      0         0.      0         0.      0         0.      0         0.
      0         0.      0         0.      0         0.      0         0.
      0         0.      0         0.      0         0.      0         0.
   298099    17037       89        1        7        2       12        0
        0        0        0        0        0        0        0        1
        1       90       90        0      179      268      269      270
      271      362      446        0        0        0        0        0
        0        0        0        0        0        0        0        0
        0        0        0        0        0        0        0        0
   9.99999000000E-01   1.00000000000E+00   1.50000000000E+00   2.00000000000E+00
   2.50000000000E+00   3.00000000000E+00   3.50000000000E+00   4.00000000000E+00
   4.50000000000E+00   5.00000000000E+00   5.50000000000E+00   6.00000000000E+00
   6.50000000000E+00   7.00000000000E+00   7.50000000000E+00   8.00000000000E+00
   8.50000000000E+00   9.00000000000E+00   9.50000000000E+00   1.00000000000E+01
   1.05000000000E+01   1.10000000000E+01   1.15000000000E+01   1.20000000000E+01
   1.25000000000E+01   1.30000000000E+01   1.35000000000E+01   1.40000000000E+01
   1.45000000000E+01   1.50000000000E+01   1.55000000000E+01   1.60000000000E+01
   1.65000000000E+01   1.70000000000E+01   1.75000000000E+01   1.80000000000E+01
   1.85000000000E+01   1.90000000000E+01   1.95000000000E+01   2.00000000000E+01
   2.10000000000E+01   2.20000000000E+01   2.30000000000E+01   2.40000000000E+01
   2.50000000000E+01   2.60000000000E+01   2.70000000000E+01   2.80000000000E+01
   2.90000000000E+01   3.00000000000E+01   3.20000000000E+01   3.40000000000E+01
   3.60000000000E+01   3.80000000000E+01   4.00000000000E+01   4.20000000000E+01
   4.40000000000E+01   4.60000000000E+01   4.80000000000E+01   5.00000000000E+01
   5.20000000000E+01   5.40000000000E+01   5.60000000000E+01   5.80000000000E+01
   6.00000000000E+01   6.20000000000E+01   6.40000000000E+01   6.60000000000E+01
   6.80000000000E+01   7.00000000000E+01   7.20000000000E+01   7.40000000000E+01
   7.60000000000E+01   7.80000000000E+01   8.00000000000E+01   8.50000000000E+01
   9.00000000000E+01   9.50000000000E+01   1.00000000000E+02   1.10000000000E+02
   1.20000000000E+02   1.30000000000E+02   1.40000000000E+02   1.50000000000E+02
   1.60000000000E+02   1.70000000000E+02   1.80000000000E+02   1.90000000000E+02
   2.00000000000E+02   0.00000000000E+00   4.09010300000E-06   1.03761500000E-05
   2.06587300000E-05   3.59687300000E-05   5.75036400000E-05   8.66759200000E-05
   1.25177200000E-04   1.75067300000E-04   2.38902200000E-04   3.19914200000E-04
   4.22258000000E-04   5.51342200000E-04   7.14287800000E-04   9.20583800000E-04
   1.18304700000E-03   1.51921500000E-03   1.95323200000E-03   2.51786600000E-03
   3.25477100000E-03   4.20660000000E-03   5.38620200000E-03   6.71045200000E-03
   7.95736400000E-03   8.91380800000E-03   9.64200400000E-03   1.04480400000E-02
   1.16348800000E-02   1.34152500000E-02   1.59639600000E-02   1.94673200000E-02
   2.41091300000E-02   2.99424800000E-02   3.65915000000E-02   4.29429100000E-02
   4.74907300000E-02   4.95645400000E-02   4.98529300000E-02   4.94193900000E-02
   4.88134500000E-02   4.69015400000E-02   4.31835600000E-02   3.79106400000E-02
   3.22784900000E-02   2.71639600000E-02   2.28793200000E-02   1.94115500000E-02
   1.66335800000E-02   1.44043700000E-02   1.26026100000E-02   9.92216200000E-03
   8.07281700000E-03   6.75717500000E-03   5.79992100000E-03   5.09250700000E-03
   4.56420400000E-03   4.16682400000E-03   3.86635200000E-03   3.63815800000E-03
   3.46409000000E-03   3.33061000000E-03   3.22754500000E-03   3.14720800000E-03
   3.08377000000E-03   3.03279900000E-03   2.99092000000E-03   2.95556400000E-03
   2.92476900000E-03   2.89704700000E-03   2.87126600000E-03   2.84657400000E-03
   2.82233300000E-03   2.79807100000E-03   2.77344600000E-03   2.74821700000E-03
   2.68158600000E-03   2.60923400000E-03   2.53144100000E-03   2.44922900000E-03
   2.27740700000E-03   2.10676400000E-03   1.95075600000E-03   1.82224700000E-03
   1.66348900000E-03   1.52654300000E-03   1.40741300000E-03   1.30300400000E-03
   1.21088600000E-03   1.12912100000E-03   0.00000000000E+00   1.00000000000E+00
   9.70153200000E-01   9.40307000000E-01   9.10460900000E-01   8.80614700000E-01
   8.50768600000E-01   8.20922400000E-01   7.91076200000E-01   7.61230100000E-01
   7.31383900000E-01   7.01537700000E-01   7.85483400000E-01   8.41947800000E-01
   8.98009600000E-01   9.73265400000E-01   9.90843300000E-01   1.45635200000E+00
   4.59587800000E+00   7.36320900000E+00   1.03912600000E+01   1.06375500000E+01
   1.03969500000E+01   1.06281100000E+01   1.06688100000E+01   1.07086700000E+01
   1.07580400000E+01   1.07222600000E+01   1.06588500000E+01   1.06689000000E+01
   1.06994800000E+01   1.07465800000E+01   1.07488000000E+01   1.07448800000E+01
   1.07275400000E+01   1.06929800000E+01   1.08897600000E+01   1.10872200000E+01
   1.13600900000E+01   1.18635400000E+01   1.31482900000E+01   1.43241100000E+01
   1.52416800000E+01   1.60726500000E+01   1.67500500000E+01   1.74516100000E+01
   1.80171100000E+01   1.85796400000E+01   1.91488700000E+01   1.97769900000E+01
   2.11649800000E+01   2.27045300000E+01   2.41048600000E+01   2.54466200000E+01
   2.67098600000E+01   2.79790900000E+01   2.92150900000E+01   3.05241500000E+01
   3.18648500000E+01   3.32481700000E+01   3.46485100000E+01   3.60378400000E+01
   3.73832600000E+01   3.87476000000E+01   4.00414100000E+01   4.13980900000E+01
   4.26964400000E+01   4.40121500000E+01   4.52931600000E+01   4.65746300000E+01
   4.79338900000E+01   4.92474100000E+01   5.05396100000E+01   5.18718600000E+01
   5.32105800000E+01   5.64342300000E+01   5.97085600000E+01   6.29969300000E+01
   6.62518900000E+01   7.28294600000E+01   7.93368000000E+01   8.60222700000E+01
   9.27140900000E+01   9.95329000000E+01   1.09933700000E+02   1.17023700000E+02
   1.24019500000E+02   1.31063800000E+02   1.38125700000E+02                   5
   0.00000000000E+00                   1                   1                  89
   0.00000000000E+00   4.09010300000E-06   1.03761500000E-05   2.06587300000E-05
   3.59687300000E-05   5.75036400000E-05   8.66759200000E-05   1.25177200000E-04
   1.75067300000E-04   2.38902200000E-04   3.19914200000E-04   4.22258000000E-04
   5.51342200000E-04   7.14287800000E-04   9.20583800000E-04   1.18304700000E-03
   1.51921500000E-03   1.95323200000E-03   2.51786600000E-03   3.25477100000E-03
   4.20660000000E-03   5.38620200000E-03   6.71045200000E-03   7.95736400000E-03
   8.91380800000E-03   9.64200400000E-03   1.04480400000E-02   1.16348800000E-02
   1.34152500000E-02   1.59639600000E-02   1.94673200000E-02   2.41091300000E-02
   2.99424800000E-02   3.65915000000E-02   4.29429100000E-02   4.74907300000E-02
   4.95645400000E-02   4.98529300000E-02   4.94193900000E-02   4.88134500000E-02
   4.69015400000E-02   4.31835600000E-02   3.79106400000E-02   3.22784900000E-02
   2.71639600000E-02   2.28793200000E-02   1.94115500000E-02   1.66335800000E-02
   1.44043700000E-02   1.26026100000E-02   9.92216200000E-03   8.07281700000E-03
   6.75717500000E-03   5.79992100000E-03   5.09250700000E-03   4.56420400000E-03
   4.16682400000E-03   3.86635200000E-03   3.63815800000E-03   3.46409000000E-03
   3.33061000000E-03   3.22754500000E-03   3.14720800000E-03   3.08377000000E-03
   3.03279900000E-03   2.99092000000E-03   2.95556400000E-03   2.92476900000E-03
   2.89704700000E-03   2.87126600000E-03   2.84657400000E-03   2.82233300000E-03
   2.79807100000E-03   2.77344600000E-03   2.74821700000E-03   2.68158600000E-03
   2.60923400000E-03   2.53144100000E-03   2.44922900000E-03   2.27740700000E-03
   2.10676400000E-03   1.95075600000E-03   1.82224700000E-03   1.66348900000E-03
   1.52654300000E-03   1.40741300000E-03   1.30300400000E-03   1.21088600000E-03
   1.12912100000E-03                   1                   1                 446
                 518                 590                 591                 592
                 593                 739                 740                 740
                 741                   2                   1               50744
               50835               50926               50927               50928
               50929               51091               51092               51092
               51093                   9                   1               64612
               64688               64764               64765               64766
               64767               64919               64920               64920
               64921                  31                   1              117961
              118021              118081              118082              118083
              118084              118206              118207              118207
              118208                  32                   1              161378
              161437              161496              161497              161498
              161499              161619              161620              161620
              161621                  33                   1              204346
              204396              204446              204447              204448
              204449              204551              204552              204552
              204553                  34                   1              241046
              241123              241200              241201              241202
              241203              241357              241358              241358
              241359                  20                  70   0.00000000000E+00
   3.44566800000E-03   4.58808000000E-03   5.85894400000E-03   7.12818100000E-03
   8.04249200000E-03   8.65858200000E-03   9.32670500000E-03   1.02818000000E-02
   1.17954400000E-02   1.39724000000E-02   1.70733600000E-02   2.11539500000E-02
   2.63882200000E-02   3.22917200000E-02   3.78481200000E-02   4.19394600000E-02
   4.37715900000E-02   4.40641600000E-02   4.67510900000E-02   5.02393900000E-02
   5.48413600000E-02   5.47512700000E-02   5.02327700000E-02   4.38245100000E-02
   3.74441100000E-02   3.16768800000E-02   2.69018500000E-02   2.29992000000E-02
   1.99342900000E-02   1.74139800000E-02   1.38551500000E-02   1.14515300000E-02
   9.85567100000E-03   8.66463500000E-03   7.78483900000E-03   7.12042300000E-03
   6.63788800000E-03   6.31161100000E-03   6.04959800000E-03   5.88227400000E-03
   5.78916000000E-03   5.72092700000E-03   5.70932500000E-03   5.69144600000E-03
   5.71861800000E-03   5.74904200000E-03   5.79153400000E-03   5.84286700000E-03
   5.89542100000E-03   5.94769300000E-03   6.00083400000E-03   6.05200200000E-03
   6.11373800000E-03   6.15892500000E-03   6.18961400000E-03   6.27172300000E-03
   6.30566300000E-03   6.30744000000E-03   6.28286500000E-03   6.17244700000E-03
   5.99365100000E-03   5.80634100000E-03   5.63732300000E-03   5.74218900000E-03
   5.45334300000E-03   5.18469600000E-03   4.93956300000E-03   4.72130000000E-03
   4.51327300000E-03                  20                  70   0.00000000000E+00
   9.41979600000E-02   3.56905800000E-01   6.31241500000E-01   9.19960000000E-01
   1.07722800000E+00   1.22209000000E+00   1.36387500000E+00   1.49771300000E+00
   1.62002200000E+00   1.74189100000E+00   1.87495400000E+00   2.00538400000E+00
   2.12140200000E+00   2.23159200000E+00   2.33590200000E+00   2.44792600000E+00
   2.45060600000E+00   2.45535600000E+00   2.63075700000E+00   2.86521800000E+00
   3.34775700000E+00   3.73040700000E+00   4.17113700000E+00   4.55325300000E+00
   4.90038900000E+00   5.20075100000E+00   5.53322000000E+00   5.84721600000E+00
   6.15583000000E+00   6.44939100000E+00   7.03356900000E+00   7.57104300000E+00
   8.22257600000E+00   8.83717100000E+00   9.46763800000E+00   1.00802900000E+01
   1.07205500000E+01   1.13728700000E+01   1.19787700000E+01   1.26436900000E+01
   1.32992000000E+01   1.39061000000E+01   1.45841900000E+01   1.52220600000E+01
   1.59445700000E+01   1.66026000000E+01   1.72809300000E+01   1.79801300000E+01
   1.86846900000E+01   1.93954600000E+01   2.00792200000E+01   2.07709400000E+01
   2.15179200000E+01   2.22283400000E+01   2.29082000000E+01   2.46812400000E+01
   2.64249900000E+01   2.81777400000E+01   2.99706900000E+01   3.34111400000E+01
   3.69036200000E+01   4.03156900000E+01   4.36759800000E+01   4.67886500000E+01
   4.64078100000E+01   4.93255600000E+01   5.22709700000E+01   5.51933400000E+01
   5.80494100000E+01                   5                  -1                   1
                   6                   5                   0                  71
   1.00000000000E+00   1.03108500000E+01   1.05000000000E+01   1.10000000000E+01
   1.15000000000E+01   1.20000000000E+01   1.25000000000E+01   1.30000000000E+01
   1.35000000000E+01   1.40000000000E+01   1.45000000000E+01   1.50000000000E+01
   1.55000000000E+01   1.60000000000E+01   1.65000000000E+01   1.70000000000E+01
   1.75000000000E+01   1.80000000000E+01   1.85000000000E+01   1.90000000000E+01
   1.95000000000E+01   2.00000000000E+01   2.10000000000E+01   2.20000000000E+01
   2.30000000000E+01   2.40000000000E+01   2.50000000000E+01   2.60000000000E+01
   2.70000000000E+01   2.80000000000E+01   2.90000000000E+01   3.00000000000E+01
   3.20000000000E+01   3.40000000000E+01   3.60000000000E+01   3.80000000000E+01
   4.00000000000E+01   4.20000000000E+01   4.40000000000E+01   4.60000000000E+01
   4.80000000000E+01   5.00000000000E+01   5.20000000000E+01   5.40000000000E+01
   5.60000000000E+01   5.80000000000E+01   6.00000000000E+01   6.20000000000E+01
   6.40000000000E+01   6.60000000000E+01   6.80000000000E+01   7.00000000000E+01
   7.20000000000E+01   7.40000000000E+01   7.60000000000E+01   7.80000000000E+01
   8.00000000000E+01   8.50000000000E+01   9.00000000000E+01   9.50000000000E+01
   1.00000000000E+02   1.10000000000E+02   1.20000000000E+02   1.30000000000E+02
   1.40000000000E+02   1.50000000000E+02   1.60000000000E+02   1.70000000000E+02
   1.80000000000E+02   1.90000000000E+02   2.00000000000E+02   0.00000000000E+00
   0.00000000000E+00   8.19110000000E-01   8.51821000000E-01   8.73107200000E-01
   8.95796800000E-01   9.02251000000E-01   8.98006500000E-01   8.92675100000E-01
   8.83704900000E-01   8.79256100000E-01   8.75246500000E-01   8.77026700000E-01
   8.77424900000E-01   8.81297100000E-01   8.82492400000E-01   8.81359000000E-01
   8.83108300000E-01   8.83123100000E-01   8.83883100000E-01   9.46007000000E-01
   1.02921200000E+00   1.16928700000E+00   1.26787300000E+00   1.32503100000E+00
   1.35770000000E+00   1.37844800000E+00   1.38452000000E+00   1.38586800000E+00
   1.38269700000E+00   1.38390600000E+00   1.38177600000E+00   1.39638400000E+00
   1.41853000000E+00   1.45854900000E+00   1.49392300000E+00   1.52868500000E+00
   1.56005800000E+00   1.59303300000E+00   1.63244600000E+00   1.66281900000E+00
   1.69807200000E+00   1.73816800000E+00   1.77253200000E+00   1.81409200000E+00
   1.84561300000E+00   1.88559100000E+00   1.92216500000E+00   1.95953600000E+00
   1.99771900000E+00   2.03497600000E+00   2.07145300000E+00   2.10809000000E+00
   2.14432600000E+00   2.18498300000E+00   2.22067600000E+00   2.25222900000E+00
   2.33881100000E+00   2.41667200000E+00   2.49164000000E+00   2.56524200000E+00
   2.71029600000E+00   2.84495600000E+00   2.97645700000E+00   3.09361100000E+00
   3.45189500000E+00   3.57234800000E+00   3.68384800000E+00   3.79090400000E+00
   3.89904600000E+00   3.99715600000E+00                   0                   1
                   0                   4                  10                   0
                   2   1.00000000000E+00   2.00000000000E+02   1.00000000000E+00
   1.00000000000E+00                   0                  30   1.00000000000E+00
   1.03108500000E+01   1.20000000000E+01   1.40000000000E+01   1.60000000000E+01
   1.80000000000E+01   2.00000000000E+01   2.20000000000E+01   2.40000000000E+01
   2.60000000000E+01   2.80000000000E+01   3.00000000000E+01   3.20000000000E+01
   3.60000000000E+01   4.00000000000E+01   4.40000000000E+01   4.80000000000E+01
   5.00000000000E+01   5.20000000000E+01   5.60000000000E+01   6.00000000000E+01
   7.00000000000E+01   8.00000000000E+01   9.00000000000E+01   1.00000000000E+02
   1.20000000000E+02   1.40000000000E+02   1.60000000000E+02   1.80000000000E+02
   2.00000000000E+02                  72                 101                 130
                 303                 734                1341                2069
                2896                3964                5110                6321
                7584                8886               10240               11659
               13356               15113               16915               18732
               20564               22426               24318               26530
               28793               31360               33965               36886
               40131               43399               46690                   2
                   3   0.00000000000E+00   5.00000000000E-07   1.00000000000E-06
   0.00000000000E+00   2.00000000000E+06   0.00000000000E+00   0.00000000000E+00
   5.00000000000E-01   1.00000000000E+00                   0                   0
                   0                   0                   0                   0
                   0                   0                   0                   0
                   0                   0                   0                   0
                   0                   0                   0                   0
                   2                   3   0.00000000000E+00   5.00000000000E-07
   1.00000000000E-06   0.00000000000E+00   2.00000000000E+06   0.00000000000E+00
   0.00000000000E+00   5.00000000000E-01   1.00000000000E+00                   0
                   0                   0                   0                   0
                   0                   0                   0                   0
                   0                   0                   0                   0
                   0                   0                   0                   0
                   0                   2                  19   0.00000000000E+00
   2.50000000000E-02   1.00000000000E-01   2.00000000000E-01   3.00000000000E-01
   4.00000000000E-01   5.00000000000E-01   6.00000000000E-01   7.00000000000E-01
   8.00000000000E-01   9.00000000000E-01   1.00000000000E+00   1.10000000000E+00
   1.20000000000E+00   1.30000000000E+00   1.40000000000E+00   1.50000000000E+00
   1.60000000000E+00   1.70000000000E+00   0.00000000000E+00   1.66707000000E-01
   6.66827800000E-01   5.01548000000E-06   4.27929000000E-06   3.53317000000E-06
   2.49720700000E+00   2.23844000000E-06   1.71590000000E-06   1.27285000000E-06
   3.32551400000E+00   4.88367000000E-07   2.98330000000E-07   1.65603000000E-07
   7.83369000000E-08   3.16435000000E-08   9.10352000000E-09   1.11435000000E-09
   7.02086400000E+00   0.00000000000E+00   2.08383751000E-03   3.33413927000E-02
   6.66830336000E-02   6.66834983000E-02   6.66838890000E-02   1.91544416000E-01
   3.16404879000E-01   3.16405076000E-01   3.16405226000E-01   4.82680990000E-01
   6.48956716000E-01   6.48956755000E-01   6.48956778000E-01   6.48956790000E-01
   6.48956796000E-01   6.48956798000E-01   6.48956798000E-01   1.00000000000E+00
                   0                   0                   0                   0
                   0                   0                   0                   0
                   0                   0                   0                   0
                   0                   0                   0                   0
                   0                   0                   0                   0
                   0                   0                   0                   0
                   0                   0                   0                   0
                   0                   0                   0                   0
                   0                   0                   0                   0
                   0                   0                   0                   0
                   0                   0                   0                   0
                   0                   0                   0                   0
                   0                   0                   0                   0
                   0                   0                   0                   0
                   0                   0                   0                   0
                   0                   0                   0                   0
                   0                   0                   0                   0
                   0                   0                   0                   0
                   0                   0                   0                   0
                   0                   0                   0                   0
                   0                   0                   0                   0
                   0                   0                   0                   0
                   0                   0                   0                   0
                   0                   0                   0                   0
