 24052.00u   51.494310  0.0000E+00   02/26/20
Ace Cr52 IAEA-PD                                                         mat2431
      0         0.      0         0.      0         0.      0         0.
      0         0.      0         0.      0         0.      0         0.
      0         0.      0         0.      0         0.      0         0.
      0         0.      0         0.      0         0.      0         0.
   273456    24052       89        1        7        2       12        0
        0        0        0        0        0        0        0        1
        1       90       90        0      179      268      269      270
      271      362      446        0        0        0        0        0
        0        0        0        0        0        0        0        0
        0        0        0        0        0        0        0        0
   9.99999000000E-01   1.00000000000E+00   1.50000000000E+00   2.00000000000E+00
   2.50000000000E+00   3.00000000000E+00   3.50000000000E+00   4.00000000000E+00
   4.50000000000E+00   5.00000000000E+00   5.50000000000E+00   6.00000000000E+00
   6.50000000000E+00   7.00000000000E+00   7.50000000000E+00   8.00000000000E+00
   8.50000000000E+00   9.00000000000E+00   9.50000000000E+00   1.00000000000E+01
   1.05000000000E+01   1.10000000000E+01   1.15000000000E+01   1.20000000000E+01
   1.25000000000E+01   1.30000000000E+01   1.35000000000E+01   1.40000000000E+01
   1.45000000000E+01   1.50000000000E+01   1.55000000000E+01   1.60000000000E+01
   1.65000000000E+01   1.70000000000E+01   1.75000000000E+01   1.80000000000E+01
   1.85000000000E+01   1.90000000000E+01   1.95000000000E+01   2.00000000000E+01
   2.10000000000E+01   2.20000000000E+01   2.30000000000E+01   2.40000000000E+01
   2.50000000000E+01   2.60000000000E+01   2.70000000000E+01   2.80000000000E+01
   2.90000000000E+01   3.00000000000E+01   3.20000000000E+01   3.40000000000E+01
   3.60000000000E+01   3.80000000000E+01   4.00000000000E+01   4.20000000000E+01
   4.40000000000E+01   4.60000000000E+01   4.80000000000E+01   5.00000000000E+01
   5.20000000000E+01   5.40000000000E+01   5.60000000000E+01   5.80000000000E+01
   6.00000000000E+01   6.20000000000E+01   6.40000000000E+01   6.60000000000E+01
   6.80000000000E+01   7.00000000000E+01   7.20000000000E+01   7.40000000000E+01
   7.60000000000E+01   7.80000000000E+01   8.00000000000E+01   8.50000000000E+01
   9.00000000000E+01   9.50000000000E+01   1.00000000000E+02   1.10000000000E+02
   1.20000000000E+02   1.30000000000E+02   1.40000000000E+02   1.50000000000E+02
   1.60000000000E+02   1.70000000000E+02   1.80000000000E+02   1.90000000000E+02
   2.00000000000E+02   0.00000000000E+00   3.74651100000E-06   9.77485200000E-06
   1.99115200000E-05   3.53416000000E-05   5.74537800000E-05   8.79063800000E-05
   1.28716700000E-04   1.82387900000E-04   2.52095100000E-04   3.41953000000E-04
   4.57391100000E-04   6.05667400000E-04   7.96578400000E-04   1.04342100000E-03
   1.36416400000E-03   1.78229600000E-03   2.32527900000E-03   3.01495800000E-03
   3.84163300000E-03   4.73294700000E-03   5.58775100000E-03   6.40711800000E-03
   7.34530300000E-03   8.60798300000E-03   1.03851700000E-02   1.28764900000E-02
   1.63433900000E-02   2.11543500000E-02   2.78053500000E-02   3.68497000000E-02
   4.85534700000E-02   6.20318700000E-02   7.43426600000E-02   8.18224200000E-02
   8.39737500000E-02   8.39587100000E-02   8.46876800000E-02   8.63771400000E-02
   8.69759300000E-02   7.74291700000E-02   5.88911300000E-02   4.28699900000E-02
   3.18670100000E-02   2.45746000000E-02   1.96319000000E-02   1.61619700000E-02
   1.36410100000E-02   1.17539900000E-02   1.03057500000E-02   8.26741200000E-03
   6.94181900000E-03   6.04437200000E-03   5.42131500000E-03   4.98234800000E-03
   4.67079600000E-03   4.44922200000E-03   4.29192700000E-03   4.18077600000E-03
   4.10271600000E-03   4.04822500000E-03   4.01029200000E-03   3.98372600000E-03
   3.96467200000E-03   3.95026500000E-03   3.93837800000E-03   3.92744400000E-03
   3.91631100000E-03   3.90414900000E-03   3.89037000000E-03   3.87457000000E-03
   3.85648900000E-03   3.83597400000E-03   3.81295500000E-03   3.78742800000E-03
   3.71301000000E-03   3.62482100000E-03   3.52516200000E-03   3.41668900000E-03
   3.18442600000E-03   2.94999800000E-03   2.73407000000E-03   2.55561800000E-03
   2.33390200000E-03   2.14240700000E-03   1.97566800000E-03   1.82943200000E-03
   1.70034000000E-03   1.58570900000E-03   0.00000000000E+00   1.00000000000E+00
   1.03953600000E+00   1.07907300000E+00   1.11861100000E+00   1.15814800000E+00
   1.19768500000E+00   1.23722200000E+00   1.27675900000E+00   1.31629600000E+00
   1.10124800000E+00   8.31761900000E-01   8.83930400000E-01   9.36092900000E-01
   9.91024800000E-01   1.04928200000E+00   1.09915300000E+00   1.14452700000E+00
   1.17089600000E+00   1.14884300000E+00   1.19139600000E+00   1.16150300000E+00
   1.14440900000E+00   1.74745900000E+00   1.10336200000E+01   9.64742500000E+00
   1.10093200000E+01   1.22065600000E+01   1.24199600000E+01   1.24964800000E+01
   1.24097500000E+01   1.24374300000E+01   1.24864500000E+01   1.25397600000E+01
   1.25784800000E+01   1.25938900000E+01   1.26400700000E+01   1.26658800000E+01
   1.26731800000E+01   1.26667900000E+01   1.28377900000E+01   1.34726000000E+01
   1.53187600000E+01   1.69022700000E+01   1.82448000000E+01   1.91403700000E+01
   1.97527000000E+01   2.04574400000E+01   2.09102900000E+01   2.14621900000E+01
   2.23266000000E+01   2.34372200000E+01   2.48852100000E+01   2.69866800000E+01
   2.88947600000E+01   3.04457100000E+01   3.19193400000E+01   3.31410700000E+01
   3.44078800000E+01   3.57832200000E+01   3.71835900000E+01   3.86334300000E+01
   4.00747500000E+01   4.14960600000E+01   4.29174000000E+01   4.43121700000E+01
   4.57070700000E+01   4.70873300000E+01   4.84382200000E+01   4.97928300000E+01
   5.08526600000E+01   5.19259000000E+01   5.33406000000E+01   5.43706300000E+01
   5.54009600000E+01   5.85896200000E+01   6.17292600000E+01   6.63867100000E+01
   7.02476700000E+01   7.72841200000E+01   8.41487400000E+01   9.12151300000E+01
   9.81686100000E+01   1.05274800000E+02   1.12351400000E+02   1.22306700000E+02
   1.30734200000E+02   1.38160100000E+02   1.45624300000E+02                   5
   0.00000000000E+00                   1                   1                  89
   0.00000000000E+00   3.74651100000E-06   9.77485200000E-06   1.99115200000E-05
   3.53416000000E-05   5.74537800000E-05   8.79063800000E-05   1.28716700000E-04
   1.82387900000E-04   2.52095100000E-04   3.41953000000E-04   4.57391100000E-04
   6.05667400000E-04   7.96578400000E-04   1.04342100000E-03   1.36416400000E-03
   1.78229600000E-03   2.32527900000E-03   3.01495800000E-03   3.84163300000E-03
   4.73294700000E-03   5.58775100000E-03   6.40711800000E-03   7.34530300000E-03
   8.60798300000E-03   1.03851700000E-02   1.28764900000E-02   1.63433900000E-02
   2.11543500000E-02   2.78053500000E-02   3.68497000000E-02   4.85534700000E-02
   6.20318700000E-02   7.43426600000E-02   8.18224200000E-02   8.39737500000E-02
   8.39587100000E-02   8.46876800000E-02   8.63771400000E-02   8.69759300000E-02
   7.74291700000E-02   5.88911300000E-02   4.28699900000E-02   3.18670100000E-02
   2.45746000000E-02   1.96319000000E-02   1.61619700000E-02   1.36410100000E-02
   1.17539900000E-02   1.03057500000E-02   8.26741200000E-03   6.94181900000E-03
   6.04437200000E-03   5.42131500000E-03   4.98234800000E-03   4.67079600000E-03
   4.44922200000E-03   4.29192700000E-03   4.18077600000E-03   4.10271600000E-03
   4.04822500000E-03   4.01029200000E-03   3.98372600000E-03   3.96467200000E-03
   3.95026500000E-03   3.93837800000E-03   3.92744400000E-03   3.91631100000E-03
   3.90414900000E-03   3.89037000000E-03   3.87457000000E-03   3.85648900000E-03
   3.83597400000E-03   3.81295500000E-03   3.78742800000E-03   3.71301000000E-03
   3.62482100000E-03   3.52516200000E-03   3.41668900000E-03   3.18442600000E-03
   2.94999800000E-03   2.73407000000E-03   2.55561800000E-03   2.33390200000E-03
   2.14240700000E-03   1.97566800000E-03   1.82943200000E-03   1.70034000000E-03
   1.58570900000E-03                   1                   1                 446
                 514                 582                 583                 584
                 585                 723                 724                 724
                 725                   2                   1               47911
               48002               48093               48094               48095
               48096               48262               48263               48263
               48264                   9                   1               61795
               61866               61937               61938               61939
               61940               62084               62085               62085
               62086                  31                   1              111174
              111228              111282              111283              111284
              111285              111393              111394              111394
              111395                  32                   1              149782
              149832              149882              149883              149884
              149885              149987              149988              149988
              149989                  33                   1              185094
              185145              185196              185197              185198
              185199              185301              185302              185302
              185303                  34                   1              221110
              221184              221258              221259              221260
              221261              221409              221410              221410
              221411                  24                  66   0.00000000000E+00
   7.00346100000E-03   1.01289800000E-02   1.23635500000E-02   1.52500500000E-02
   1.89741300000E-02   2.43239900000E-02   3.24623900000E-02   4.24911800000E-02
   5.39443500000E-02   6.40531400000E-02   6.99261600000E-02   7.11143700000E-02
   7.08097800000E-02   7.10803800000E-02   7.22958700000E-02   7.27105200000E-02
   6.49654700000E-02   5.46676700000E-02   4.78727000000E-02   4.09762600000E-02
   3.45505900000E-02   2.86799100000E-02   2.40382500000E-02   2.04093200000E-02
   1.75571600000E-02   1.52768100000E-02   1.20264200000E-02   9.83855000000E-03
   8.48374800000E-03   7.85506300000E-03   7.54411200000E-03   7.34730700000E-03
   7.16069800000E-03   7.00374700000E-03   6.92339400000E-03   6.87833500000E-03
   6.89175100000E-03   6.94764200000E-03   7.02583500000E-03   7.12599800000E-03
   7.22228500000E-03   7.32412300000E-03   7.42277500000E-03   7.51751600000E-03
   7.63038600000E-03   7.71866100000E-03   7.83725500000E-03   7.92408600000E-03
   7.82134400000E-03   7.89948200000E-03   7.95841300000E-03   8.09680900000E-03
   8.18378700000E-03   8.21181600000E-03   8.50624400000E-03   8.39590500000E-03
   8.21000700000E-03   7.98448200000E-03   7.81420600000E-03   7.45533300000E-03
   7.11367600000E-03   6.82795400000E-03   6.83231900000E-03   6.56918500000E-03
   6.32643300000E-03                  24                  66   0.00000000000E+00
   2.03621000000E-01   5.08936700000E-01   7.61743600000E-01   9.93645900000E-01
   1.06547100000E+00   1.14678100000E+00   1.26320500000E+00   1.36254500000E+00
   1.46342300000E+00   1.55837000000E+00   1.65331700000E+00   1.74494000000E+00
   1.78675000000E+00   1.82687500000E+00   1.87037200000E+00   1.91669200000E+00
   1.92792900000E+00   2.13771800000E+00   2.49703400000E+00   2.78941700000E+00
   3.27439100000E+00   3.63555600000E+00   3.84718900000E+00   4.01672900000E+00
   4.25324200000E+00   4.46214800000E+00   4.92547700000E+00   5.33070500000E+00
   5.80583100000E+00   6.27946600000E+00   6.86118800000E+00   7.49584100000E+00
   8.04571400000E+00   8.61236100000E+00   9.20122000000E+00   9.76207200000E+00
   1.03383800000E+01   1.09120600000E+01   1.15067500000E+01   1.21093200000E+01
   1.27067200000E+01   1.32957400000E+01   1.38893400000E+01   1.44895000000E+01
   1.51427200000E+01   1.57679200000E+01   1.67485400000E+01   1.76972100000E+01
   1.82396200000E+01   1.92224200000E+01   2.01955400000E+01   2.19907400000E+01
   2.38363900000E+01   2.41256100000E+01   2.52832000000E+01   2.82976400000E+01
   3.14768400000E+01   3.44400700000E+01   3.75357000000E+01   4.04655200000E+01
   4.33632900000E+01   4.34073900000E+01   4.50409900000E+01   4.75745400000E+01
   5.01409500000E+01                   5                  -1                   1
                   6                   5                   0                  67
   1.00000000000E+00   1.20391600000E+01   1.25000000000E+01   1.30000000000E+01
   1.35000000000E+01   1.40000000000E+01   1.45000000000E+01   1.50000000000E+01
   1.55000000000E+01   1.60000000000E+01   1.65000000000E+01   1.70000000000E+01
   1.75000000000E+01   1.80000000000E+01   1.85000000000E+01   1.90000000000E+01
   1.95000000000E+01   2.00000000000E+01   2.10000000000E+01   2.20000000000E+01
   2.30000000000E+01   2.40000000000E+01   2.50000000000E+01   2.60000000000E+01
   2.70000000000E+01   2.80000000000E+01   2.90000000000E+01   3.00000000000E+01
   3.20000000000E+01   3.40000000000E+01   3.60000000000E+01   3.80000000000E+01
   4.00000000000E+01   4.20000000000E+01   4.40000000000E+01   4.60000000000E+01
   4.80000000000E+01   5.00000000000E+01   5.20000000000E+01   5.40000000000E+01
   5.60000000000E+01   5.80000000000E+01   6.00000000000E+01   6.20000000000E+01
   6.40000000000E+01   6.60000000000E+01   6.80000000000E+01   7.00000000000E+01
   7.20000000000E+01   7.40000000000E+01   7.60000000000E+01   7.80000000000E+01
   8.00000000000E+01   8.50000000000E+01   9.00000000000E+01   9.50000000000E+01
   1.00000000000E+02   1.10000000000E+02   1.20000000000E+02   1.30000000000E+02
   1.40000000000E+02   1.50000000000E+02   1.60000000000E+02   1.70000000000E+02
   1.80000000000E+02   1.90000000000E+02   2.00000000000E+02   0.00000000000E+00
   0.00000000000E+00   8.13600700000E-01   9.75331200000E-01   9.60164600000E-01
   9.33102000000E-01   8.96937500000E-01   8.74795300000E-01   8.80940400000E-01
   8.75142000000E-01   8.69623100000E-01   8.61593300000E-01   8.54608800000E-01
   8.46864300000E-01   8.43388100000E-01   8.39323700000E-01   8.36979200000E-01
   8.35984400000E-01   8.39030900000E-01   9.28283600000E-01   1.11669500000E+00
   1.28585200000E+00   1.40594700000E+00   1.46088300000E+00   1.48733400000E+00
   1.49617400000E+00   1.49371900000E+00   1.48235800000E+00   1.45467800000E+00
   1.41728700000E+00   1.40357800000E+00   1.44892200000E+00   1.51416800000E+00
   1.57303100000E+00   1.60942700000E+00   1.63184200000E+00   1.65600700000E+00
   1.67653200000E+00   1.70241300000E+00   1.73245300000E+00   1.76363400000E+00
   1.79737400000E+00   1.82830400000E+00   1.85968000000E+00   1.88997600000E+00
   1.91954000000E+00   1.95443000000E+00   1.98404300000E+00   2.02274200000E+00
   2.05474100000E+00   2.03894600000E+00   2.07174800000E+00   2.10127100000E+00
   2.18065900000E+00   2.25770800000E+00   2.32948600000E+00   2.48961600000E+00
   2.63655200000E+00   2.78305500000E+00   2.92036500000E+00   3.05765800000E+00
   3.19436400000E+00   3.32041300000E+00   3.45602300000E+00   3.73466700000E+00
   3.86345400000E+00   3.98965600000E+00                   0                   1
                   0                   4                  10                   0
                   2   1.00000000000E+00   2.00000000000E+02   1.00000000000E+00
   1.00000000000E+00                   0                  29   1.00000000000E+00
   1.20391600000E+01   1.40000000000E+01   1.60000000000E+01   1.80000000000E+01
   2.00000000000E+01   2.20000000000E+01   2.40000000000E+01   2.60000000000E+01
   2.80000000000E+01   3.00000000000E+01   3.20000000000E+01   3.60000000000E+01
   4.00000000000E+01   4.40000000000E+01   4.80000000000E+01   5.00000000000E+01
   5.20000000000E+01   5.60000000000E+01   6.00000000000E+01   7.00000000000E+01
   8.00000000000E+01   9.00000000000E+01   1.00000000000E+02   1.20000000000E+02
   1.40000000000E+02   1.60000000000E+02   1.80000000000E+02   2.00000000000E+02
                  70                  93                 116                 272
                 703                1277                2085                2997
                4000                5081                6227                7425
                8675               10003               11396               13063
               14775               16517               18274               20076
               21908               24052               26247               28757
               31305               34184               37383               40628
               43896                   2                   3   0.00000000000E+00
   5.00000000000E-07   1.00000000000E-06   0.00000000000E+00   2.00000000000E+06
   0.00000000000E+00   0.00000000000E+00   5.00000000000E-01   1.00000000000E+00
                   0                   0                   0                   0
                   0                   0                   0                   0
                   0                   0                   0                   0
                   2                   3   0.00000000000E+00   5.00000000000E-07
   1.00000000000E-06   0.00000000000E+00   2.00000000000E+06   0.00000000000E+00
   0.00000000000E+00   5.00000000000E-01   1.00000000000E+00                   0
                   0                   0                   0                   0
                   0                   0                   0                   0
                   0                   0                   0                   2
                  22   0.00000000000E+00   2.50000000000E-02   1.00000000000E-01
   2.00000000000E-01   3.00000000000E-01   4.00000000000E-01   5.00000000000E-01
   6.00000000000E-01   7.00000000000E-01   8.00000000000E-01   9.00000000000E-01
   1.00000000000E+00   1.10000000000E+00   1.20000000000E+00   1.30000000000E+00
   1.40000000000E+00   1.50000000000E+00   1.60000000000E+00   1.70000000000E+00
   1.80000000000E+00   1.90000000000E+00   2.00000000000E+00   0.00000000000E+00
   3.57002800000E-01   1.42800300000E+00   1.17812000000E-05   1.08281000000E-05
   1.04393400000E-01   9.50043000000E-05   5.57677500000E-01   5.58764000000E-06
   1.72119100000E-03   1.97140000000E-06   1.27542000000E-06   8.50674000000E-07
   7.09315100000E+00   3.68191000000E-07   2.23442000000E-07   1.16355000000E-07
   5.69043000000E-08   2.26704000000E-08   6.46726000000E-09   7.83251000000E-10
   1.62984900000E+00   0.00000000000E+00   4.46253513000E-03   7.14002546000E-02
   1.42800996000E-01   1.42802126000E-01   1.48022338000E-01   1.53246758000E-01
   1.81135384000E-01   2.09019539000E-01   2.09105878000E-01   2.09192036000E-01
   2.09192199000E-01   2.09192305000E-01   5.63849908000E-01   9.18507487000E-01
   9.18507516000E-01   9.18507533000E-01   9.18507542000E-01   9.18507546000E-01
   9.18507547000E-01   9.18507548000E-01   1.00000000000E+00                   0
                   0                   0                   0                   0
                   0                   0                   0                   0
                   0                   0                   0                   0
                   0                   0                   0                   0
                   0                   0                   0                   0
                   0                   0                   0                   0
                   0                   0                   0                   0
                   0                   0                   0                   0
                   0                   0                   0                   0
                   0                   0                   0                   0
                   0                   0                   0                   0
                   0                   0                   0                   0
                   0                   0                   0                   0
                   0                   0                   0                   0
                   0                   0                   0                   0
                   0                   0                   0                   0
                   0                   0                   0                   0
                   0                   0                   0                   0
                   0                   0                   0                   0
                   0                   0                   0                   0
                   0                   0                   0                   0
                   0                   0                   0                   2
                  39                   0                   0                   0
                   0                   0                   0                   1
                   1                   1                   1                   1
                   1                   1                   1                   1
                   1                   2                   2                   2
                   2                   2                   2                   2
                   2                   2                   3                   3
                   3                   3                   3                   3
                   3                   3                   3                   4
                   4                   4                   4                   4
                   0                   0                   0                   0
                   0                   0                   0                   0
                   0                   1                   1                   1
                   1                   0                   0                   0
                   0                   0                   0                   0
                   1                   0                   0                   0
                   0                   1                   0                   0
                   0                   0                   0                   1
                   0                   0                   0                   0
                   0                   0                   0                   0
                   0                   0                   0                   0
                   0                   0                   0                   0
                   0                   0                   0                   1
                   1                   1                   1   6.01444810000E-01
   6.13387579000E-01                   1                   1   7.04947388000E-01
                   1   7.46107396000E-01   7.46107533000E-01   7.60400520000E-01
   8.03129109000E-01   8.31564658000E-01   8.32352683000E-01   8.33140703000E-01
   8.33140723000E-01   8.33140736000E-01   9.07758523000E-01   9.82376307000E-01
   9.82376310000E-01   9.82376311000E-01   9.82376312000E-01   9.82376312000E-01
   9.82376312000E-01   1.00000000000E+00   0.00000000000E+00   0.00000000000E+00
   0.00000000000E+00   0.00000000000E+00   0.00000000000E+00   0.00000000000E+00
   0.00000000000E+00   0.00000000000E+00   0.00000000000E+00   0.00000000000E+00
   0.00000000000E+00   0.00000000000E+00   0.00000000000E+00   0.00000000000E+00
   0.00000000000E+00   0.00000000000E+00                   0
