 55135.00u  133.747100  0.0000E+00   05/27/20
Ace Cs135 IAEA-PD                                                        mat5531
      0         0.      0         0.      0         0.      0         0.
      0         0.      0         0.      0         0.      0         0.
      0         0.      0         0.      0         0.      0         0.
      0         0.      0         0.      0         0.      0         0.
   331279    55135       89        1        7        2       12        0
        0        0        0        0        0        0        0        1
        1       90       90        0      179      268      269      270
      271      362      446        0        0        0        0        0
        0        0        0        0        0        0        0        0
        0        0        0        0        0        0        0        0
   9.99999000000E-01   1.00000000000E+00   1.50000000000E+00   2.00000000000E+00
   2.50000000000E+00   3.00000000000E+00   3.50000000000E+00   4.00000000000E+00
   4.50000000000E+00   5.00000000000E+00   5.50000000000E+00   6.00000000000E+00
   6.50000000000E+00   7.00000000000E+00   7.50000000000E+00   8.00000000000E+00
   8.50000000000E+00   9.00000000000E+00   9.50000000000E+00   1.00000000000E+01
   1.05000000000E+01   1.10000000000E+01   1.15000000000E+01   1.20000000000E+01
   1.25000000000E+01   1.30000000000E+01   1.35000000000E+01   1.40000000000E+01
   1.45000000000E+01   1.50000000000E+01   1.55000000000E+01   1.60000000000E+01
   1.65000000000E+01   1.70000000000E+01   1.75000000000E+01   1.80000000000E+01
   1.85000000000E+01   1.90000000000E+01   1.95000000000E+01   2.00000000000E+01
   2.10000000000E+01   2.20000000000E+01   2.30000000000E+01   2.40000000000E+01
   2.50000000000E+01   2.60000000000E+01   2.70000000000E+01   2.80000000000E+01
   2.90000000000E+01   3.00000000000E+01   3.20000000000E+01   3.40000000000E+01
   3.60000000000E+01   3.80000000000E+01   4.00000000000E+01   4.20000000000E+01
   4.40000000000E+01   4.60000000000E+01   4.80000000000E+01   5.00000000000E+01
   5.20000000000E+01   5.40000000000E+01   5.60000000000E+01   5.80000000000E+01
   6.00000000000E+01   6.20000000000E+01   6.40000000000E+01   6.60000000000E+01
   6.80000000000E+01   7.00000000000E+01   7.20000000000E+01   7.40000000000E+01
   7.60000000000E+01   7.80000000000E+01   8.00000000000E+01   8.50000000000E+01
   9.00000000000E+01   9.50000000000E+01   1.00000000000E+02   1.10000000000E+02
   1.20000000000E+02   1.30000000000E+02   1.40000000000E+02   1.50000000000E+02
   1.60000000000E+02   1.70000000000E+02   1.80000000000E+02   1.90000000000E+02
   2.00000000000E+02   0.00000000000E+00   1.78409400000E-05   5.14381700000E-05
   1.12756900000E-04   2.11982300000E-04   3.61406500000E-04   5.76265600000E-04
   8.75886900000E-04   1.28525900000E-03   1.83708400000E-03   2.57396600000E-03
   3.54912700000E-03   4.82105700000E-03   6.43586700000E-03   8.40881100000E-03
   1.07631900000E-02   1.36421900000E-02   1.73524800000E-02   2.23065900000E-02
   2.90072000000E-02   3.81031400000E-02   5.04655200000E-02   6.72623100000E-02
   9.00340400000E-02   1.20686900000E-01   1.60953200000E-01   2.10475000000E-01
   2.63293300000E-01   3.05786900000E-01   3.22849800000E-01   3.10511700000E-01
   2.78511700000E-01   2.39970600000E-01   2.03360900000E-01   1.72003000000E-01
   1.46323000000E-01   1.25630100000E-01   1.08985000000E-01   9.55235600000E-02
   8.45413400000E-02   6.77403000000E-02   5.58336800000E-02   4.70749600000E-02
   4.04225900000E-02   3.52333300000E-02   3.10955600000E-02   2.77369000000E-02
   2.49714700000E-02   2.26687800000E-02   2.07347200000E-02   1.77108300000E-02
   1.55165400000E-02   1.39134100000E-02   1.27416900000E-02   1.18885700000E-02
   1.12716600000E-02   1.08296800000E-02   1.05166700000E-02   1.02980400000E-02
   1.01477000000E-02   1.00460300000E-02   9.97826100000E-03   9.93329900000E-03
   9.90284100000E-03   9.88068600000E-03   9.86223400000E-03   9.84409600000E-03
   9.82380800000E-03   9.79960600000E-03   9.77026700000E-03   9.73497600000E-03
   9.69323300000E-03   9.64478100000E-03   9.58954600000E-03   9.52759500000E-03
   9.34468300000E-03   9.12571200000E-03   8.87693100000E-03   8.60531300000E-03
   8.02229100000E-03   7.43287000000E-03   6.88956800000E-03   6.44044300000E-03
   5.88198300000E-03   5.39958600000E-03   4.97951600000E-03   4.61107100000E-03
   4.28580200000E-03   3.99695800000E-03   0.00000000000E+00   1.00000000000E+00
   1.91436400000E-01   2.30388600000E-01   3.10108300000E-01   3.52039900000E-01
   3.47320100000E-01   2.89015100000E-01   3.17954900000E-01   3.09548300000E-01
   2.67694800000E-01   1.97483900000E-01   1.90201100000E-01   1.70671400000E-01
   1.38839400000E-01   9.45055500000E-02   2.06438100000E+00   8.01899100000E+00
   8.07695200000E+00   8.80133900000E+00   8.87567300000E+00   8.90625900000E+00
   8.88399300000E+00   8.81297100000E+00   8.86650700000E+00   8.89001400000E+00
   8.88230300000E+00   8.83646300000E+00   8.90948500000E+00   8.95665300000E+00
   8.97998800000E+00   9.25728600000E+00   1.04887400000E+01   1.16538900000E+01
   1.26165100000E+01   1.33779100000E+01   1.37573500000E+01   1.40741100000E+01
   1.43743200000E+01   1.46717300000E+01   1.48912300000E+01   1.50649100000E+01
   1.51597600000E+01   1.52232900000E+01   1.53480800000E+01   1.55538300000E+01
   1.66309900000E+01   1.78651300000E+01   1.91180200000E+01   2.02362700000E+01
   2.17278900000E+01   2.27385900000E+01   2.37578700000E+01   2.52945200000E+01
   2.67740800000E+01   2.77946200000E+01   2.88459900000E+01   2.98068700000E+01
   3.07967400000E+01   3.21723500000E+01   3.36074800000E+01   3.49346500000E+01
   3.61936500000E+01   3.73631000000E+01   3.85460600000E+01   3.96705300000E+01
   4.08331900000E+01   4.19590600000E+01   4.30929700000E+01   4.42382500000E+01
   4.54384900000E+01   4.66395800000E+01   4.78168900000E+01   4.89968500000E+01
   5.01236600000E+01   5.30135300000E+01   5.58823000000E+01   5.87669800000E+01
   6.15475600000E+01   6.72450100000E+01   7.28543400000E+01   7.87498400000E+01
   8.40592200000E+01   8.98636300000E+01   9.54948800000E+01   1.01347000000E+02
   1.06959600000E+02   1.12856900000E+02   1.18763400000E+02                   5
   0.00000000000E+00                   1                   1                  89
   0.00000000000E+00   1.78409400000E-05   5.14381700000E-05   1.12756900000E-04
   2.11982300000E-04   3.61406500000E-04   5.76265600000E-04   8.75886900000E-04
   1.28525900000E-03   1.83708400000E-03   2.57396600000E-03   3.54912700000E-03
   4.82105700000E-03   6.43586700000E-03   8.40881100000E-03   1.07631900000E-02
   1.36421900000E-02   1.73524800000E-02   2.23065900000E-02   2.90072000000E-02
   3.81031400000E-02   5.04655200000E-02   6.72623100000E-02   9.00340400000E-02
   1.20686900000E-01   1.60953200000E-01   2.10475000000E-01   2.63293300000E-01
   3.05786900000E-01   3.22849800000E-01   3.10511700000E-01   2.78511700000E-01
   2.39970600000E-01   2.03360900000E-01   1.72003000000E-01   1.46323000000E-01
   1.25630100000E-01   1.08985000000E-01   9.55235600000E-02   8.45413400000E-02
   6.77403000000E-02   5.58336800000E-02   4.70749600000E-02   4.04225900000E-02
   3.52333300000E-02   3.10955600000E-02   2.77369000000E-02   2.49714700000E-02
   2.26687800000E-02   2.07347200000E-02   1.77108300000E-02   1.55165400000E-02
   1.39134100000E-02   1.27416900000E-02   1.18885700000E-02   1.12716600000E-02
   1.08296800000E-02   1.05166700000E-02   1.02980400000E-02   1.01477000000E-02
   1.00460300000E-02   9.97826100000E-03   9.93329900000E-03   9.90284100000E-03
   9.88068600000E-03   9.86223400000E-03   9.84409600000E-03   9.82380800000E-03
   9.79960600000E-03   9.77026700000E-03   9.73497600000E-03   9.69323300000E-03
   9.64478100000E-03   9.58954600000E-03   9.52759500000E-03   9.34468300000E-03
   9.12571200000E-03   8.87693100000E-03   8.60531300000E-03   8.02229100000E-03
   7.43287000000E-03   6.88956800000E-03   6.44044300000E-03   5.88198300000E-03
   5.39958600000E-03   4.97951600000E-03   4.61107100000E-03   4.28580200000E-03
   3.99695800000E-03                   1                   1                 446
                 521                 596                 597                 598
                 599                 751                 752                 752
                 753                   2                   1               53025
               53116               53207               53208               53209
               53210               53390               53391               53391
               53392                   9                   1               67138
               67217               67296               67297               67298
               67299               67459               67460               67460
               67461                  31                   1              125625
              125691              125757              125758              125759
              125760              125894              125895              125895
              125896                  32                   1              173468
              173534              173600              173601              173602
              173603              173737              173738              173738
              173739                  33                   1              221152
              221208              221264              221265              221266
              221267              221385              221386              221386
              221387                  34                   1              264784
              264869              264954              264955              264956
              264957              265133              265134              265134
              265135                  17                  73   0.00000000000E+00
   1.66056900000E-02   2.20918900000E-02   2.87991000000E-02   3.78454300000E-02
   5.01271700000E-02   6.68415600000E-02   8.95565300000E-02   1.20186000000E-01
   1.60455900000E-01   2.09999700000E-01   2.62855300000E-01   3.05400500000E-01
   3.22522500000E-01   3.10239000000E-01   2.95153900000E-01   2.91566900000E-01
   2.82949400000E-01   2.65998900000E-01   2.43088900000E-01   2.18296200000E-01
   1.95146800000E-01   1.74251600000E-01   1.56207400000E-01   1.27056800000E-01
   1.05414700000E-01   8.90671000000E-02   7.65233200000E-02   6.66858400000E-02
   5.94548000000E-02   5.55813100000E-02   5.33274500000E-02   5.12845600000E-02
   4.90400000000E-02   4.41427600000E-02   3.95624800000E-02   3.67539300000E-02
   3.55611800000E-02   3.48372000000E-02   3.41252400000E-02   3.33436800000E-02
   3.28580300000E-02   3.28755300000E-02   3.33256000000E-02   3.40070700000E-02
   3.46569800000E-02   3.53046000000E-02   3.59429000000E-02   3.66178600000E-02
   3.73840300000E-02   3.80349600000E-02   3.86699700000E-02   3.91913700000E-02
   3.96599800000E-02   4.01377100000E-02   4.05920600000E-02   4.10379000000E-02
   4.14482300000E-02   4.18646400000E-02   4.25506100000E-02   4.30165900000E-02
   4.31998900000E-02   4.31796300000E-02   4.27476700000E-02   4.18991800000E-02
   4.09470300000E-02   4.05496500000E-02   3.88186100000E-02   3.72693300000E-02
   3.58352500000E-02   3.46085100000E-02   3.33647400000E-02   3.21923000000E-02
                  17                  73   0.00000000000E+00   1.48835300000E-01
   4.77363400000E-01   8.02676500000E-01   9.63540100000E-01   1.12413800000E+00
   1.28526100000E+00   1.44725900000E+00   1.42932500000E+00   1.41121500000E+00
   1.39274300000E+00   1.37391300000E+00   1.40697800000E+00   1.43985300000E+00
   1.47257600000E+00   1.59644200000E+00   1.80544600000E+00   2.03901100000E+00
   2.23465700000E+00   2.36658100000E+00   2.60229200000E+00   2.81252700000E+00
   2.99864500000E+00   3.17240200000E+00   3.46270400000E+00   3.72946000000E+00
   3.94205900000E+00   4.14904300000E+00   4.33616200000E+00   4.57029700000E+00
   4.85057300000E+00   5.23392200000E+00   5.65439600000E+00   6.02592600000E+00
   6.67644100000E+00   7.24695400000E+00   7.94033200000E+00   8.68911600000E+00
   9.43800300000E+00   1.02318600000E+01   1.08944500000E+01   1.15312800000E+01
   1.22687000000E+01   1.29906700000E+01   1.37467200000E+01   1.45073900000E+01
   1.52575800000E+01   1.60342500000E+01   1.68345700000E+01   1.76597700000E+01
   1.84496800000E+01   1.92541900000E+01   2.00270700000E+01   2.07994400000E+01
   2.15546600000E+01   2.23276200000E+01   2.31283200000E+01   2.39431900000E+01
   2.47975100000E+01   2.68232100000E+01   2.89333100000E+01   3.09575700000E+01
   3.30401600000E+01   3.70721100000E+01   4.13179000000E+01   4.51747100000E+01
   4.95631600000E+01   5.35632800000E+01   5.77048400000E+01   6.16299500000E+01
   6.58038800000E+01   6.96849100000E+01   7.35757900000E+01                   5
                  -1                   1                   6                   5
                   0                  74   1.00000000000E+00   8.76180600000E+00
   9.00000000000E+00   9.50000000000E+00   1.00000000000E+01   1.05000000000E+01
   1.10000000000E+01   1.15000000000E+01   1.20000000000E+01   1.25000000000E+01
   1.30000000000E+01   1.35000000000E+01   1.40000000000E+01   1.45000000000E+01
   1.50000000000E+01   1.55000000000E+01   1.60000000000E+01   1.65000000000E+01
   1.70000000000E+01   1.75000000000E+01   1.80000000000E+01   1.85000000000E+01
   1.90000000000E+01   1.95000000000E+01   2.00000000000E+01   2.10000000000E+01
   2.20000000000E+01   2.30000000000E+01   2.40000000000E+01   2.50000000000E+01
   2.60000000000E+01   2.70000000000E+01   2.80000000000E+01   2.90000000000E+01
   3.00000000000E+01   3.20000000000E+01   3.40000000000E+01   3.60000000000E+01
   3.80000000000E+01   4.00000000000E+01   4.20000000000E+01   4.40000000000E+01
   4.60000000000E+01   4.80000000000E+01   5.00000000000E+01   5.20000000000E+01
   5.40000000000E+01   5.60000000000E+01   5.80000000000E+01   6.00000000000E+01
   6.20000000000E+01   6.40000000000E+01   6.60000000000E+01   6.80000000000E+01
   7.00000000000E+01   7.20000000000E+01   7.40000000000E+01   7.60000000000E+01
   7.80000000000E+01   8.00000000000E+01   8.50000000000E+01   9.00000000000E+01
   9.50000000000E+01   1.00000000000E+02   1.10000000000E+02   1.20000000000E+02
   1.30000000000E+02   1.40000000000E+02   1.50000000000E+02   1.60000000000E+02
   1.70000000000E+02   1.80000000000E+02   1.90000000000E+02   2.00000000000E+02
   0.00000000000E+00   0.00000000000E+00   9.56963500000E-01   9.90375000000E-01
   9.92825900000E-01   9.93236500000E-01   9.93295400000E-01   9.93744600000E-01
   9.94696300000E-01   9.95849600000E-01   9.96910300000E-01   9.97741800000E-01
   9.98336500000E-01   9.98736400000E-01   9.98986200000E-01   9.99121800000E-01
   1.05975400000E+00   1.21501100000E+00   1.39136600000E+00   1.54647800000E+00
   1.66131700000E+00   1.73761100000E+00   1.79058400000E+00   1.82417400000E+00
   1.84770400000E+00   1.87564600000E+00   1.88801300000E+00   1.89202700000E+00
   1.89308300000E+00   1.89269200000E+00   1.91200300000E+00   2.00387600000E+00
   2.13553500000E+00   2.26234300000E+00   2.36511500000E+00   2.49241600000E+00
   2.54969700000E+00   2.64161900000E+00   2.79093100000E+00   2.93031000000E+00
   3.02752600000E+00   3.07891600000E+00   3.12437600000E+00   3.19240700000E+00
   3.28405500000E+00   3.38512500000E+00   3.47324800000E+00   3.55416700000E+00
   3.62955400000E+00   3.70600400000E+00   3.79062500000E+00   3.86373300000E+00
   3.93635200000E+00   3.99928000000E+00   4.05925200000E+00   4.12304100000E+00
   4.18767000000E+00   4.25493300000E+00   4.32223100000E+00   4.39404100000E+00
   4.55345700000E+00   4.71377900000E+00   4.86653400000E+00   5.01778700000E+00
   5.32861100000E+00   5.63701200000E+00   5.94333800000E+00   6.29609600000E+00
   6.59957900000E+00   6.90225700000E+00   7.19653300000E+00   7.50552500000E+00
   7.78494700000E+00   8.05420000000E+00                   0                   1
                   0                   4                  10                   0
                   2   1.00000000000E+00   2.00000000000E+02   1.00000000000E+00
   1.00000000000E+00                   0                  31   1.00000000000E+00
   8.76180600000E+00   1.00000000000E+01   1.20000000000E+01   1.40000000000E+01
   1.60000000000E+01   1.80000000000E+01   2.00000000000E+01   2.20000000000E+01
   2.40000000000E+01   2.60000000000E+01   2.80000000000E+01   3.00000000000E+01
   3.20000000000E+01   3.60000000000E+01   4.00000000000E+01   4.40000000000E+01
   4.80000000000E+01   5.00000000000E+01   5.20000000000E+01   5.60000000000E+01
   6.00000000000E+01   7.00000000000E+01   8.00000000000E+01   9.00000000000E+01
   1.00000000000E+02   1.20000000000E+02   1.40000000000E+02   1.60000000000E+02
   1.80000000000E+02   2.00000000000E+02                  74                  97
                 120                 220                 528                1124
                1896                2767                3715                4729
                5992                7307                8674               10080
               11525               13022               14809               16641
               18518               20410               22317               24254
               26206               28469               30783               33388
               36031               38994               42285               45599
               48936                   2                   3   0.00000000000E+00
   5.00000000000E-07   1.00000000000E-06   0.00000000000E+00   2.00000000000E+06
   0.00000000000E+00   0.00000000000E+00   5.00000000000E-01   1.00000000000E+00
                   0                   0                   0                   0
                   0                   0                   0                   0
                   0                   0                   0                   0
                   2                   3   0.00000000000E+00   5.00000000000E-07
   1.00000000000E-06   0.00000000000E+00   2.00000000000E+06   0.00000000000E+00
   0.00000000000E+00   5.00000000000E-01   1.00000000000E+00                   0
                   0                   0                   0                   0
                   0                   0                   0                   0
                   0                   0                   0                   2
                  14   0.00000000000E+00   2.50000000000E-02   1.00000000000E-01
   2.00000000000E-01   3.00000000000E-01   4.00000000000E-01   5.00000000000E-01
   6.00000000000E-01   7.00000000000E-01   8.00000000000E-01   9.00000000000E-01
   1.00000000000E+00   1.10000000000E+00   1.20000000000E+00   0.00000000000E+00
   3.40186900000E-02   1.33339600000E-01   1.84480500000E-01   2.13879900000E-01
   2.31540700000E-01   3.29985400000E-01   1.53835700000E+00   1.39669100000E+00
   1.40269400000E+00   6.80751000000E-01   2.49000100000E+00   8.90500200000E-01
   1.01487400000E+00   0.00000000000E+00   4.25233668000E-04   6.70117017000E-03
   2.25921768000E-02   4.25101988000E-02   6.47812310000E-02   9.28575388000E-02
   1.86274668000E-01   3.33027083000E-01   4.72996347000E-01   5.77168603000E-01
   7.35706213000E-01   9.04731285000E-01   1.00000000000E+00                   0
                   0                   0                   0                   0
                   0                   0                   0                   0
                   0                   0                   0                   0
                   0                   0                   0                   0
                   0                   0                   0                   0
                   0                   0                   0                   0
                   0                   0                   0                   0
                   0                   0                   0                   0
                   0                   0                   0                   0
                   0                   0                   0                   0
                   0                   0                   0                   0
                   0                   0                   0                   0
                   0                   0                   0                   0
                   0                   0                   0                   2
                  34   0.00000000000E+00   2.50000000000E-02   1.00000000000E-01
   2.00000000000E-01   3.00000000000E-01   4.00000000000E-01   5.00000000000E-01
   6.00000000000E-01   7.00000000000E-01   8.00000000000E-01   9.00000000000E-01
   1.00000000000E+00   1.10000000000E+00   1.20000000000E+00   1.30000000000E+00
   1.40000000000E+00   1.50000000000E+00   1.60000000000E+00   1.70000000000E+00
   1.80000000000E+00   1.90000000000E+00   2.00000000000E+00   2.10000000000E+00
   2.20000000000E+00   2.30000000000E+00   2.40000000000E+00   2.50000000000E+00
   2.60000000000E+00   2.70000000000E+00   2.80000000000E+00   2.90000000000E+00
   3.00000000000E+00   3.10000000000E+00   3.20000000000E+00                   0
                   0                   0                   0                   0
                   0                   0                   0                   0
                   0                   0                   0                   0
                   0                   0                   0                   0
                   0                   0                   0                   0
                   0                   0                   0                   0
                   0                   0                   1                   0
                   0                   0                   0                   0
                   0   0.00000000000E+00   8.09837244000E-04   1.25325989000E-02
   4.20671687000E-02   7.91022084000E-02   1.20564188000E-01   1.64736553000E-01
   2.10518283000E-01   2.57078007000E-01   3.03687642000E-01   3.49667087000E-01
   3.94386471000E-01   4.37291771000E-01   4.77932121000E-01   5.15977075000E-01
   5.51220125000E-01   5.83569835000E-01   6.13032635000E-01   6.39691595000E-01
   6.63684809000E-01   6.85185799000E-01   7.04387159000E-01   7.21487829000E-01
   7.36683814000E-01   7.50161899000E-01   7.62095804000E-01   7.72559573000E-01
   8.08737346000E-01   8.55800036000E-01   8.89261421000E-01   9.15969086000E-01
   9.49368810000E-01   9.83165880000E-01                   1                   0
                   0                   0                   0                   0
                   0                   0                   0                   0
                   0                   0                   0                   0
                   0                   0                   0                   0
                   0                   0                   0                   0
                   0                   0                   0                   0
                   0                   0                   0                   0
                   0                   0                   0                   0
                   0                   0                   0                   0
                   0                   0                   0                   0
                   0                   0                   0                   0
                   0                   0                   0                   0
                   0                   0                   0                   0
                   0                   0                   0                   0
