 55137.00u  135.731000  0.0000E+00   06/19/20
Ace Cs137 IAEA-PD                                                        mat5537
      0         0.      0         0.      0         0.      0         0.
      0         0.      0         0.      0         0.      0         0.
      0         0.      0         0.      0         0.      0         0.
      0         0.      0         0.      0         0.      0         0.
   328245    55137       89        1        7        2       12        0
        0        0        0        0        0        0        0        1
        1       90       90        0      179      268      269      270
      271      362      446        0        0        0        0        0
        0        0        0        0        0        0        0        0
        0        0        0        0        0        0        0        0
   9.99999000000E-01   1.00000000000E+00   1.50000000000E+00   2.00000000000E+00
   2.50000000000E+00   3.00000000000E+00   3.50000000000E+00   4.00000000000E+00
   4.50000000000E+00   5.00000000000E+00   5.50000000000E+00   6.00000000000E+00
   6.50000000000E+00   7.00000000000E+00   7.50000000000E+00   8.00000000000E+00
   8.50000000000E+00   9.00000000000E+00   9.50000000000E+00   1.00000000000E+01
   1.05000000000E+01   1.10000000000E+01   1.15000000000E+01   1.20000000000E+01
   1.25000000000E+01   1.30000000000E+01   1.35000000000E+01   1.40000000000E+01
   1.45000000000E+01   1.50000000000E+01   1.55000000000E+01   1.60000000000E+01
   1.65000000000E+01   1.70000000000E+01   1.75000000000E+01   1.80000000000E+01
   1.85000000000E+01   1.90000000000E+01   1.95000000000E+01   2.00000000000E+01
   2.10000000000E+01   2.20000000000E+01   2.30000000000E+01   2.40000000000E+01
   2.50000000000E+01   2.60000000000E+01   2.70000000000E+01   2.80000000000E+01
   2.90000000000E+01   3.00000000000E+01   3.20000000000E+01   3.40000000000E+01
   3.60000000000E+01   3.80000000000E+01   4.00000000000E+01   4.20000000000E+01
   4.40000000000E+01   4.60000000000E+01   4.80000000000E+01   5.00000000000E+01
   5.20000000000E+01   5.40000000000E+01   5.60000000000E+01   5.80000000000E+01
   6.00000000000E+01   6.20000000000E+01   6.40000000000E+01   6.60000000000E+01
   6.80000000000E+01   7.00000000000E+01   7.20000000000E+01   7.40000000000E+01
   7.60000000000E+01   7.80000000000E+01   8.00000000000E+01   8.50000000000E+01
   9.00000000000E+01   9.50000000000E+01   1.00000000000E+02   1.10000000000E+02
   1.20000000000E+02   1.30000000000E+02   1.40000000000E+02   1.50000000000E+02
   1.60000000000E+02   1.70000000000E+02   1.80000000000E+02   1.90000000000E+02
   2.00000000000E+02   0.00000000000E+00   1.81034200000E-05   5.22613400000E-05
   1.14664500000E-04   2.15721800000E-04   3.68006400000E-04   5.87118600000E-04
   8.92867100000E-04   1.31088400000E-03   1.87471400000E-03   2.62799900000E-03
   3.62497000000E-03   4.92443100000E-03   6.57133600000E-03   8.58044400000E-03
   1.09823800000E-02   1.39360400000E-02   1.77617600000E-02   2.28832000000E-02
   2.98197900000E-02   3.92475500000E-02   5.20775700000E-02   6.95345800000E-02
   9.32394900000E-02   1.25189200000E-01   1.67119800000E-01   2.18366500000E-01
   2.72132300000E-01   3.13767200000E-01   3.28169400000E-01   3.12796200000E-01
   2.78683600000E-01   2.39138000000E-01   2.02236800000E-01   1.70920100000E-01
   1.45397500000E-01   1.24881200000E-01   1.08395800000E-01   9.50675600000E-02
   8.41926900000E-02   6.75419900000E-02   5.57287100000E-02   4.70285400000E-02
   4.04135200000E-02   3.52485100000E-02   3.11267400000E-02   2.77788400000E-02
   2.50207900000E-02   2.27233000000E-02   2.07930200000E-02   1.77742500000E-02
   1.55835100000E-02   1.39833100000E-02   1.28142700000E-02   1.19636900000E-02
   1.13492200000E-02   1.09095600000E-02   1.05987400000E-02   1.03821200000E-02
   1.02336400000E-02   1.01336400000E-02   1.00673600000E-02   1.00237000000E-02
   9.99436700000E-03   9.97316200000E-03   9.95549100000E-03   9.93797200000E-03
   9.91814600000E-03   9.89425900000E-03   9.86509500000E-03   9.82984600000E-03
   9.78802200000E-03   9.73937100000E-03   9.68382800000E-03   9.62146700000E-03
   9.43713300000E-03   9.21625900000E-03   8.96519500000E-03   8.69100900000E-03
   8.10234700000E-03   7.50713800000E-03   6.95846500000E-03   6.50488900000E-03
   5.94086200000E-03   5.45365100000E-03   5.02938600000E-03   4.65725900000E-03
   4.32873800000E-03   4.03700500000E-03   0.00000000000E+00   1.00000000000E+00
   1.02729400000E+00   1.05458800000E+00   1.08188300000E+00   9.33396500000E-01
   7.16309400000E-01   4.39953700000E-01   5.03816600000E-01   5.30433900000E-01
   5.07190200000E-01   4.28430900000E-01   4.29971300000E-01   3.98770300000E-01
   3.41438400000E-01   2.64743200000E-01   6.81141200000E+00   7.91828700000E+00
   7.87317100000E+00   8.33532900000E+00   8.35973900000E+00   8.38057400000E+00
   8.37951900000E+00   8.34724200000E+00   8.38894200000E+00   8.40488600000E+00
   8.39513800000E+00   8.36171800000E+00   8.51700100000E+00   8.66893900000E+00
   9.15710500000E+00   1.00653200000E+01   1.12721500000E+01   1.22272800000E+01
   1.29541000000E+01   1.35650700000E+01   1.37812100000E+01   1.39745000000E+01
   1.41576500000E+01   1.43358100000E+01   1.44730600000E+01   1.45849800000E+01
   1.46912200000E+01   1.46634300000E+01   1.51876300000E+01   1.58880700000E+01
   1.73441000000E+01   1.87010800000E+01   1.97375700000E+01   2.06703700000E+01
   2.16721600000E+01   2.27351100000E+01   2.38418900000E+01   2.53503000000E+01
   2.67316400000E+01   2.76201900000E+01   2.84798800000E+01   2.96300900000E+01
   3.07940100000E+01   3.22393800000E+01   3.36278900000E+01   3.48481100000E+01
   3.59923500000E+01   3.72194100000E+01   3.84400000000E+01   3.95746000000E+01
   4.06518200000E+01   4.17254600000E+01   4.28556000000E+01   4.39517600000E+01
   4.51322500000E+01   4.63135100000E+01   4.74359400000E+01   4.86223300000E+01
   4.97357900000E+01   5.25235100000E+01   5.53124400000E+01   5.81633800000E+01
   6.09238100000E+01   6.67060600000E+01   7.21601100000E+01   7.77597200000E+01
   8.32904700000E+01   8.87719000000E+01   9.44961400000E+01   1.00102600000E+02
   1.05715900000E+02   1.11413100000E+02   1.17245800000E+02                   5
   0.00000000000E+00                   1                   1                  89
   0.00000000000E+00   1.81034200000E-05   5.22613400000E-05   1.14664500000E-04
   2.15721800000E-04   3.68006400000E-04   5.87118600000E-04   8.92867100000E-04
   1.31088400000E-03   1.87471400000E-03   2.62799900000E-03   3.62497000000E-03
   4.92443100000E-03   6.57133600000E-03   8.58044400000E-03   1.09823800000E-02
   1.39360400000E-02   1.77617600000E-02   2.28832000000E-02   2.98197900000E-02
   3.92475500000E-02   5.20775700000E-02   6.95345800000E-02   9.32394900000E-02
   1.25189200000E-01   1.67119800000E-01   2.18366500000E-01   2.72132300000E-01
   3.13767200000E-01   3.28169400000E-01   3.12796200000E-01   2.78683600000E-01
   2.39138000000E-01   2.02236800000E-01   1.70920100000E-01   1.45397500000E-01
   1.24881200000E-01   1.08395800000E-01   9.50675600000E-02   8.41926900000E-02
   6.75419900000E-02   5.57287100000E-02   4.70285400000E-02   4.04135200000E-02
   3.52485100000E-02   3.11267400000E-02   2.77788400000E-02   2.50207900000E-02
   2.27233000000E-02   2.07930200000E-02   1.77742500000E-02   1.55835100000E-02
   1.39833100000E-02   1.28142700000E-02   1.19636900000E-02   1.13492200000E-02
   1.09095600000E-02   1.05987400000E-02   1.03821200000E-02   1.02336400000E-02
   1.01336400000E-02   1.00673600000E-02   1.00237000000E-02   9.99436700000E-03
   9.97316200000E-03   9.95549100000E-03   9.93797200000E-03   9.91814600000E-03
   9.89425900000E-03   9.86509500000E-03   9.82984600000E-03   9.78802200000E-03
   9.73937100000E-03   9.68382800000E-03   9.62146700000E-03   9.43713300000E-03
   9.21625900000E-03   8.96519500000E-03   8.69100900000E-03   8.10234700000E-03
   7.50713800000E-03   6.95846500000E-03   6.50488900000E-03   5.94086200000E-03
   5.45365100000E-03   5.02938600000E-03   4.65725900000E-03   4.32873800000E-03
   4.03700500000E-03                   1                   1                 446
                 522                 598                 599                 600
                 601                 755                 756                 756
                 757                   2                   1               53603
               53694               53785               53786               53787
               53788               53964               53965               53965
               53966                   9                   1               67630
               67708               67786               67787               67788
               67789               67945               67946               67946
               67947                  31                   1              125137
              125203              125269              125270              125271
              125272              125406              125407              125407
              125408                  32                   1              172989
              173054              173119              173120              173121
              173122              173254              173255              173255
              173256                  33                   1              220165
              220220              220275              220276              220277
              220278              220394              220395              220395
              220396                  34                   1              263003
              263087              263171              263172              263173
              263174              263348              263349              263349
              263350                  16                  74   0.00000000000E+00
   1.04307300000E-02   1.66901700000E-02   2.23877900000E-02   2.94584800000E-02
   3.89574000000E-02   5.18293300000E-02   6.93129300000E-02   9.30355100000E-02
   1.24996900000E-01   1.66935000000E-01   2.18186800000E-01   2.71958000000E-01
   3.13600900000E-01   3.28013900000E-01   3.33234600000E-01   3.47509500000E-01
   3.40181000000E-01   3.18554700000E-01   2.88653600000E-01   2.56840000000E-01
   2.26402400000E-01   1.99977500000E-01   1.77541300000E-01   1.58565100000E-01
   1.28430300000E-01   1.06281800000E-01   8.98037700000E-02   7.72148000000E-02
   6.78436200000E-02   6.28577100000E-02   6.02183600000E-02   5.78466700000E-02
   5.50507200000E-02   5.19616500000E-02   4.57135900000E-02   4.10508600000E-02
   3.87397100000E-02   3.76212500000E-02   3.65745100000E-02   3.54952300000E-02
   3.46713800000E-02   3.43612600000E-02   3.46210600000E-02   3.52443400000E-02
   3.58947200000E-02   3.65001000000E-02   3.72156200000E-02   3.80021600000E-02
   3.88351200000E-02   3.95567600000E-02   4.02253600000E-02   4.08885200000E-02
   4.14380700000E-02   4.20234100000E-02   4.25983700000E-02   4.31614000000E-02
   4.37336000000E-02   4.40979200000E-02   4.45271200000E-02   4.53400600000E-02
   4.57858700000E-02   4.60128300000E-02   4.60452100000E-02   4.54673500000E-02
   4.45525700000E-02   4.35914300000E-02   4.27919200000E-02   4.13709500000E-02
   3.97663800000E-02   3.82745500000E-02   3.68809700000E-02   3.56267300000E-02
   3.44342700000E-02                  16                  74   0.00000000000E+00
   7.07352400000E-02   2.89017600000E-01   5.09370000000E-01   7.24819300000E-01
   8.29332600000E-01   9.32841600000E-01   1.03579700000E+00   1.13841400000E+00
   1.21228400000E+00   1.28596400000E+00   1.35950700000E+00   1.43294700000E+00
   1.43220200000E+00   1.43137800000E+00   1.52466600000E+00   1.78347400000E+00
   2.06779200000E+00   2.32643600000E+00   2.53375400000E+00   2.69149900000E+00
   2.90214800000E+00   3.09557900000E+00   3.27762600000E+00   3.45068000000E+00
   3.72324200000E+00   3.97434200000E+00   4.18289600000E+00   4.38881700000E+00
   4.51769700000E+00   4.84117700000E+00   5.22297300000E+00   5.59817400000E+00
   6.04426800000E+00   6.41835400000E+00   7.08962600000E+00   7.61059600000E+00
   8.37116300000E+00   9.19472200000E+00   9.91138200000E+00   1.06367700000E+01
   1.13137100000E+01   1.19887300000E+01   1.27915800000E+01   1.35587000000E+01
   1.43239300000E+01   1.50754000000E+01   1.58618400000E+01   1.66454900000E+01
   1.74570400000E+01   1.82686000000E+01   1.90742700000E+01   1.99002100000E+01
   2.06966000000E+01   2.15394700000E+01   2.23409500000E+01   2.31689600000E+01
   2.40373800000E+01   2.48269000000E+01   2.56886000000E+01   2.78024100000E+01
   2.99210900000E+01   3.19593500000E+01   3.40724800000E+01   3.81265700000E+01
   4.24761400000E+01   4.66461100000E+01   5.08834800000E+01   5.51913500000E+01
   5.91796800000E+01   6.32890900000E+01   6.74440300000E+01   7.14659500000E+01
   7.54864700000E+01                   5                  -1                   1
                   6                   5                   0                  75
   1.00000000000E+00   8.27822600000E+00   8.50000000000E+00   9.00000000000E+00
   9.50000000000E+00   1.00000000000E+01   1.05000000000E+01   1.10000000000E+01
   1.15000000000E+01   1.20000000000E+01   1.25000000000E+01   1.30000000000E+01
   1.35000000000E+01   1.40000000000E+01   1.45000000000E+01   1.50000000000E+01
   1.55000000000E+01   1.60000000000E+01   1.65000000000E+01   1.70000000000E+01
   1.75000000000E+01   1.80000000000E+01   1.85000000000E+01   1.90000000000E+01
   1.95000000000E+01   2.00000000000E+01   2.10000000000E+01   2.20000000000E+01
   2.30000000000E+01   2.40000000000E+01   2.50000000000E+01   2.60000000000E+01
   2.70000000000E+01   2.80000000000E+01   2.90000000000E+01   3.00000000000E+01
   3.20000000000E+01   3.40000000000E+01   3.60000000000E+01   3.80000000000E+01
   4.00000000000E+01   4.20000000000E+01   4.40000000000E+01   4.60000000000E+01
   4.80000000000E+01   5.00000000000E+01   5.20000000000E+01   5.40000000000E+01
   5.60000000000E+01   5.80000000000E+01   6.00000000000E+01   6.20000000000E+01
   6.40000000000E+01   6.60000000000E+01   6.80000000000E+01   7.00000000000E+01
   7.20000000000E+01   7.40000000000E+01   7.60000000000E+01   7.80000000000E+01
   8.00000000000E+01   8.50000000000E+01   9.00000000000E+01   9.50000000000E+01
   1.00000000000E+02   1.10000000000E+02   1.20000000000E+02   1.30000000000E+02
   1.40000000000E+02   1.50000000000E+02   1.60000000000E+02   1.70000000000E+02
   1.80000000000E+02   1.90000000000E+02   2.00000000000E+02   0.00000000000E+00
   0.00000000000E+00   7.48471600000E-01   9.39668700000E-01   9.78350500000E-01
   9.87883500000E-01   9.92607200000E-01   9.95233300000E-01   9.96812400000E-01
   9.97812300000E-01   9.98463900000E-01   9.98894200000E-01   9.99177100000E-01
   9.99359500000E-01   9.99470000000E-01   9.99526200000E-01   1.06534100000E+00
   1.24696800000E+00   1.42253000000E+00   1.57515700000E+00   1.68882200000E+00
   1.76646800000E+00   1.81294200000E+00   1.84488200000E+00   1.86752800000E+00
   1.88335900000E+00   1.90148800000E+00   1.90712800000E+00   1.90955900000E+00
   1.91061800000E+00   1.92472300000E+00   2.01941200000E+00   2.16777800000E+00
   2.31194400000E+00   2.42265500000E+00   2.49899500000E+00   2.57190000000E+00
   2.63425000000E+00   2.77042500000E+00   2.93588700000E+00   3.05712600000E+00
   3.12754800000E+00   3.17807300000E+00   3.24201400000E+00   3.33468100000E+00
   3.44396900000E+00   3.54213500000E+00   3.62558800000E+00   3.71276300000E+00
   3.80235800000E+00   3.89396300000E+00   3.97336100000E+00   4.04764300000E+00
   4.12259700000E+00   4.18809200000E+00   4.25980800000E+00   4.33357500000E+00
   4.40961400000E+00   4.49039300000E+00   4.55376900000E+00   4.62789300000E+00
   4.80443200000E+00   4.96794500000E+00   5.13238500000E+00   5.29802800000E+00
   5.61162700000E+00   5.93469400000E+00   6.26451800000E+00   6.57842400000E+00
   6.96379600000E+00   7.29169900000E+00   7.61018300000E+00   7.91902900000E+00
   8.23028100000E+00   8.52965800000E+00                   0                   1
                   0                   4                  10                   0
                   2   1.00000000000E+00   2.00000000000E+02   1.00000000000E+00
   1.00000000000E+00                   0                  31   1.00000000000E+00
   8.27822600000E+00   1.00000000000E+01   1.20000000000E+01   1.40000000000E+01
   1.60000000000E+01   1.80000000000E+01   2.00000000000E+01   2.20000000000E+01
   2.40000000000E+01   2.60000000000E+01   2.80000000000E+01   3.00000000000E+01
   3.20000000000E+01   3.60000000000E+01   4.00000000000E+01   4.40000000000E+01
   4.80000000000E+01   5.00000000000E+01   5.20000000000E+01   5.60000000000E+01
   6.00000000000E+01   7.00000000000E+01   8.00000000000E+01   9.00000000000E+01
   1.00000000000E+02   1.20000000000E+02   1.40000000000E+02   1.60000000000E+02
   1.80000000000E+02   2.00000000000E+02                  74                 103
                 132                 305                 658                1309
                2125                3040                4032                5090
                6392                7746                9152               10597
               12068               13604               15179               17041
               18933               20840               22762               24714
               26681               28961               31275               33899
               36561               39545               42836               46150
               49487                   2                   3   0.00000000000E+00
   5.00000000000E-07   1.00000000000E-06   0.00000000000E+00   2.00000000000E+06
   0.00000000000E+00   0.00000000000E+00   5.00000000000E-01   1.00000000000E+00
                   0                   0                   0                   0
                   0                   0                   0                   0
                   0                   0                   0                   0
                   0                   0                   0                   0
                   0                   0                   2                   3
   0.00000000000E+00   5.00000000000E-07   1.00000000000E-06   0.00000000000E+00
   2.00000000000E+06   0.00000000000E+00   0.00000000000E+00   5.00000000000E-01
   1.00000000000E+00                   0                   0                   0
                   0                   0                   0                   0
                   0                   0                   0                   0
                   0                   0                   0                   0
                   0                   0                   0                   2
                  19   0.00000000000E+00   2.50000000000E-02   1.00000000000E-01
   2.00000000000E-01   3.00000000000E-01   4.00000000000E-01   5.00000000000E-01
   6.00000000000E-01   7.00000000000E-01   8.00000000000E-01   9.00000000000E-01
   1.00000000000E+00   1.10000000000E+00   1.20000000000E+00   1.30000000000E+00
   1.40000000000E+00   1.50000000000E+00   1.60000000000E+00   1.70000000000E+00
   0.00000000000E+00   1.42426400000E-01   5.64105500000E-01   7.54021400000E-01
   8.47425400000E-01   8.88987300000E-01   8.98196200000E-01   8.82797800000E-01
   8.53183300000E-01   8.11830200000E-01   7.60823800000E-01   7.02503300000E-01
   6.39500900000E-01   3.27797600000E-01   2.30001000000E-05   9.21677000000E-06
   2.56743000000E-06   2.98777000000E-07   2.13618500000E+00   0.00000000000E+00
   1.78032995000E-03   2.82752754000E-02   9.41816185000E-02   1.74253956000E-01
   2.61074589000E-01   3.50433761000E-01   4.39483458000E-01   5.26282511000E-01
   6.09533183000E-01   6.88165881000E-01   7.61332234000E-01   8.28432442000E-01
   8.76797365000E-01   8.93188395000E-01   8.93190006000E-01   8.93190595000E-01
   8.93190738000E-01   1.00000000000E+00                   0                   0
                   0                   0                   0                   0
                   0                   0                   0                   0
                   0                   0                   0                   0
                   0                   0                   0                   0
                   0                   0                   0                   0
                   0                   0                   0                   0
                   0                   0                   0                   0
                   0                   0                   0                   0
                   0                   0                   0                   0
                   0                   0                   0                   0
                   0                   0                   0                   0
                   0                   0                   0                   0
                   0                   0                   0                   0
                   0                   0                   0                   0
                   0                   0                   0                   0
                   0                   0                   0                   0
                   0                   0                   0                   0
                   0                   0                   0                   0
                   0                   0                   0                   0
                   0                   0                   0                   0
                   0                   0                   0                   0
                   0                   0                   0                   0
                   0                   0                   0                   0
                   0                   0                   0                   0
