 29065.00u   64.370030  0.0000E+00   05/27/20
Ace Cu65 IAEA-PD                                                         mat2931
      0         0.      0         0.      0         0.      0         0.
      0         0.      0         0.      0         0.      0         0.
      0         0.      0         0.      0         0.      0         0.
      0         0.      0         0.      0         0.      0         0.
   306447    29065       89        1        7        2       12        0
        0        0        0        0        0        0        0        1
        1       90       90        0      179      268      269      270
      271      362      446        0        0        0        0        0
        0        0        0        0        0        0        0        0
        0        0        0        0        0        0        0        0
   9.99999000000E-01   1.00000000000E+00   1.50000000000E+00   2.00000000000E+00
   2.50000000000E+00   3.00000000000E+00   3.50000000000E+00   4.00000000000E+00
   4.50000000000E+00   5.00000000000E+00   5.50000000000E+00   6.00000000000E+00
   6.50000000000E+00   7.00000000000E+00   7.50000000000E+00   8.00000000000E+00
   8.50000000000E+00   9.00000000000E+00   9.50000000000E+00   1.00000000000E+01
   1.05000000000E+01   1.10000000000E+01   1.15000000000E+01   1.20000000000E+01
   1.25000000000E+01   1.30000000000E+01   1.35000000000E+01   1.40000000000E+01
   1.45000000000E+01   1.50000000000E+01   1.55000000000E+01   1.60000000000E+01
   1.65000000000E+01   1.70000000000E+01   1.75000000000E+01   1.80000000000E+01
   1.85000000000E+01   1.90000000000E+01   1.95000000000E+01   2.00000000000E+01
   2.10000000000E+01   2.20000000000E+01   2.30000000000E+01   2.40000000000E+01
   2.50000000000E+01   2.60000000000E+01   2.70000000000E+01   2.80000000000E+01
   2.90000000000E+01   3.00000000000E+01   3.20000000000E+01   3.40000000000E+01
   3.60000000000E+01   3.80000000000E+01   4.00000000000E+01   4.20000000000E+01
   4.40000000000E+01   4.60000000000E+01   4.80000000000E+01   5.00000000000E+01
   5.20000000000E+01   5.40000000000E+01   5.60000000000E+01   5.80000000000E+01
   6.00000000000E+01   6.20000000000E+01   6.40000000000E+01   6.60000000000E+01
   6.80000000000E+01   7.00000000000E+01   7.20000000000E+01   7.40000000000E+01
   7.60000000000E+01   7.80000000000E+01   8.00000000000E+01   8.50000000000E+01
   9.00000000000E+01   9.50000000000E+01   1.00000000000E+02   1.10000000000E+02
   1.20000000000E+02   1.30000000000E+02   1.40000000000E+02   1.50000000000E+02
   1.60000000000E+02   1.70000000000E+02   1.80000000000E+02   1.90000000000E+02
   2.00000000000E+02   0.00000000000E+00   9.15577000000E-06   2.47036800000E-05
   5.16490500000E-05   9.36324900000E-05   1.54961400000E-04   2.40841800000E-04
   3.57690400000E-04   5.13569200000E-04   7.18805200000E-04   9.86875100000E-04
   1.33565500000E-03   1.78914100000E-03   2.37966600000E-03   3.15018000000E-03
   4.15441200000E-03   5.44806600000E-03   7.05689400000E-03   8.91825000000E-03
   1.08735600000E-02   1.28420000000E-02   1.50086800000E-02   1.77225800000E-02
   2.13060800000E-02   2.60135400000E-02   3.20555200000E-02   3.95842300000E-02
   4.86087400000E-02   5.88415000000E-02   6.95259400000E-02   7.93864700000E-02
   8.68872900000E-02   9.08083900000E-02   9.07936200000E-02   8.74384500000E-02
   8.18920600000E-02   7.53541400000E-02   6.87941600000E-02   6.29217500000E-02
   5.80919200000E-02   4.77560500000E-02   3.80109600000E-02   3.13453500000E-02
   2.64680300000E-02   2.27291600000E-02   1.97817500000E-02   1.74107100000E-02
   1.54729500000E-02   1.38693400000E-02   1.25291700000E-02   1.04448900000E-02
   8.93880000000E-03   7.83942200000E-03   7.03393900000E-03   6.44388400000E-03
   6.01272000000E-03   5.69889700000E-03   5.47158100000E-03   5.30778500000E-03
   5.19033700000E-03   5.10640100000E-03   5.04637900000E-03   5.00308900000E-03
   4.97116500000E-03   4.94659800000E-03   4.92640400000E-03   4.90836700000E-03
   4.89085600000E-03   4.87268400000E-03   4.85299700000E-03   4.83120100000E-03
   4.80689700000E-03   4.77983600000E-03   4.74988700000E-03   4.71700400000E-03
   4.62225000000E-03   4.51102300000E-03   4.38597400000E-03   4.25027000000E-03
   3.96040400000E-03   3.66831000000E-03   3.39946900000E-03   3.17736000000E-03
   2.90157600000E-03   2.66341300000E-03   2.45606100000E-03   2.27421900000E-03
   2.11370600000E-03   1.97118000000E-03   0.00000000000E+00   1.00000000000E+00
   9.75641900000E-01   9.51284500000E-01   9.26927100000E-01   9.02569700000E-01
   8.78212300000E-01   4.78073100000E-01   4.30777900000E-01   3.95488400000E-01
   3.89561700000E-01   4.11123200000E-01   3.86605600000E-01   3.65138500000E-01
   3.38908500000E-01   3.02258000000E-01   3.84539200000E-01   6.83186200000E-01
   1.84023600000E+00   7.71530700000E+00   7.97502900000E+00   8.04674500000E+00
   8.78291300000E+00   9.93683700000E+00   9.96213200000E+00   9.98363400000E+00
   9.98341000000E+00   9.95406900000E+00   9.99856700000E+00   1.00178100000E+01
   1.00220800000E+01   1.00038300000E+01   1.00446200000E+01   1.00734000000E+01
   1.00912400000E+01   1.01528800000E+01   1.10651200000E+01   1.22087700000E+01
   1.32392400000E+01   1.42895700000E+01   1.56398600000E+01   1.66376300000E+01
   1.71386200000E+01   1.76345100000E+01   1.79110000000E+01   1.81580100000E+01
   1.84703200000E+01   1.88880700000E+01   1.96691100000E+01   2.05892500000E+01
   2.31597600000E+01   2.52419500000E+01   2.71358900000E+01   2.81995400000E+01
   2.93276800000E+01   3.07071500000E+01   3.22366300000E+01   3.42737900000E+01
   3.62011200000E+01   3.80322000000E+01   3.96490600000E+01   4.11926500000E+01
   4.27225100000E+01   4.42942000000E+01   4.58508500000E+01   4.73272900000E+01
   4.88060200000E+01   5.03693000000E+01   5.19684300000E+01   5.35921100000E+01
   5.52990300000E+01   5.70151900000E+01   5.87069600000E+01   6.04158200000E+01
   6.20793900000E+01   6.62356600000E+01   7.03593100000E+01   7.45240000000E+01
   7.86909300000E+01   8.69905100000E+01   9.53551600000E+01   1.03753400000E+02
   1.12173100000E+02   1.20650500000E+02   1.29191800000E+02   1.37647700000E+02
   1.46102300000E+02   1.54460600000E+02   1.62774800000E+02                   5
   0.00000000000E+00                   1                   1                  89
   0.00000000000E+00   9.15577000000E-06   2.47036800000E-05   5.16490500000E-05
   9.36324900000E-05   1.54961400000E-04   2.40841800000E-04   3.57690400000E-04
   5.13569200000E-04   7.18805200000E-04   9.86875100000E-04   1.33565500000E-03
   1.78914100000E-03   2.37966600000E-03   3.15018000000E-03   4.15441200000E-03
   5.44806600000E-03   7.05689400000E-03   8.91825000000E-03   1.08735600000E-02
   1.28420000000E-02   1.50086800000E-02   1.77225800000E-02   2.13060800000E-02
   2.60135400000E-02   3.20555200000E-02   3.95842300000E-02   4.86087400000E-02
   5.88415000000E-02   6.95259400000E-02   7.93864700000E-02   8.68872900000E-02
   9.08083900000E-02   9.07936200000E-02   8.74384500000E-02   8.18920600000E-02
   7.53541400000E-02   6.87941600000E-02   6.29217500000E-02   5.80919200000E-02
   4.77560500000E-02   3.80109600000E-02   3.13453500000E-02   2.64680300000E-02
   2.27291600000E-02   1.97817500000E-02   1.74107100000E-02   1.54729500000E-02
   1.38693400000E-02   1.25291700000E-02   1.04448900000E-02   8.93880000000E-03
   7.83942200000E-03   7.03393900000E-03   6.44388400000E-03   6.01272000000E-03
   5.69889700000E-03   5.47158100000E-03   5.30778500000E-03   5.19033700000E-03
   5.10640100000E-03   5.04637900000E-03   5.00308900000E-03   4.97116500000E-03
   4.94659800000E-03   4.92640400000E-03   4.90836700000E-03   4.89085600000E-03
   4.87268400000E-03   4.85299700000E-03   4.83120100000E-03   4.80689700000E-03
   4.77983600000E-03   4.74988700000E-03   4.71700400000E-03   4.62225000000E-03
   4.51102300000E-03   4.38597400000E-03   4.25027000000E-03   3.96040400000E-03
   3.66831000000E-03   3.39946900000E-03   3.17736000000E-03   2.90157600000E-03
   2.66341300000E-03   2.45606100000E-03   2.27421900000E-03   2.11370600000E-03
   1.97118000000E-03                   1                   1                 446
                 519                 592                 593                 594
                 595                 741                 742                 742
                 743                   2                   1               51201
               51292               51383               51384               51385
               51386               51558               51559               51559
               51560                   9                   1               65209
               65287               65365               65366               65367
               65368               65524               65525               65525
               65526                  31                   1              120230
              120293              120356              120357              120358
              120359              120485              120486              120486
              120487                  32                   1              165185
              165247              165309              165310              165311
              165312              165436              165437              165437
              165438                  33                   1              210255
              210307              210359              210360              210361
              210362              210466              210467              210467
              210468                  34                   1              248093
              248172              248251              248252              248253
              248254              248412              248413              248413
              248414                  19                  71   0.00000000000E+00
   1.61922500000E-03   1.25877800000E-02   1.47798300000E-02   1.74509700000E-02
   2.09660500000E-02   2.55613500000E-02   3.14461300000E-02   3.87543100000E-02
   4.74785100000E-02   5.73444100000E-02   6.76304200000E-02   7.70756300000E-02
   8.42240600000E-02   8.79141400000E-02   8.77944800000E-02   8.44339600000E-02
   8.00816000000E-02   8.16263900000E-02   8.47548900000E-02   8.53195600000E-02
   8.65303000000E-02   7.88759900000E-02   6.65429700000E-02   5.64445700000E-02
   4.82653500000E-02   4.15977500000E-02   3.61236700000E-02   3.15930600000E-02
   2.78403900000E-02   2.47693000000E-02   2.23988900000E-02   1.97905800000E-02
   1.83303600000E-02   1.69523800000E-02   1.55566700000E-02   1.43311300000E-02
   1.35665600000E-02   1.32391600000E-02   1.33100100000E-02   1.34381900000E-02
   1.36105800000E-02   1.37526100000E-02   1.39464600000E-02   1.42175800000E-02
   1.45232800000E-02   1.48155000000E-02   1.51111700000E-02   1.53491900000E-02
   1.55522900000E-02   1.57706100000E-02   1.59480200000E-02   1.61600500000E-02
   1.63418800000E-02   1.65268700000E-02   1.66479100000E-02   1.67769200000E-02
   1.69402500000E-02   1.70531000000E-02   1.70589700000E-02   1.69782400000E-02
   1.66272900000E-02   1.61149200000E-02   1.55203500000E-02   1.50658400000E-02
   1.42277200000E-02   1.34601100000E-02   1.27723700000E-02   1.21638900000E-02
   1.16005400000E-02   1.10786600000E-02                  19                  71
   0.00000000000E+00   6.76314500000E-03   2.93026400000E-01   5.44048100000E-01
   7.93647400000E-01   1.04261800000E+00   1.21668200000E+00   1.38994800000E+00
   1.56210900000E+00   1.73298600000E+00   1.79190300000E+00   1.85124300000E+00
   1.91030100000E+00   1.96973500000E+00   1.98904400000E+00   2.00842400000E+00
   2.02739800000E+00   2.07513400000E+00   2.18365100000E+00   2.35272300000E+00
   2.44544700000E+00   2.52817600000E+00   2.86030600000E+00   3.09213300000E+00
   3.40987400000E+00   3.68519300000E+00   3.94852400000E+00   4.18922300000E+00
   4.36013500000E+00   4.51912600000E+00   4.58903400000E+00   4.69739800000E+00
   4.90136100000E+00   5.30887400000E+00   5.60280800000E+00   5.99644800000E+00
   6.29751600000E+00   6.54376300000E+00   6.89680100000E+00   7.27611700000E+00
   7.62945400000E+00   7.99329400000E+00   8.34016400000E+00   8.66389700000E+00
   9.01730600000E+00   9.39049100000E+00   9.75018500000E+00   1.01476100000E+01
   1.05105500000E+01   1.08557800000E+01   1.12202400000E+01   1.15661200000E+01
   1.19212500000E+01   1.22672500000E+01   1.26298300000E+01   1.29581300000E+01
   1.33074600000E+01   1.41203500000E+01   1.49856300000E+01   1.57997000000E+01
   1.66188300000E+01   1.81908400000E+01   1.97920300000E+01   2.13071000000E+01
   2.28952600000E+01   2.44119600000E+01   2.59179000000E+01   2.74090400000E+01
   2.89506000000E+01   3.04976200000E+01   3.20417100000E+01                   5
                  -1                   1                   6                   5
                   0                  71   1.00000000000E+00   9.91043200000E+00
   1.05000000000E+01   1.10000000000E+01   1.15000000000E+01   1.20000000000E+01
   1.25000000000E+01   1.30000000000E+01   1.35000000000E+01   1.40000000000E+01
   1.45000000000E+01   1.50000000000E+01   1.55000000000E+01   1.60000000000E+01
   1.65000000000E+01   1.70000000000E+01   1.75000000000E+01   1.80000000000E+01
   1.85000000000E+01   1.90000000000E+01   1.95000000000E+01   2.00000000000E+01
   2.10000000000E+01   2.20000000000E+01   2.30000000000E+01   2.40000000000E+01
   2.50000000000E+01   2.60000000000E+01   2.70000000000E+01   2.80000000000E+01
   2.90000000000E+01   3.00000000000E+01   3.20000000000E+01   3.40000000000E+01
   3.60000000000E+01   3.80000000000E+01   4.00000000000E+01   4.20000000000E+01
   4.40000000000E+01   4.60000000000E+01   4.80000000000E+01   5.00000000000E+01
   5.20000000000E+01   5.40000000000E+01   5.60000000000E+01   5.80000000000E+01
   6.00000000000E+01   6.20000000000E+01   6.40000000000E+01   6.60000000000E+01
   6.80000000000E+01   7.00000000000E+01   7.20000000000E+01   7.40000000000E+01
   7.60000000000E+01   7.80000000000E+01   8.00000000000E+01   8.50000000000E+01
   9.00000000000E+01   9.50000000000E+01   1.00000000000E+02   1.10000000000E+02
   1.20000000000E+02   1.30000000000E+02   1.40000000000E+02   1.50000000000E+02
   1.60000000000E+02   1.70000000000E+02   1.80000000000E+02   1.90000000000E+02
   2.00000000000E+02   0.00000000000E+00   0.00000000000E+00   9.80204000000E-01
   9.84752200000E-01   9.84674400000E-01   9.84040700000E-01   9.82617100000E-01
   9.80989500000E-01   9.79034100000E-01   9.76748400000E-01   9.74557200000E-01
   9.72736500000E-01   9.70891300000E-01   9.69348500000E-01   9.68127900000E-01
   9.66967500000E-01   9.65638800000E-01   9.77892100000E-01   1.08323700000E+00
   1.23200700000E+00   1.35596300000E+00   1.48954100000E+00   1.65164400000E+00
   1.75062600000E+00   1.80073200000E+00   1.82353400000E+00   1.83014900000E+00
   1.82611100000E+00   1.81457600000E+00   1.79929400000E+00   1.78590300000E+00
   1.78773900000E+00   1.89476200000E+00   2.05065100000E+00   2.16245300000E+00
   2.21165800000E+00   2.22398900000E+00   2.25631000000E+00   2.32310900000E+00
   2.43257100000E+00   2.53178900000E+00   2.62229200000E+00   2.69321000000E+00
   2.76365700000E+00   2.84176000000E+00   2.92150400000E+00   2.99508900000E+00
   3.06738300000E+00   3.12714800000E+00   3.17987100000E+00   3.23653500000E+00
   3.28622100000E+00   3.34493400000E+00   3.39967300000E+00   3.45762300000E+00
   3.50490700000E+00   3.55669000000E+00   3.66493600000E+00   3.78031800000E+00
   3.88943700000E+00   3.99462600000E+00   4.19838200000E+00   4.39300900000E+00
   4.56552200000E+00   4.74162200000E+00   4.90344600000E+00   5.05370700000E+00
   5.20034700000E+00   5.34860100000E+00   5.48824700000E+00   5.62031900000E+00
                   0                   1                   0                   4
                  10                   0                   2   1.00000000000E+00
   2.00000000000E+02   1.00000000000E+00   1.00000000000E+00                   0
                  30   1.00000000000E+00   9.91043200000E+00   1.20000000000E+01
   1.40000000000E+01   1.60000000000E+01   1.80000000000E+01   2.00000000000E+01
   2.20000000000E+01   2.40000000000E+01   2.60000000000E+01   2.80000000000E+01
   3.00000000000E+01   3.20000000000E+01   3.60000000000E+01   4.00000000000E+01
   4.40000000000E+01   4.80000000000E+01   5.00000000000E+01   5.20000000000E+01
   5.60000000000E+01   6.00000000000E+01   7.00000000000E+01   8.00000000000E+01
   9.00000000000E+01   1.00000000000E+02   1.20000000000E+02   1.40000000000E+02
   1.60000000000E+02   1.80000000000E+02   2.00000000000E+02                  72
                  95                 118                 281                 670
                1321                2082                2942                4036
                5208                6445                7734                9062
               10442               11887               13614               15386
               17203               19035               20882               22759
               24666               26895               29158               31725
               34330               37272               40517               43808
               47122                   2                   3   0.00000000000E+00
   5.00000000000E-07   1.00000000000E-06   0.00000000000E+00   2.00000000000E+06
   0.00000000000E+00   0.00000000000E+00   5.00000000000E-01   1.00000000000E+00
                   0                   0                   0                   0
                   0                   0                   0                   0
                   0                   0                   0                   0
                   2                   3   0.00000000000E+00   5.00000000000E-07
   1.00000000000E-06   0.00000000000E+00   2.00000000000E+06   0.00000000000E+00
   0.00000000000E+00   5.00000000000E-01   1.00000000000E+00                   0
                   0                   0                   0                   0
                   0                   0                   0                   0
                   0                   0                   0                   2
                  23   0.00000000000E+00   2.50000000000E-02   1.00000000000E-01
   2.00000000000E-01   3.00000000000E-01   4.00000000000E-01   5.00000000000E-01
   6.00000000000E-01   7.00000000000E-01   8.00000000000E-01   9.00000000000E-01
   1.00000000000E+00   1.10000000000E+00   1.20000000000E+00   1.30000000000E+00
   1.40000000000E+00   1.50000000000E+00   1.60000000000E+00   1.70000000000E+00
   1.80000000000E+00   1.90000000000E+00   2.00000000000E+00   2.10000000000E+00
   0.00000000000E+00   4.08788300000E-02   1.63366900000E-01   2.24508000000E-01
   5.41645800000E-01   5.66364200000E-01   8.53686300000E-01   5.65083000000E-01
   4.93726800000E-01   1.64673100000E+00   6.97590000000E-06   4.66288000000E-06
   3.01635000000E-06   8.31529900000E-01   3.54097300000E-01   8.68429600000E-01
   6.76741600000E-01   1.43026000000E-07   8.58084700000E-01   5.48862700000E-01
   5.65363400000E-01   6.27213000000E-10   4.83491100000E-01   0.00000000000E+00
   5.10985370000E-04   8.17020017000E-03   2.75639450000E-02   6.58716346000E-02
   1.21272134000E-01   1.92274658000E-01   2.63213123000E-01   3.16153612000E-01
   4.23176501000E-01   5.05513399000E-01   5.05513981000E-01   5.05514365000E-01
   5.47091010000E-01   6.06372370000E-01   6.67498714000E-01   7.44757273000E-01
   7.78594360000E-01   8.21498602000E-01   8.91845971000E-01   9.47557275000E-01
   9.75825445000E-01   1.00000000000E+00                   0                   0
                   0                   0                   0                   0
                   0                   0                   0                   0
                   0                   0                   0                   0
                   0                   0                   0                   0
                   0                   0                   0                   0
                   0                   0                   0                   0
                   0                   0                   0                   0
                   0                   0                   0                   0
                   0                   0                   0                   0
                   0                   0                   0                   0
                   0                   0                   0                   0
                   0                   0                   0                   0
                   0                   0                   0                   0
                   0                   0                   0                   0
                   0                   0                   0                   0
                   0                   0                   0                   0
                   0                   0                   0                   0
                   0                   0                   0                   0
                   0                   0                   0                   0
                   0                   0                   0                   0
                   0                   0                   0                   0
                   0                   0                   0                   0
                   0                   0                   2   4.30000000000E+01
   0.00000000000E+00   2.50000000000E-02   1.00000000000E-01                   0
                   0                   0                   1   6.00000000000E-01
                   1                   1   9.00000000000E-01                   1
                   1                   1                   1                   1
                   2                   2                   2                   2
                   2                   2   2.10000000000E+00   2.20000000000E+00
   2.30000000000E+00   2.40000000000E+00                   3                   3
   2.70000000000E+00   2.80000000000E+00   2.90000000000E+00                   3
                   3                   3   3.30000000000E+00   3.40000000000E+00
   3.50000000000E+00   3.60000000000E+00   3.70000000000E+00   3.80000000000E+00
   3.90000000000E+00   4.00000000000E+00   4.10000000000E+00   0.00000000000E+00
   3.30413300000E-02   1.31685300000E-01   1.81260400000E-01   2.22786600000E-01
   2.59781100000E-01   2.91963600000E-01   3.18519600000E-01   3.38931100000E-01
   3.53166800000E-01   3.61613600000E-01   3.64930600000E-01   3.63910800000E-01
   3.59366900000E-01   3.52065500000E-01   3.42684300000E-01   3.31804300000E-01
   3.19903800000E-01   3.07369500000E-01   2.94505800000E-01   2.81548600000E-01
   2.68675400000E-01   2.56016600000E-01   2.43665200000E-01   4.27980700000E-01
   3.38048900000E-01   4.15544000000E-01   2.66969500000E-01   2.11042000000E-01
   6.07495400000E-01   8.80513000000E-07   6.01990000000E-07   3.98105000000E-07
   2.26350800000E-01   9.21256500000E-02   2.11745300000E-01   1.69955100000E-01
   2.26484000000E-08   1.95076100000E-01   1.20070600000E-01   1.21225300000E-01
   1.16447000000E-10   1.00306800000E-01   0.00000000000E+00   4.13016623000E-04
   6.59026521000E-03   2.22375501000E-02   4.24399000000E-02   6.65682849000E-02
   9.41555197000E-02   1.24679680000E-01   1.57552214000E-01   1.92157109000E-01
   2.27896129000E-01   2.64223339000E-01   3.00665409000E-01   3.36829293000E-01
   3.72400913000E-01   4.07138403000E-01   4.40862833000E-01   4.73448238000E-01
   5.04811902000E-01   5.34905667000E-01   5.63708387000E-01   5.91219587000E-01
   6.17454187000E-01   6.42438277000E-01   6.76020571000E-01   7.14322051000E-01
   7.52001696000E-01   7.86127371000E-01   8.10027946000E-01   8.50954816000E-01
   8.81329629000E-01   8.81329703000E-01   8.81329753000E-01   8.92647313000E-01
   9.08571136000E-01   9.23764683000E-01   9.42849703000E-01   9.51347459000E-01
   9.61101265000E-01   9.76858600000E-01   9.88923395000E-01   9.94984660000E-01
   1.00000000000E+00   0.00000000000E+00   0.00000000000E+00   0.00000000000E+00
   0.00000000000E+00                   0
