 66163.00u  161.529100  0.0000E+00   06/19/20
Ace Dy163 IAEA-PD                                                        mat6646
      0         0.      0         0.      0         0.      0         0.
      0         0.      0         0.      0         0.      0         0.
      0         0.      0         0.      0         0.      0         0.
      0         0.      0         0.      0         0.      0         0.
   340837    66163       89        1        7        2       12        0
        0        0        0        0        0        0        0        1
        1       90       90        0      179      268      269      270
      271      362      446        0        0        0        0        0
        0        0        0        0        0        0        0        0
        0        0        0        0        0        0        0        0
   9.99999000000E-01   1.00000000000E+00   1.50000000000E+00   2.00000000000E+00
   2.50000000000E+00   3.00000000000E+00   3.50000000000E+00   4.00000000000E+00
   4.50000000000E+00   5.00000000000E+00   5.50000000000E+00   6.00000000000E+00
   6.50000000000E+00   7.00000000000E+00   7.50000000000E+00   8.00000000000E+00
   8.50000000000E+00   9.00000000000E+00   9.50000000000E+00   1.00000000000E+01
   1.05000000000E+01   1.10000000000E+01   1.15000000000E+01   1.20000000000E+01
   1.25000000000E+01   1.30000000000E+01   1.35000000000E+01   1.40000000000E+01
   1.45000000000E+01   1.50000000000E+01   1.55000000000E+01   1.60000000000E+01
   1.65000000000E+01   1.70000000000E+01   1.75000000000E+01   1.80000000000E+01
   1.85000000000E+01   1.90000000000E+01   1.95000000000E+01   2.00000000000E+01
   2.10000000000E+01   2.20000000000E+01   2.30000000000E+01   2.40000000000E+01
   2.50000000000E+01   2.60000000000E+01   2.70000000000E+01   2.80000000000E+01
   2.90000000000E+01   3.00000000000E+01   3.20000000000E+01   3.40000000000E+01
   3.60000000000E+01   3.80000000000E+01   4.00000000000E+01   4.20000000000E+01
   4.40000000000E+01   4.60000000000E+01   4.80000000000E+01   5.00000000000E+01
   5.20000000000E+01   5.40000000000E+01   5.60000000000E+01   5.80000000000E+01
   6.00000000000E+01   6.20000000000E+01   6.40000000000E+01   6.60000000000E+01
   6.80000000000E+01   7.00000000000E+01   7.20000000000E+01   7.40000000000E+01
   7.60000000000E+01   7.80000000000E+01   8.00000000000E+01   8.50000000000E+01
   9.00000000000E+01   9.50000000000E+01   1.00000000000E+02   1.10000000000E+02
   1.20000000000E+02   1.30000000000E+02   1.40000000000E+02   1.50000000000E+02
   1.60000000000E+02   1.70000000000E+02   1.80000000000E+02   1.90000000000E+02
   2.00000000000E+02   0.00000000000E+00   3.04771900000E-05   8.71208900000E-05
   1.90683500000E-04   3.59796600000E-04   6.18410300000E-04   9.98336900000E-04
   1.54300000000E-03   2.31290200000E-03   3.39308400000E-03   4.90144100000E-03
   6.99292300000E-03   9.85253100000E-03   1.36949700000E-02   1.88419000000E-02
   2.57983700000E-02   3.48477500000E-02   4.52176000000E-02   5.60017100000E-02
   6.94462100000E-02   9.18888700000E-02   1.33704800000E-01   2.08188100000E-01
   2.96049600000E-01   3.05846300000E-01   2.60380400000E-01   2.36433800000E-01
   2.41586900000E-01   2.64318500000E-01   2.91247100000E-01   3.08621500000E-01
   3.07404900000E-01   2.88101100000E-01   2.58147800000E-01   2.25424000000E-01
   1.94786800000E-01   1.68189600000E-01   1.45908400000E-01   1.27508100000E-01
   1.12355500000E-01   8.91684600000E-02   7.28525600000E-02   6.09861700000E-02
   5.20820000000E-02   4.52152100000E-02   3.97951600000E-02   3.54332300000E-02
   3.18662200000E-02   2.89109300000E-02   2.64366100000E-02   2.25726500000E-02
   1.97581800000E-02   1.76824600000E-02   1.61438800000E-02   1.50034000000E-02
   1.41607700000E-02   1.35416200000E-02   1.30897900000E-02   1.27626000000E-02
   1.25274200000E-02   1.23593700000E-02   1.22394400000E-02   1.21531700000E-02
   1.20895600000E-02   1.20402900000E-02   1.19991000000E-02   1.19612900000E-02
   1.19233800000E-02   1.18828400000E-02   1.18378300000E-02   1.17870900000E-02
   1.17297800000E-02   1.16654000000E-02   1.15936900000E-02   1.15146100000E-02
   1.12855500000E-02   1.10155900000E-02   1.07114100000E-02   1.03809100000E-02
   9.67418600000E-03   8.96150500000E-03   8.30534600000E-03   7.76321300000E-03
   7.08964200000E-03   6.50792600000E-03   6.00144100000E-03   5.55724900000E-03
   5.16514100000E-03   4.81696400000E-03   0.00000000000E+00   1.00000000000E+00
   1.09899900000E-01   1.09038600000E-01   1.64761600000E-01   1.86207500000E-01
   1.60864400000E-01   8.58606900000E-02   1.14079900000E-01   1.17629000000E-01
   9.97985100000E-02   6.18200700000E-02   4.88576600000E+00   5.89095100000E+00
   5.92879900000E+00   6.13297100000E+00   6.21827700000E+00   6.27913000000E+00
   6.28011400000E+00   6.24201400000E+00   6.27142400000E+00   6.30073700000E+00
   6.32145700000E+00   6.32260500000E+00   6.37087300000E+00   6.39081800000E+00
   6.38127500000E+00   6.34563800000E+00   6.98971100000E+00   8.72640800000E+00
   1.05748800000E+01   1.17554400000E+01   1.22990500000E+01   1.27226600000E+01
   1.31183700000E+01   1.35222100000E+01   1.36311000000E+01   1.37136900000E+01
   1.37896100000E+01   1.38505400000E+01   1.40243300000E+01   1.42949100000E+01
   1.57750600000E+01   1.70675600000E+01   1.78528700000E+01   1.85470500000E+01
   1.89150000000E+01   1.92714200000E+01   1.95175900000E+01   1.97352200000E+01
   2.04674200000E+01   2.25375500000E+01   2.44432200000E+01   2.56229300000E+01
   2.67517500000E+01   2.80571200000E+01   2.93108100000E+01   3.04844400000E+01
   3.16477000000E+01   3.25856500000E+01   3.36989300000E+01   3.49969000000E+01
   3.63123900000E+01   3.75972200000E+01   3.87910000000E+01   3.99976100000E+01
   4.11393600000E+01   4.22529400000E+01   4.33313200000E+01   4.44215600000E+01
   4.55263300000E+01   4.66129800000E+01   4.76792600000E+01   4.87941600000E+01
   4.99364900000E+01   5.28444700000E+01   5.56306100000E+01   5.83439800000E+01
   6.11414100000E+01   6.68272000000E+01   7.22375600000E+01   7.79255400000E+01
   8.34458200000E+01   8.91057400000E+01   9.47120300000E+01   1.00124200000E+02
   1.06117600000E+02   1.11794400000E+02   1.17536400000E+02                   5
   0.00000000000E+00                   1                   1                  89
   0.00000000000E+00   3.04771900000E-05   8.71208900000E-05   1.90683500000E-04
   3.59796600000E-04   6.18410300000E-04   9.98336900000E-04   1.54300000000E-03
   2.31290200000E-03   3.39308400000E-03   4.90144100000E-03   6.99292300000E-03
   9.85253100000E-03   1.36949700000E-02   1.88419000000E-02   2.57983700000E-02
   3.48477500000E-02   4.52176000000E-02   5.60017100000E-02   6.94462100000E-02
   9.18888700000E-02   1.33704800000E-01   2.08188100000E-01   2.96049600000E-01
   3.05846300000E-01   2.60380400000E-01   2.36433800000E-01   2.41586900000E-01
   2.64318500000E-01   2.91247100000E-01   3.08621500000E-01   3.07404900000E-01
   2.88101100000E-01   2.58147800000E-01   2.25424000000E-01   1.94786800000E-01
   1.68189600000E-01   1.45908400000E-01   1.27508100000E-01   1.12355500000E-01
   8.91684600000E-02   7.28525600000E-02   6.09861700000E-02   5.20820000000E-02
   4.52152100000E-02   3.97951600000E-02   3.54332300000E-02   3.18662200000E-02
   2.89109300000E-02   2.64366100000E-02   2.25726500000E-02   1.97581800000E-02
   1.76824600000E-02   1.61438800000E-02   1.50034000000E-02   1.41607700000E-02
   1.35416200000E-02   1.30897900000E-02   1.27626000000E-02   1.25274200000E-02
   1.23593700000E-02   1.22394400000E-02   1.21531700000E-02   1.20895600000E-02
   1.20402900000E-02   1.19991000000E-02   1.19612900000E-02   1.19233800000E-02
   1.18828400000E-02   1.18378300000E-02   1.17870900000E-02   1.17297800000E-02
   1.16654000000E-02   1.15936900000E-02   1.15146100000E-02   1.12855500000E-02
   1.10155900000E-02   1.07114100000E-02   1.03809100000E-02   9.67418600000E-03
   8.96150500000E-03   8.30534600000E-03   7.76321300000E-03   7.08964200000E-03
   6.50792600000E-03   6.00144100000E-03   5.55724900000E-03   5.16514100000E-03
   4.81696400000E-03                   1                   1                 446
                 526                 606                 607                 608
                 609                 771                 772                 772
                 773                   2                   1               57222
               57313               57404               57405               57406
               57407               57587               57588               57588
               57589                   9                   1               71350
               71427               71504               71505               71506
               71507               71661               71662               71662
               71663                  31                   1              126989
              127057              127125              127126              127127
              127128              127266              127267              127267
              127268                  32                   1              176119
              176184              176249              176250              176251
              176252              176384              176385              176385
              176386                  33                   1              223140
              223202              223264              223265              223266
              223267              223399              223400              223400
              223401                  34                   1              270962
              271051              271140              271141              271142
              271143              271323              271324              271324
              271325                  12                  78   0.00000000000E+00
   7.33014100000E-03   1.28752700000E-02   1.80687200000E-02   2.48853700000E-02
   3.36568300000E-02   4.39145300000E-02   5.47206100000E-02   6.82299100000E-02
   9.06961500000E-02   1.32454400000E-01   2.06818900000E-01   2.94708300000E-01
   3.04906400000E-01   2.59840400000E-01   2.36098500000E-01   2.41344400000E-01
   2.64119900000E-01   3.48716600000E-01   4.52219700000E-01   5.10093200000E-01
   5.07246900000E-01   4.69290500000E-01   4.17426400000E-01   3.65049700000E-01
   3.17397000000E-01   2.76725300000E-01   2.42644600000E-01   2.14348200000E-01
   1.70665800000E-01   1.43022000000E-01   1.32068600000E-01   1.23372300000E-01
   1.12811300000E-01   1.02388700000E-01   9.27983500000E-02   8.42646400000E-02
   7.69000400000E-02   7.05629300000E-02   6.13910800000E-02   5.77863300000E-02
   5.47551200000E-02   5.15680900000E-02   4.90217500000E-02   4.77801200000E-02
   4.73855500000E-02   4.72829300000E-02   4.71316600000E-02   4.70858700000E-02
   4.74029300000E-02   4.81336700000E-02   4.89739000000E-02   4.97889400000E-02
   5.06563700000E-02   5.14843600000E-02   5.23747600000E-02   5.32472300000E-02
   5.40629400000E-02   5.47417700000E-02   5.53699600000E-02   5.60047000000E-02
   5.66535800000E-02   5.71977000000E-02   5.76596400000E-02   5.87909800000E-02
   5.95938700000E-02   6.00420500000E-02   6.00715300000E-02   5.94850300000E-02
   5.83363200000E-02   5.68911800000E-02   5.58374900000E-02   5.33590000000E-02
   5.10710200000E-02   4.94763600000E-02   4.75488200000E-02   4.57866300000E-02
   4.40686900000E-02                  12                  78   0.00000000000E+00
   8.87814100000E-02   3.57153800000E-01   6.14170600000E-01   8.69124700000E-01
   8.75246400000E-01   8.85156100000E-01   8.95657300000E-01   9.05685900000E-01
   9.22121500000E-01   9.37811900000E-01   9.52774300000E-01   9.67097300000E-01
   9.92507200000E-01   1.01752000000E+00   1.04222200000E+00   1.06669800000E+00
   1.04103700000E+00   1.21632400000E+00   1.45051900000E+00   1.59956700000E+00
   1.81393100000E+00   1.99342800000E+00   2.15326700000E+00   2.30349900000E+00
   2.41927600000E+00   2.53161500000E+00   2.64075300000E+00   2.74824600000E+00
   2.90951700000E+00   3.14056200000E+00   3.48976000000E+00   3.84514300000E+00
   4.23084100000E+00   4.54948100000E+00   4.85705200000E+00   5.13238200000E+00
   5.40639200000E+00   5.66981300000E+00   6.25735100000E+00   6.99182500000E+00
   7.68111900000E+00   8.37297600000E+00   9.02436400000E+00   9.71147600000E+00
   1.04784800000E+01   1.12449400000E+01   1.19341500000E+01   1.26535700000E+01
   1.33751200000E+01   1.41292600000E+01   1.49030800000E+01   1.56849500000E+01
   1.64874600000E+01   1.72560000000E+01   1.80605000000E+01   1.88792800000E+01
   1.97020700000E+01   2.05011700000E+01   2.12842100000E+01   2.20994300000E+01
   2.29528900000E+01   2.37982300000E+01   2.46439700000E+01   2.67189500000E+01
   2.88706700000E+01   3.10003100000E+01   3.31246200000E+01   3.72673600000E+01
   4.16456100000E+01   4.57785400000E+01   5.01221000000E+01   5.42639100000E+01
   5.84730600000E+01   6.28035700000E+01   6.66088300000E+01   7.06648200000E+01
   7.46380000000E+01                   5                  -1                   1
                   6                   5                   0                  79
   1.00000000000E+00   6.27100900000E+00   6.50000000000E+00   7.00000000000E+00
   7.50000000000E+00   8.00000000000E+00   8.50000000000E+00   9.00000000000E+00
   9.50000000000E+00   1.00000000000E+01   1.05000000000E+01   1.10000000000E+01
   1.15000000000E+01   1.20000000000E+01   1.25000000000E+01   1.30000000000E+01
   1.35000000000E+01   1.40000000000E+01   1.45000000000E+01   1.50000000000E+01
   1.55000000000E+01   1.60000000000E+01   1.65000000000E+01   1.70000000000E+01
   1.75000000000E+01   1.80000000000E+01   1.85000000000E+01   1.90000000000E+01
   1.95000000000E+01   2.00000000000E+01   2.10000000000E+01   2.20000000000E+01
   2.30000000000E+01   2.40000000000E+01   2.50000000000E+01   2.60000000000E+01
   2.70000000000E+01   2.80000000000E+01   2.90000000000E+01   3.00000000000E+01
   3.20000000000E+01   3.40000000000E+01   3.60000000000E+01   3.80000000000E+01
   4.00000000000E+01   4.20000000000E+01   4.40000000000E+01   4.60000000000E+01
   4.80000000000E+01   5.00000000000E+01   5.20000000000E+01   5.40000000000E+01
   5.60000000000E+01   5.80000000000E+01   6.00000000000E+01   6.20000000000E+01
   6.40000000000E+01   6.60000000000E+01   6.80000000000E+01   7.00000000000E+01
   7.20000000000E+01   7.40000000000E+01   7.60000000000E+01   7.80000000000E+01
   8.00000000000E+01   8.50000000000E+01   9.00000000000E+01   9.50000000000E+01
   1.00000000000E+02   1.10000000000E+02   1.20000000000E+02   1.30000000000E+02
   1.40000000000E+02   1.50000000000E+02   1.60000000000E+02   1.70000000000E+02
   1.80000000000E+02   1.90000000000E+02   2.00000000000E+02   0.00000000000E+00
   0.00000000000E+00   7.43985600000E-01   9.40145900000E-01   9.58964900000E-01
   9.64610200000E-01   9.65825100000E-01   9.71182200000E-01   9.77123900000E-01
   9.82485700000E-01   9.87020000000E-01   9.90648100000E-01   9.93423300000E-01
   9.95469300000E-01   9.96926900000E-01   9.97926100000E-01   9.98581800000E-01
   9.98996200000E-01   9.99248600000E-01   1.19732200000E+00   1.46528900000E+00
   1.65935300000E+00   1.76065600000E+00   1.81791400000E+00   1.85173900000E+00
   1.87409900000E+00   1.88713800000E+00   1.89656900000E+00   1.90297400000E+00
   1.90776800000E+00   1.91397000000E+00   1.96317100000E+00   2.16555000000E+00
   2.36880900000E+00   2.49498600000E+00   2.57289300000E+00   2.61896400000E+00
   2.64432500000E+00   2.65989500000E+00   2.66913700000E+00   2.71971100000E+00
   2.92467900000E+00   3.09657800000E+00   3.19428100000E+00   3.26737600000E+00
   3.37411900000E+00   3.49925300000E+00   3.61219900000E+00   3.69295100000E+00
   3.75862500000E+00   3.83538400000E+00   3.93266900000E+00   4.02972200000E+00
   4.11834200000E+00   4.20723800000E+00   4.29068500000E+00   4.37868800000E+00
   4.46578300000E+00   4.54966500000E+00   4.62430800000E+00   4.69750900000E+00
   4.77457400000E+00   4.85654800000E+00   4.93352000000E+00   5.00752000000E+00
   5.20940300000E+00   5.40995700000E+00   5.60542900000E+00   5.78673100000E+00
   6.14884100000E+00   6.50965700000E+00   6.84994700000E+00   7.19257500000E+00
   7.52633200000E+00   7.84751100000E+00   8.24408000000E+00   8.55618000000E+00
   8.86454600000E+00   9.14864400000E+00                   0                   1
                   0                   4                  10                   0
                   2   1.00000000000E+00   2.00000000000E+02   1.00000000000E+00
   1.00000000000E+00                   0                  32   1.00000000000E+00
   6.27100900000E+00   8.00000000000E+00   1.00000000000E+01   1.20000000000E+01
   1.40000000000E+01   1.60000000000E+01   1.80000000000E+01   2.00000000000E+01
   2.20000000000E+01   2.40000000000E+01   2.60000000000E+01   2.80000000000E+01
   3.00000000000E+01   3.20000000000E+01   3.60000000000E+01   4.00000000000E+01
   4.40000000000E+01   4.80000000000E+01   5.00000000000E+01   5.20000000000E+01
   5.60000000000E+01   6.00000000000E+01   7.00000000000E+01   8.00000000000E+01
   9.00000000000E+01   1.00000000000E+02   1.20000000000E+02   1.40000000000E+02
   1.60000000000E+02   1.80000000000E+02   2.00000000000E+02                  76
                  87                  98                 157                 510
                1043                1914                2939                4041
                5198                6399                7870                9380
               10916               12491               14092               15732
               17669               19636               21633               23630
               25642               27669               29711               32076
               34475               37175               39894               42941
               46301               49661               53044                   2
                   3   0.00000000000E+00   5.00000000000E-07   1.00000000000E-06
   0.00000000000E+00   2.00000000000E+06   0.00000000000E+00   0.00000000000E+00
   5.00000000000E-01   1.00000000000E+00                   2                   3
   0.00000000000E+00   5.00000000000E-07   1.00000000000E-06   0.00000000000E+00
   2.00000000000E+06   0.00000000000E+00   0.00000000000E+00   5.00000000000E-01
   1.00000000000E+00                   2                  19   0.00000000000E+00
   2.50000000000E-02   1.00000000000E-01   2.00000000000E-01   3.00000000000E-01
   4.00000000000E-01   5.00000000000E-01   6.00000000000E-01   7.00000000000E-01
   8.00000000000E-01   9.00000000000E-01   1.00000000000E+00   1.10000000000E+00
   1.20000000000E+00   1.30000000000E+00   1.40000000000E+00   1.50000000000E+00
   1.60000000000E+00   1.70000000000E+00   0.00000000000E+00   1.09624800000E-02
   1.43831600000E-02   7.90037400000E-01   6.91218900000E-01   4.77294100000E-01
   7.94086900000E-01   3.12303300000E-01   9.24651900000E-01   2.70203600000E+00
   1.22310600000E-03   7.09868000000E-04   3.15758000000E-04   2.37385300000E-01
   4.28542000000E-05   1.18844000000E-05   1.27629000000E+00   1.58766500000E+00
   3.73322900000E-01   0.00000000000E+00   1.37030997000E-04   1.08749248000E-03
   4.13085196000E-02   1.15371333000E-01   1.73796982000E-01   2.37366030000E-01
   2.92685539000E-01   3.54533298000E-01   5.35867688000E-01   6.71030641000E-01
   6.71127289000E-01   6.71178571000E-01   6.83063623000E-01   6.94935031000E-01
   6.94937768000E-01   7.58752860000E-01   9.01950607000E-01   1.00000000000E+00
                   2                  39   0.00000000000E+00   2.50000000000E-02
   1.00000000000E-01   2.00000000000E-01   3.00000000000E-01   4.00000000000E-01
   5.00000000000E-01   6.00000000000E-01   7.00000000000E-01   8.00000000000E-01
   9.00000000000E-01   1.00000000000E+00   1.10000000000E+00   1.20000000000E+00
   1.30000000000E+00   1.40000000000E+00   1.50000000000E+00   1.60000000000E+00
   1.70000000000E+00   1.80000000000E+00   1.90000000000E+00   2.00000000000E+00
   2.10000000000E+00   2.20000000000E+00   2.30000000000E+00   2.40000000000E+00
   2.50000000000E+00   2.60000000000E+00   2.70000000000E+00   2.80000000000E+00
   2.90000000000E+00   3.00000000000E+00   3.10000000000E+00   3.20000000000E+00
   3.30000000000E+00   3.40000000000E+00   3.50000000000E+00   3.60000000000E+00
   3.70000000000E+00   0.00000000000E+00   1.45716800000E-01   5.38740600000E-01
   5.87830800000E-01   6.63078000000E-01   7.38373400000E-01   7.82438600000E-01
   7.84701800000E-01   7.50962500000E-01   6.93101000000E-01   6.22934800000E-01
   5.49373100000E-01   4.77610600000E-01   4.12389900000E-01   3.54899200000E-01
   3.04836300000E-01   2.61597400000E-01   2.24437900000E-01   1.92531100000E-01
   1.65110200000E-01   1.41491300000E-01   6.10332800000E-02   2.60652700000E-02
   1.38708000000E-01   7.69348000000E-02   5.32365000000E-02   6.69328400000E-02
   2.31699000000E-02   4.77162500000E-02   1.18164200000E-01   2.44196000000E-05
   1.40376000000E-05   7.40218000000E-06   1.81604300000E-02   1.34762000000E-06
   3.92161000000E-07   5.16041800000E-02   5.93326000000E-02   1.38797000000E-02
   0.00000000000E+00   1.82146000000E-03   2.74886124000E-02   8.38171823000E-02
   1.46362622000E-01   2.16435192000E-01   2.92475792000E-01   3.70832812000E-01
   4.47616026000E-01   5.19819201000E-01   5.85620991000E-01   6.44236386000E-01
   6.95585571000E-01   7.40085596000E-01   7.78450051000E-01   8.11436826000E-01
   8.39758510000E-01   8.64060275000E-01   8.84908725000E-01   9.02790790000E-01
   9.18120865000E-01   9.28247094000E-01   9.32602022000E-01   9.40840685000E-01
   9.51622825000E-01   9.58131390000E-01   9.64139857000E-01   9.68644994000E-01
   9.72189302000E-01   9.80483324000E-01   9.86392755000E-01   9.86394678000E-01
   9.86395750000E-01   9.87304142000E-01   9.88212230000E-01   9.88212317000E-01
   9.90792546000E-01   9.96339385000E-01   1.00000000000E+00                   0
                   0                   0                   0                   0
                   0                   0                   0                   0
                   0                   0                   0                   0
                   0                   0                   0                   0
                   0                   0                   0                   0
                   0                   0                   0                   0
                   0                   0                   0                   0
                   0                   0                   0                   0
                   0                   0                   0                   0
                   0                   0                   0                   0
                   0                   0                   0                   0
                   0                   0                   0                   0
                   0                   0                   0                   0
                   0                   0                   0                   0
                   0                   0                   0                   0
                   0                   0                   0                   0
                   0                   0                   0                   0
                   0                   0                   0                   0
                   0                   0                   0                   0
                   0                   0                   0                   0
                   0                   0                   0                   0
                   0                   0                   0                   0
                   0                   0                   0                   0
                   0                   0                   0                   0
                   0                   0                   0                   0
                   0                   0                   0                   0
                   0                   0                   0                   0
                   0                   0                   0                   0
                   0                   0                   0                   0
                   0                   0                   0                   0
                   0                   0                   0                   0
                   0                   0                   0                   0
                   0                   0                   0                   0
                   0
