 66162.00u  160.535800  0.0000E+00   02/26/20
Ace Dy162 IAEA-PD                                                        mat6643
      0         0.      0         0.      0         0.      0         0.
      0         0.      0         0.      0         0.      0         0.
      0         0.      0         0.      0         0.      0         0.
      0         0.      0         0.      0         0.      0         0.
   331716    66162       89        1        7        2       12        0
        0        0        0        0        0        0        0        1
        1       90       90        0      179      268      269      270
      271      362      446        0        0        0        0        0
        0        0        0        0        0        0        0        0
        0        0        0        0        0        0        0        0
   9.99999000000E-01   1.00000000000E+00   1.50000000000E+00   2.00000000000E+00
   2.50000000000E+00   3.00000000000E+00   3.50000000000E+00   4.00000000000E+00
   4.50000000000E+00   5.00000000000E+00   5.50000000000E+00   6.00000000000E+00
   6.50000000000E+00   7.00000000000E+00   7.50000000000E+00   8.00000000000E+00
   8.50000000000E+00   9.00000000000E+00   9.50000000000E+00   1.00000000000E+01
   1.05000000000E+01   1.10000000000E+01   1.15000000000E+01   1.20000000000E+01
   1.25000000000E+01   1.30000000000E+01   1.35000000000E+01   1.40000000000E+01
   1.45000000000E+01   1.50000000000E+01   1.55000000000E+01   1.60000000000E+01
   1.65000000000E+01   1.70000000000E+01   1.75000000000E+01   1.80000000000E+01
   1.85000000000E+01   1.90000000000E+01   1.95000000000E+01   2.00000000000E+01
   2.10000000000E+01   2.20000000000E+01   2.30000000000E+01   2.40000000000E+01
   2.50000000000E+01   2.60000000000E+01   2.70000000000E+01   2.80000000000E+01
   2.90000000000E+01   3.00000000000E+01   3.20000000000E+01   3.40000000000E+01
   3.60000000000E+01   3.80000000000E+01   4.00000000000E+01   4.20000000000E+01
   4.40000000000E+01   4.60000000000E+01   4.80000000000E+01   5.00000000000E+01
   5.20000000000E+01   5.40000000000E+01   5.60000000000E+01   5.80000000000E+01
   6.00000000000E+01   6.20000000000E+01   6.40000000000E+01   6.60000000000E+01
   6.80000000000E+01   7.00000000000E+01   7.20000000000E+01   7.40000000000E+01
   7.60000000000E+01   7.80000000000E+01   8.00000000000E+01   8.50000000000E+01
   9.00000000000E+01   9.50000000000E+01   1.00000000000E+02   1.10000000000E+02
   1.20000000000E+02   1.30000000000E+02   1.40000000000E+02   1.50000000000E+02
   1.60000000000E+02   1.70000000000E+02   1.80000000000E+02   1.90000000000E+02
   2.00000000000E+02   0.00000000000E+00   2.87814400000E-05   8.24807000000E-05
   1.80714100000E-04   3.40980000000E-04   5.85549900000E-04   9.43684200000E-04
   1.45484700000E-03   2.17331200000E-03   3.17428100000E-03   4.56030200000E-03
   6.46331000000E-03   9.03587700000E-03   1.24502100000E-02   1.69881100000E-02
   2.32276300000E-02   3.20054000000E-02   4.37870100000E-02   5.77852900000E-02
   7.33472300000E-02   9.44825400000E-02   1.31665100000E-01   1.98258100000E-01
   2.77410100000E-01   2.86674700000E-01   2.46711900000E-01   2.26956000000E-01
   2.34275200000E-01   2.58119400000E-01   2.85926600000E-01   3.04408100000E-01
   3.04500600000E-01   2.86374400000E-01   2.57237500000E-01   2.24976900000E-01
   1.94565800000E-01   1.68064500000E-01   1.45816200000E-01   1.27421600000E-01
   1.12264300000E-01   8.90636900000E-02   7.27387300000E-02   6.08689300000E-02
   5.19653000000E-02   4.51014700000E-02   3.96857700000E-02   3.53289000000E-02
   3.17672200000E-02   2.88172700000E-02   2.63480900000E-02   2.24934200000E-02
   1.96866200000E-02   1.76169500000E-02   1.60829600000E-02   1.49458900000E-02
   1.41057200000E-02   1.34883100000E-02   1.30376800000E-02   1.27112900000E-02
   1.24766400000E-02   1.23089200000E-02   1.21891900000E-02   1.21030300000E-02
   1.20394900000E-02   1.19902600000E-02   1.19491100000E-02   1.19113500000E-02
   1.18735100000E-02   1.18330700000E-02   1.17881900000E-02   1.17376200000E-02
   1.16805200000E-02   1.16163700000E-02   1.15449400000E-02   1.14661700000E-02
   1.12380500000E-02   1.09692000000E-02   1.06662900000E-02   1.03371700000E-02
   9.63342600000E-03   8.92374900000E-03   8.27035700000E-03   7.73051200000E-03
   7.05977900000E-03   6.48051500000E-03   5.97616600000E-03   5.53384600000E-03
   5.14339100000E-03   4.79668100000E-03   0.00000000000E+00   1.00000000000E+00
   5.72177000000E-01   1.44354600000E-01   2.72455300000E-01   3.43294800000E-01
   3.52590600000E-01   2.83265900000E-01   3.09002200000E-01   2.88476000000E-01
   2.41237600000E-01   1.87456400000E-01   1.50816300000E-01   1.25719000000E-01
   1.10866800000E-01   1.03980500000E-01   7.04461900000E+00   7.17021200000E+00
   7.47520000000E+00   8.07791300000E+00   8.14752100000E+00   8.18626200000E+00
   8.19594000000E+00   8.17647500000E+00   8.23042200000E+00   8.25853200000E+00
   8.25767100000E+00   8.22589900000E+00   8.45338000000E+00   9.04051400000E+00
   1.03667600000E+01   1.15108400000E+01   1.22660900000E+01   1.27772600000E+01
   1.32617600000E+01   1.37531700000E+01   1.39069700000E+01   1.40228600000E+01
   1.41069400000E+01   1.41690800000E+01   1.42539000000E+01   1.42796600000E+01
   1.43781600000E+01   1.45312400000E+01   1.61816500000E+01   1.77901500000E+01
   1.90118000000E+01   2.00598100000E+01   2.05660000000E+01   2.10276200000E+01
   2.16610900000E+01   2.32328600000E+01   2.47806000000E+01   2.59059000000E+01
   2.69203600000E+01   2.78678900000E+01   2.88895100000E+01   3.04590900000E+01
   3.19612000000E+01   3.32336100000E+01   3.44109200000E+01   3.56284300000E+01
   3.68079800000E+01   3.79347000000E+01   3.90694300000E+01   4.01789900000E+01
   4.12496700000E+01   4.23651400000E+01   4.35122500000E+01   4.46373700000E+01
   4.58605000000E+01   4.70504700000E+01   4.82299600000E+01   4.93710100000E+01
   5.04856900000E+01   5.32536900000E+01   5.59772600000E+01   5.88479000000E+01
   6.16092000000E+01   6.72967800000E+01   7.28172000000E+01   7.85104100000E+01
   8.41182800000E+01   8.97867300000E+01   9.54336100000E+01   1.00969400000E+02
   1.06999500000E+02   1.12783100000E+02   1.18466800000E+02                   5
   0.00000000000E+00                   1                   1                  89
   0.00000000000E+00   2.87814400000E-05   8.24807000000E-05   1.80714100000E-04
   3.40980000000E-04   5.85549900000E-04   9.43684200000E-04   1.45484700000E-03
   2.17331200000E-03   3.17428100000E-03   4.56030200000E-03   6.46331000000E-03
   9.03587700000E-03   1.24502100000E-02   1.69881100000E-02   2.32276300000E-02
   3.20054000000E-02   4.37870100000E-02   5.77852900000E-02   7.33472300000E-02
   9.44825400000E-02   1.31665100000E-01   1.98258100000E-01   2.77410100000E-01
   2.86674700000E-01   2.46711900000E-01   2.26956000000E-01   2.34275200000E-01
   2.58119400000E-01   2.85926600000E-01   3.04408100000E-01   3.04500600000E-01
   2.86374400000E-01   2.57237500000E-01   2.24976900000E-01   1.94565800000E-01
   1.68064500000E-01   1.45816200000E-01   1.27421600000E-01   1.12264300000E-01
   8.90636900000E-02   7.27387300000E-02   6.08689300000E-02   5.19653000000E-02
   4.51014700000E-02   3.96857700000E-02   3.53289000000E-02   3.17672200000E-02
   2.88172700000E-02   2.63480900000E-02   2.24934200000E-02   1.96866200000E-02
   1.76169500000E-02   1.60829600000E-02   1.49458900000E-02   1.41057200000E-02
   1.34883100000E-02   1.30376800000E-02   1.27112900000E-02   1.24766400000E-02
   1.23089200000E-02   1.21891900000E-02   1.21030300000E-02   1.20394900000E-02
   1.19902600000E-02   1.19491100000E-02   1.19113500000E-02   1.18735100000E-02
   1.18330700000E-02   1.17881900000E-02   1.17376200000E-02   1.16805200000E-02
   1.16163700000E-02   1.15449400000E-02   1.14661700000E-02   1.12380500000E-02
   1.09692000000E-02   1.06662900000E-02   1.03371700000E-02   9.63342600000E-03
   8.92374900000E-03   8.27035700000E-03   7.73051200000E-03   7.05977900000E-03
   6.48051500000E-03   5.97616600000E-03   5.53384600000E-03   5.14339100000E-03
   4.79668100000E-03                   1                   1                 446
                 522                 598                 599                 600
                 601                 755                 756                 756
                 757                   2                   1               54417
               54508               54599               54600               54601
               54602               54780               54781               54781
               54782                   9                   1               68507
               68583               68659               68660               68661
               68662               68816               68817               68817
               68818                  31                   1              123417
              123482              123547              123548              123549
              123550              123682              123683              123683
              123684                  32                   1              170187
              170252              170317              170318              170319
              170320              170452              170453              170453
              170454                  33                   1              216762
              216822              216882              216883              216884
              216885              217013              217014              217014
              217015                  34                   1              262078
              262167              262256              262257              262258
              262259              262437              262438              262438
              262439                  16                  74   0.00000000000E+00
   2.96438700000E-02   4.25823100000E-02   5.64429400000E-02   7.19814600000E-02
   9.30766500000E-02   1.30117500000E-01   1.96471700000E-01   2.75556300000E-01
   2.85296300000E-01   2.45878300000E-01   2.26424700000E-01   2.33895700000E-01
   2.57826700000E-01   3.08115600000E-01   3.99629700000E-01   4.58285000000E-01
   4.70122800000E-01   4.48760600000E-01   4.07100700000E-01   3.59543200000E-01
   3.14557900000E-01   2.75014200000E-01   2.41713400000E-01   2.13722400000E-01
   1.70349200000E-01   1.39463500000E-01   1.16828500000E-01   1.00487500000E-01
   9.45183800000E-02   9.11738100000E-02   8.63498700000E-02   8.05484900000E-02
   7.44818400000E-02   6.89272100000E-02   5.96654200000E-02   5.51629500000E-02
   5.27726100000E-02   5.00975800000E-02   4.76578000000E-02   4.55434500000E-02
   4.47141900000E-02   4.48413300000E-02   4.52428900000E-02   4.55422700000E-02
   4.59295000000E-02   4.65571200000E-02   4.74429100000E-02   4.83784400000E-02
   4.91041600000E-02   4.97659400000E-02   5.04996300000E-02   5.12877800000E-02
   5.20700400000E-02   5.28359500000E-02   5.35638000000E-02   5.43099400000E-02
   5.49700600000E-02   5.55408000000E-02   5.60776700000E-02   5.70761900000E-02
   5.78141400000E-02   5.81254400000E-02   5.82516900000E-02   5.77582200000E-02
   5.66292400000E-02   5.52848200000E-02   5.42032500000E-02   5.17567700000E-02
   4.94982800000E-02   4.79371800000E-02   4.60528200000E-02   4.42424800000E-02
   4.26022500000E-02                  16                  74   0.00000000000E+00
   1.22890800000E-01   3.41946500000E-01   5.57306300000E-01   7.74799400000E-01
   8.18802600000E-01   8.62580900000E-01   9.06270200000E-01   9.49790800000E-01
   9.68367600000E-01   9.86567300000E-01   1.00442100000E+00   1.02198500000E+00
   1.01145200000E+00   1.07928300000E+00   1.30035700000E+00   1.47414300000E+00
   1.65978600000E+00   1.81892200000E+00   1.94382700000E+00   2.04344500000E+00
   2.17619100000E+00   2.30024500000E+00   2.42152200000E+00   2.53852200000E+00
   2.73096900000E+00   2.91860100000E+00   3.10076400000E+00   3.30444800000E+00
   3.59713400000E+00   3.96085000000E+00   4.36877300000E+00   4.69282800000E+00
   5.01095600000E+00   5.30195600000E+00   5.87777900000E+00   6.48963900000E+00
   7.23781200000E+00   7.97170700000E+00   8.61639900000E+00   9.20728500000E+00
   9.94903000000E+00   1.06865300000E+01   1.14361600000E+01   1.21748500000E+01
   1.29110200000E+01   1.36293500000E+01   1.44117400000E+01   1.52310400000E+01
   1.59893200000E+01   1.67158400000E+01   1.74794600000E+01   1.82809700000E+01
   1.91042000000E+01   1.99489200000E+01   2.07419800000E+01   2.15730000000E+01
   2.24028500000E+01   2.32300100000E+01   2.40777200000E+01   2.61137900000E+01
   2.82515100000E+01   3.03139200000E+01   3.24882800000E+01   3.66304100000E+01
   4.09552800000E+01   4.50823000000E+01   4.93223700000E+01   5.34258000000E+01
   5.75943200000E+01   6.18422300000E+01   6.55679300000E+01   6.94795100000E+01
   7.35022700000E+01                   5                  -1                   1
                   6                   5                   0                  75
   1.00000000000E+00   8.19699400000E+00   8.50000000000E+00   9.00000000000E+00
   9.50000000000E+00   1.00000000000E+01   1.05000000000E+01   1.10000000000E+01
   1.15000000000E+01   1.20000000000E+01   1.25000000000E+01   1.30000000000E+01
   1.35000000000E+01   1.40000000000E+01   1.45000000000E+01   1.50000000000E+01
   1.55000000000E+01   1.60000000000E+01   1.65000000000E+01   1.70000000000E+01
   1.75000000000E+01   1.80000000000E+01   1.85000000000E+01   1.90000000000E+01
   1.95000000000E+01   2.00000000000E+01   2.10000000000E+01   2.20000000000E+01
   2.30000000000E+01   2.40000000000E+01   2.50000000000E+01   2.60000000000E+01
   2.70000000000E+01   2.80000000000E+01   2.90000000000E+01   3.00000000000E+01
   3.20000000000E+01   3.40000000000E+01   3.60000000000E+01   3.80000000000E+01
   4.00000000000E+01   4.20000000000E+01   4.40000000000E+01   4.60000000000E+01
   4.80000000000E+01   5.00000000000E+01   5.20000000000E+01   5.40000000000E+01
   5.60000000000E+01   5.80000000000E+01   6.00000000000E+01   6.20000000000E+01
   6.40000000000E+01   6.60000000000E+01   6.80000000000E+01   7.00000000000E+01
   7.20000000000E+01   7.40000000000E+01   7.60000000000E+01   7.80000000000E+01
   8.00000000000E+01   8.50000000000E+01   9.00000000000E+01   9.50000000000E+01
   1.00000000000E+02   1.10000000000E+02   1.20000000000E+02   1.30000000000E+02
   1.40000000000E+02   1.50000000000E+02   1.60000000000E+02   1.70000000000E+02
   1.80000000000E+02   1.90000000000E+02   2.00000000000E+02   0.00000000000E+00
   0.00000000000E+00   9.26214600000E-01   9.72487300000E-01   9.76770000000E-01
   9.81379400000E-01   9.85120100000E-01   9.88245900000E-01   9.90989500000E-01
   9.93317500000E-01   9.95191800000E-01   9.96621200000E-01   9.97659000000E-01
   9.98380100000E-01   9.98866000000E-01   1.07760400000E+00   1.31280900000E+00
   1.50503800000E+00   1.64163700000E+00   1.74453800000E+00   1.80952200000E+00
   1.84792600000E+00   1.87165000000E+00   1.88603300000E+00   1.89695800000E+00
   1.90374300000E+00   1.91266700000E+00   1.91732100000E+00   1.91934500000E+00
   1.93374200000E+00   2.09568300000E+00   2.29739300000E+00   2.44417100000E+00
   2.53558500000E+00   2.58462500000E+00   2.61602300000E+00   2.65257200000E+00
   2.80205300000E+00   2.99555900000E+00   3.11494800000E+00   3.18868900000E+00
   3.22872200000E+00   3.31503300000E+00   3.43936400000E+00   3.55926800000E+00
   3.65020300000E+00   3.73140000000E+00   3.81954200000E+00   3.91992000000E+00
   4.01831300000E+00   4.09533700000E+00   4.16482400000E+00   4.23962300000E+00
   4.31951300000E+00   4.40038300000E+00   4.48210900000E+00   4.56342900000E+00
   4.64961700000E+00   4.73212000000E+00   4.81083500000E+00   4.89070600000E+00
   5.07883400000E+00   5.27058900000E+00   5.44945200000E+00   5.63516800000E+00
   5.99560500000E+00   6.34590200000E+00   6.68469600000E+00   7.01159900000E+00
   7.33121700000E+00   7.63801600000E+00   8.02139400000E+00   8.32202800000E+00
   8.60181200000E+00   8.88161000000E+00                   0                   1
                   0                   4                  10                   0
                   2   1.00000000000E+00   2.00000000000E+02   1.00000000000E+00
   1.00000000000E+00                   0                  31   1.00000000000E+00
   8.19699400000E+00   1.00000000000E+01   1.20000000000E+01   1.40000000000E+01
   1.60000000000E+01   1.80000000000E+01   2.00000000000E+01   2.20000000000E+01
   2.40000000000E+01   2.60000000000E+01   2.80000000000E+01   3.00000000000E+01
   3.20000000000E+01   3.60000000000E+01   4.00000000000E+01   4.40000000000E+01
   4.80000000000E+01   5.00000000000E+01   5.20000000000E+01   5.60000000000E+01
   6.00000000000E+01   7.00000000000E+01   8.00000000000E+01   9.00000000000E+01
   1.00000000000E+02   1.20000000000E+02   1.40000000000E+02   1.60000000000E+02
   1.80000000000E+02   2.00000000000E+02                  74                  97
                 120                 276                 656                1340
                2189                3137                4162                5242
                6570                7950                9369               10827
               12324               13873               15720               17597
               19504               21426               23363               25330
               27312               29609               31957               34600
               37262               40267               43581               46918
               50278                   2                   3   0.00000000000E+00
   5.00000000000E-07   1.00000000000E-06   0.00000000000E+00   2.00000000000E+06
   0.00000000000E+00   0.00000000000E+00   5.00000000000E-01   1.00000000000E+00
                   0                   0                   0                   0
                   0                   0                   0                   0
                   0                   0                   0                   0
                   2                   3   0.00000000000E+00   5.00000000000E-07
   1.00000000000E-06   0.00000000000E+00   2.00000000000E+06   0.00000000000E+00
   0.00000000000E+00   5.00000000000E-01   1.00000000000E+00                   0
                   0                   0                   0                   0
                   0                   0                   0                   0
                   0                   0                   0                   2
                  22   0.00000000000E+00   2.50000000000E-02   1.00000000000E-01
   2.00000000000E-01   3.00000000000E-01   4.00000000000E-01   5.00000000000E-01
   6.00000000000E-01   7.00000000000E-01   8.00000000000E-01   9.00000000000E-01
   1.00000000000E+00   1.10000000000E+00   1.20000000000E+00   1.30000000000E+00
   1.40000000000E+00   1.50000000000E+00   1.60000000000E+00   1.70000000000E+00
   1.80000000000E+00   1.90000000000E+00   2.00000000000E+00   0.00000000000E+00
   1.55626600000E-01   6.13543600000E-01   6.65241100000E-01   7.47208000000E-01
   8.32714100000E-01   8.86222600000E-01   8.93566100000E-01   8.60435200000E-01
   7.99265300000E-01   7.22881500000E-01   3.21415300000E-01   1.88686700000E-01
   2.76053500000E-01   2.15909300000E-01   7.91535900000E-01   1.55685100000E-02
   1.39166100000E-01   7.06105000000E-01   3.23361800000E-01   0.00000000000E+00
   0.00000000000E+00   0.00000000000E+00   1.94533251000E-03   3.07892151000E-02
   9.47284504000E-02   1.65350906000E-01   2.44347011000E-01   3.30293846000E-01
   4.19283282000E-01   5.06983347000E-01   5.89968372000E-01   6.66075713000E-01
   7.18290553000E-01   7.43795653000E-01   7.67032663000E-01   7.91630803000E-01
   8.42003063000E-01   8.82358284000E-01   8.90095015000E-01   9.32358570000E-01
   9.83831910000E-01   1.00000000000E+00   1.00000000000E+00                   0
                   0                   0                   0                   0
                   0                   0                   0                   0
                   0                   0                   0                   0
                   0                   0                   0                   0
                   0                   0                   0                   0
                   0                   0                   0                   0
                   0                   0                   0                   0
                   0                   0                   0                   0
                   0                   0                   0                   0
                   0                   0                   0                   0
                   0                   0                   0                   0
                   0                   0                   0                   0
                   0                   0                   0                   0
                   0                   0                   0                   0
                   0                   0                   0                   0
                   0                   0                   0                   0
                   0                   0                   0                   0
                   0                   0                   0                   0
                   0                   0                   0                   0
                   0                   0                   0                   0
                   0                   0                   0                   0
                   0                   0                   0                   2
                  42                   0                   0                   0
                   0                   0                   0                   1
                   1                   1                   1                   1
                   1                   1                   1   1.30000000000E+00
   1.40000000000E+00                   2                   2                   2
                   2                   2                   2                   2
                   2                   2   2.40000000000E+00   2.50000000000E+00
   2.60000000000E+00   2.70000000000E+00                   3                   3
                   3                   3                   3                   3
                   3                   4                   4                   4
                   4   3.90000000000E+00   4.00000000000E+00   0.00000000000E+00
   1.28950200000E-01   5.08212900000E-01   5.53966600000E-01   6.26059300000E-01
   7.01289200000E-01                   1                   1                   1
                   1                   1                   1                   0
                   0                   0                   0                   0
                   0                   0                   0                   0
                   0                   0                   0                   0
                   0                   0                   0                   0
                   0                   0
