 68166.00u  164.504900  0.0000E+00   06/19/20
Ace Er166 IAEA-PD                                                        mat6837
      0         0.      0         0.      0         0.      0         0.
      0         0.      0         0.      0         0.      0         0.
      0         0.      0         0.      0         0.      0         0.
      0         0.      0         0.      0         0.      0         0.
   339105    68166       89        1        7        2       12        0
        0        0        0        0        0        0        0        1
        1       90       90        0      179      268      269      270
      271      362      446        0        0        0        0        0
        0        0        0        0        0        0        0        0
        0        0        0        0        0        0        0        0
   9.99999000000E-01   1.00000000000E+00   1.50000000000E+00   2.00000000000E+00
   2.50000000000E+00   3.00000000000E+00   3.50000000000E+00   4.00000000000E+00
   4.50000000000E+00   5.00000000000E+00   5.50000000000E+00   6.00000000000E+00
   6.50000000000E+00   7.00000000000E+00   7.50000000000E+00   8.00000000000E+00
   8.50000000000E+00   9.00000000000E+00   9.50000000000E+00   1.00000000000E+01
   1.05000000000E+01   1.10000000000E+01   1.15000000000E+01   1.20000000000E+01
   1.25000000000E+01   1.30000000000E+01   1.35000000000E+01   1.40000000000E+01
   1.45000000000E+01   1.50000000000E+01   1.55000000000E+01   1.60000000000E+01
   1.65000000000E+01   1.70000000000E+01   1.75000000000E+01   1.80000000000E+01
   1.85000000000E+01   1.90000000000E+01   1.95000000000E+01   2.00000000000E+01
   2.10000000000E+01   2.20000000000E+01   2.30000000000E+01   2.40000000000E+01
   2.50000000000E+01   2.60000000000E+01   2.70000000000E+01   2.80000000000E+01
   2.90000000000E+01   3.00000000000E+01   3.20000000000E+01   3.40000000000E+01
   3.60000000000E+01   3.80000000000E+01   4.00000000000E+01   4.20000000000E+01
   4.40000000000E+01   4.60000000000E+01   4.80000000000E+01   5.00000000000E+01
   5.20000000000E+01   5.40000000000E+01   5.60000000000E+01   5.80000000000E+01
   6.00000000000E+01   6.20000000000E+01   6.40000000000E+01   6.60000000000E+01
   6.80000000000E+01   7.00000000000E+01   7.20000000000E+01   7.40000000000E+01
   7.60000000000E+01   7.80000000000E+01   8.00000000000E+01   8.50000000000E+01
   9.00000000000E+01   9.50000000000E+01   1.00000000000E+02   1.10000000000E+02
   1.20000000000E+02   1.30000000000E+02   1.40000000000E+02   1.50000000000E+02
   1.60000000000E+02   1.70000000000E+02   1.80000000000E+02   1.90000000000E+02
   2.00000000000E+02   0.00000000000E+00   2.79172300000E-05   8.06651100000E-05
   1.77430300000E-04   3.35118700000E-04   5.74729000000E-04   9.23103800000E-04
   1.41535500000E-03   2.09810300000E-03   3.03324200000E-03   4.30029800000E-03
   5.99186100000E-03   8.19556900000E-03   1.09823400000E-02   1.44783700000E-02
   1.90290200000E-02   2.52840900000E-02   3.42089300000E-02   4.72185100000E-02
   6.64747400000E-02   9.52177400000E-02   1.37572500000E-01   1.95632400000E-01
   2.59811900000E-01   3.02010100000E-01   3.04632000000E-01   2.87226300000E-01
   2.75249500000E-01   2.77654300000E-01   2.91122300000E-01   3.05844100000E-01
   3.10496800000E-01   2.99050600000E-01   2.74036600000E-01   2.42583200000E-01
   2.10924800000E-01   1.82401400000E-01   1.58077300000E-01   1.37842100000E-01
   1.21147900000E-01   9.56698100000E-02   7.78315500000E-02   6.49208100000E-02
   5.52695700000E-02   4.78472900000E-02   4.20009000000E-02   3.73037400000E-02
   3.34683800000E-02   3.02955200000E-02   2.76431600000E-02   2.35110900000E-02
   2.05114100000E-02   1.83059300000E-02   1.66752200000E-02   1.54684800000E-02
   1.45776100000E-02   1.39229200000E-02   1.34446600000E-02   1.30976100000E-02
   1.28474200000E-02   1.26679100000E-02   1.25391700000E-02   1.24460200000E-02
   1.23769900000E-02   1.23233500000E-02   1.22785500000E-02   1.22376800000E-02
   1.21971000000E-02   1.21541200000E-02   1.21068400000E-02   1.20539000000E-02
   1.19944200000E-02   1.19278500000E-02   1.18539000000E-02   1.17725100000E-02
   1.15373400000E-02   1.12606800000E-02   1.09492800000E-02   1.06111100000E-02
   9.88834100000E-03   9.15968300000E-03   8.48890200000E-03   7.93472500000E-03
   7.24623400000E-03   6.65164600000E-03   6.13396200000E-03   5.67995200000E-03
   5.27918200000E-03   4.92331300000E-03   0.00000000000E+00   1.00000000000E+00
   1.05050000000E+00   1.10100100000E+00   1.15150200000E+00   1.00043800000E+00
   7.16536600000E-01   2.84797000000E-01   3.18953700000E-01   3.00652500000E-01
   2.48883000000E-01   1.88419200000E-01   1.36171600000E-01   9.94972900000E-02
   7.81284700000E-02   7.05744500000E-02   1.72919600000E+00   7.26097000000E+00
   7.60357300000E+00   8.24426800000E+00   8.31021800000E+00   8.35093600000E+00
   8.38089100000E+00   8.39852800000E+00   8.46641400000E+00   8.51157400000E+00
   8.52707500000E+00   8.50817100000E+00   8.64105400000E+00   8.75448800000E+00
   9.23384500000E+00   1.05203200000E+01   1.17960000000E+01   1.25791100000E+01
   1.31270600000E+01   1.36189200000E+01   1.38550500000E+01   1.40668200000E+01
   1.42425000000E+01   1.43897200000E+01   1.45700800000E+01   1.46673100000E+01
   1.47453000000E+01   1.48009100000E+01   1.55476100000E+01   1.69872900000E+01
   1.86240400000E+01   1.99261100000E+01   2.06280300000E+01   2.12781300000E+01
   2.20128100000E+01   2.32984400000E+01   2.46721700000E+01   2.59948300000E+01
   2.72145700000E+01   2.80690000000E+01   2.89759200000E+01   3.04119800000E+01
   3.18917000000E+01   3.32906100000E+01   3.45050500000E+01   3.57135600000E+01
   3.68688000000E+01   3.79928700000E+01   3.91070500000E+01   4.02235900000E+01
   4.13278200000E+01   4.24686800000E+01   4.36126700000E+01   4.47561800000E+01
   4.59938500000E+01   4.72114400000E+01   4.83761800000E+01   4.95578200000E+01
   5.06273700000E+01   5.35027800000E+01   5.62528600000E+01   5.91762200000E+01
   6.20265600000E+01   6.77677100000E+01   7.32623600000E+01   7.91413000000E+01
   8.46718700000E+01   9.05404700000E+01   9.61971000000E+01   1.01861700000E+02
   1.07943500000E+02   1.13760400000E+02   1.19585800000E+02                   5
   0.00000000000E+00                   1                   1                  89
   0.00000000000E+00   2.79172300000E-05   8.06651100000E-05   1.77430300000E-04
   3.35118700000E-04   5.74729000000E-04   9.23103800000E-04   1.41535500000E-03
   2.09810300000E-03   3.03324200000E-03   4.30029800000E-03   5.99186100000E-03
   8.19556900000E-03   1.09823400000E-02   1.44783700000E-02   1.90290200000E-02
   2.52840900000E-02   3.42089300000E-02   4.72185100000E-02   6.64747400000E-02
   9.52177400000E-02   1.37572500000E-01   1.95632400000E-01   2.59811900000E-01
   3.02010100000E-01   3.04632000000E-01   2.87226300000E-01   2.75249500000E-01
   2.77654300000E-01   2.91122300000E-01   3.05844100000E-01   3.10496800000E-01
   2.99050600000E-01   2.74036600000E-01   2.42583200000E-01   2.10924800000E-01
   1.82401400000E-01   1.58077300000E-01   1.37842100000E-01   1.21147900000E-01
   9.56698100000E-02   7.78315500000E-02   6.49208100000E-02   5.52695700000E-02
   4.78472900000E-02   4.20009000000E-02   3.73037400000E-02   3.34683800000E-02
   3.02955200000E-02   2.76431600000E-02   2.35110900000E-02   2.05114100000E-02
   1.83059300000E-02   1.66752200000E-02   1.54684800000E-02   1.45776100000E-02
   1.39229200000E-02   1.34446600000E-02   1.30976100000E-02   1.28474200000E-02
   1.26679100000E-02   1.25391700000E-02   1.24460200000E-02   1.23769900000E-02
   1.23233500000E-02   1.22785500000E-02   1.22376800000E-02   1.21971000000E-02
   1.21541200000E-02   1.21068400000E-02   1.20539000000E-02   1.19944200000E-02
   1.19278500000E-02   1.18539000000E-02   1.17725100000E-02   1.15373400000E-02
   1.12606800000E-02   1.09492800000E-02   1.06111100000E-02   9.88834100000E-03
   9.15968300000E-03   8.48890200000E-03   7.93472500000E-03   7.24623400000E-03
   6.65164600000E-03   6.13396200000E-03   5.67995200000E-03   5.27918200000E-03
   4.92331300000E-03                   1                   1                 446
                 523                 600                 601                 602
                 603                 757                 758                 758
                 759                   2                   1               54914
               55005               55096               55097               55098
               55099               55275               55276               55276
               55277                   9                   1               69238
               69316               69394               69395               69396
               69397               69555               69556               69556
               69557                  31                   1              125445
              125511              125577              125578              125579
              125580              125714              125715              125715
              125716                  32                   1              173340
              173405              173470              173471              173472
              173473              173607              173608              173608
              173609                  33                   1              221194
              221256              221318              221319              221320
              221321              221453              221454              221454
              221455                  34                   1              268048
              268139              268230              268231              268232
              268233              268413              268414              268414
              268415                  15                  75   0.00000000000E+00
   0.00000000000E+00   1.95724400000E-04   3.22177100000E-02   4.55320800000E-02
   6.41111500000E-02   9.21377100000E-02   1.33850800000E-01   1.91475100000E-01
   2.55686900000E-01   2.98568100000E-01   3.02216300000E-01   2.85677200000E-01
   2.74253700000E-01   2.76982400000E-01   2.90642000000E-01   3.28282000000E-01
   4.03160500000E-01   4.40429500000E-01   4.34835000000E-01   4.09399900000E-01
   3.71221300000E-01   3.29675200000E-01   2.90645200000E-01   2.56082900000E-01
   2.26979600000E-01   1.80914100000E-01   1.47878600000E-01   1.23650200000E-01
   1.05350000000E-01   9.30526900000E-02   8.95614600000E-02   8.63925900000E-02
   8.16540500000E-02   7.62298600000E-02   7.07892700000E-02   6.11885100000E-02
   5.52598100000E-02   5.25633500000E-02   5.04656000000E-02   4.81709300000E-02
   4.61829500000E-02   4.48658000000E-02   4.46892800000E-02   4.50842800000E-02
   4.55497400000E-02   4.59978800000E-02   4.65236400000E-02   4.72374900000E-02
   4.80100300000E-02   4.88049900000E-02   4.96104900000E-02   5.03940300000E-02
   5.11295000000E-02   5.18616100000E-02   5.26757500000E-02   5.33888900000E-02
   5.40711200000E-02   5.46931000000E-02   5.52215400000E-02   5.57927900000E-02
   5.67602900000E-02   5.74681000000E-02   5.78708900000E-02   5.80459400000E-02
   5.74552400000E-02   5.62360600000E-02   5.47194300000E-02   5.36797700000E-02
   5.11769200000E-02   4.89981800000E-02   4.74390300000E-02   4.56567100000E-02
   4.39746300000E-02   4.23788100000E-02                  15                  75
   0.00000000000E+00   0.00000000000E+00   1.69968300000E-03   3.90031400000E-01
   5.86965900000E-01   7.74713300000E-01   8.07147200000E-01   8.41583100000E-01
   8.76800200000E-01   9.11978500000E-01   9.26697900000E-01   9.40552800000E-01
   9.53589800000E-01   9.65943100000E-01   9.54937800000E-01   9.43499100000E-01
   1.00130100000E+00   1.19542700000E+00   1.40872800000E+00   1.57468500000E+00
   1.73532200000E+00   1.87277300000E+00   2.01797400000E+00   2.14917200000E+00
   2.26893700000E+00   2.38638500000E+00   2.57874500000E+00   2.76189700000E+00
   2.95262000000E+00   3.13902600000E+00   3.27389000000E+00   3.66771600000E+00
   4.08834400000E+00   4.41743700000E+00   4.76025000000E+00   5.05262900000E+00
   5.62782500000E+00   6.14485500000E+00   6.88923600000E+00   7.65432900000E+00
   8.28088100000E+00   8.91485300000E+00   9.56680200000E+00   1.02421200000E+01
   1.09937200000E+01   1.17256100000E+01   1.24555200000E+01   1.31646400000E+01
   1.39141100000E+01   1.46792100000E+01   1.54555200000E+01   1.62067800000E+01
   1.69650100000E+01   1.77251800000E+01   1.85060200000E+01   1.93425200000E+01
   2.01305000000E+01   2.09366800000E+01   2.17512300000E+01   2.25611900000E+01
   2.34229800000E+01   2.54240400000E+01   2.75240900000E+01   2.95634500000E+01
   3.16931000000E+01   3.57603400000E+01   4.00014800000E+01   4.39816800000E+01
   4.82410400000E+01   5.22074200000E+01   5.63781300000E+01   6.05005600000E+01
   6.42430300000E+01   6.81860400000E+01   7.21277200000E+01                   5
                  -1                   1                   6                   5
                   0                  75   1.00000000000E+00   8.00000000000E+00
   8.50000000000E+00   9.00000000000E+00   9.50000000000E+00   1.00000000000E+01
   1.05000000000E+01   1.10000000000E+01   1.15000000000E+01   1.20000000000E+01
   1.25000000000E+01   1.30000000000E+01   1.35000000000E+01   1.40000000000E+01
   1.45000000000E+01   1.50000000000E+01   1.55000000000E+01   1.60000000000E+01
   1.65000000000E+01   1.70000000000E+01   1.75000000000E+01   1.80000000000E+01
   1.85000000000E+01   1.90000000000E+01   1.95000000000E+01   2.00000000000E+01
   2.10000000000E+01   2.20000000000E+01   2.30000000000E+01   2.40000000000E+01
   2.50000000000E+01   2.60000000000E+01   2.70000000000E+01   2.80000000000E+01
   2.90000000000E+01   3.00000000000E+01   3.20000000000E+01   3.40000000000E+01
   3.60000000000E+01   3.80000000000E+01   4.00000000000E+01   4.20000000000E+01
   4.40000000000E+01   4.60000000000E+01   4.80000000000E+01   5.00000000000E+01
   5.20000000000E+01   5.40000000000E+01   5.60000000000E+01   5.80000000000E+01
   6.00000000000E+01   6.20000000000E+01   6.40000000000E+01   6.60000000000E+01
   6.80000000000E+01   7.00000000000E+01   7.20000000000E+01   7.40000000000E+01
   7.60000000000E+01   7.80000000000E+01   8.00000000000E+01   8.50000000000E+01
   9.00000000000E+01   9.50000000000E+01   1.00000000000E+02   1.10000000000E+02
   1.20000000000E+02   1.30000000000E+02   1.40000000000E+02   1.50000000000E+02
   1.60000000000E+02   1.70000000000E+02   1.80000000000E+02   1.90000000000E+02
   2.00000000000E+02   0.00000000000E+00   0.00000000000E+00   7.74101000000E-03
   9.41792400000E-01   9.64284600000E-01   9.64443800000E-01   9.67652800000E-01
   9.72947400000E-01   9.78749400000E-01   9.84123100000E-01   9.88603000000E-01
   9.92070100000E-01   9.94606700000E-01   9.96382200000E-01   9.97580100000E-01
   9.98350200000E-01   1.07336400000E+00   1.29843700000E+00   1.47275900000E+00
   1.58677700000E+00   1.68766800000E+00   1.75997000000E+00   1.80741600000E+00
   1.83862700000E+00   1.85779900000E+00   1.87357400000E+00   1.89102600000E+00
   1.89998300000E+00   1.90463100000E+00   1.90611200000E+00   1.94478500000E+00
   2.13237000000E+00   2.31592300000E+00   2.43973700000E+00   2.51620900000E+00
   2.56082400000E+00   2.60253800000E+00   2.69410100000E+00   2.87138400000E+00
   3.02638300000E+00   3.11413500000E+00   3.16807400000E+00   3.22244200000E+00
   3.32394300000E+00   3.44217600000E+00   3.54543900000E+00   3.63105500000E+00
   3.71026500000E+00   3.79538900000E+00   3.87897500000E+00   3.96036700000E+00
   4.04041900000E+00   4.11794000000E+00   4.19193900000E+00   4.26699800000E+00
   4.35090800000E+00   4.42918000000E+00   4.50802300000E+00   4.58532800000E+00
   4.65851200000E+00   4.73924300000E+00   4.91970300000E+00   5.10343100000E+00
   5.28536000000E+00   5.47029900000E+00   5.81040200000E+00   6.13952000000E+00
   6.44599600000E+00   6.76517100000E+00   7.06255400000E+00   7.36632400000E+00
   7.73383100000E+00   8.03822100000E+00   8.32981800000E+00   8.60778200000E+00
                   0                   1                   0                   4
                  10                   0                   2   1.00000000000E+00
   2.00000000000E+02   1.00000000000E+00   1.00000000000E+00                   0
                  31   1.00000000000E+00   8.00000000000E+00   1.00000000000E+01
   1.20000000000E+01   1.40000000000E+01   1.60000000000E+01   1.80000000000E+01
   2.00000000000E+01   2.20000000000E+01   2.40000000000E+01   2.60000000000E+01
   2.80000000000E+01   3.00000000000E+01   3.20000000000E+01   3.60000000000E+01
   4.00000000000E+01   4.40000000000E+01   4.80000000000E+01   5.00000000000E+01
   5.20000000000E+01   5.60000000000E+01   6.00000000000E+01   7.00000000000E+01
   8.00000000000E+01   9.00000000000E+01   1.00000000000E+02   1.20000000000E+02
   1.40000000000E+02   1.60000000000E+02   1.80000000000E+02   2.00000000000E+02
                  74                  85                 108                 299
                 724                1463                2367                3359
                4417                5519                6886                8305
                9763               11260               12783               14358
               15985               17892               19829               21766
               23733               25715               27712               30026
               32391               35053               37734               40739
               44076               47413               50773                   2
                   3   0.00000000000E+00   5.00000000000E-07   1.00000000000E-06
   0.00000000000E+00   2.00000000000E+06   0.00000000000E+00   0.00000000000E+00
   5.00000000000E-01   1.00000000000E+00                   2                   7
   0.00000000000E+00   2.50000000000E-02   1.00000000000E-01   2.00000000000E-01
   3.00000000000E-01   4.00000000000E-01   5.00000000000E-01   0.00000000000E+00
   2.00000000000E+01   1.00000000000E-12   1.00000000000E-12   0.00000000000E+00
   0.00000000000E+00   0.00000000000E+00   0.00000000000E+00   2.50000000000E-01
   1.00000000000E+00   1.00000000000E+00   1.00000000000E+00   1.00000000000E+00
   1.00000000000E+00                   2                  27   0.00000000000E+00
   2.50000000000E-02   1.00000000000E-01   2.00000000000E-01   3.00000000000E-01
   4.00000000000E-01   5.00000000000E-01   6.00000000000E-01   7.00000000000E-01
   8.00000000000E-01   9.00000000000E-01   1.00000000000E+00   1.10000000000E+00
   1.20000000000E+00   1.30000000000E+00   1.40000000000E+00   1.50000000000E+00
   1.60000000000E+00   1.70000000000E+00   1.80000000000E+00   1.90000000000E+00
   2.00000000000E+00   2.10000000000E+00   2.20000000000E+00   2.30000000000E+00
   2.40000000000E+00   2.50000000000E+00   0.00000000000E+00   1.29434700000E-01
   5.07921900000E-01   5.82708900000E-01   6.69661700000E-01   7.38975700000E-01
   7.67739600000E-01   7.54176300000E-01   3.54909400000E-01   2.46879800000E-01
   1.22627500000E+00   9.55681700000E-01   4.77806400000E-01   1.45006000000E+00
   5.57968300000E-01   2.10195400000E-01   4.97812700000E-01   0.00000000000E+00
   0.00000000000E+00   0.00000000000E+00   0.00000000000E+00   0.00000000000E+00
   0.00000000000E+00   0.00000000000E+00   0.00000000000E+00   0.00000000000E+00
   0.00000000000E+00   0.00000000000E+00   1.61793376000E-03   2.55188065000E-02
   8.00503470000E-02   1.42668878000E-01   2.13100748000E-01   2.88436514000E-01
   3.64532309000E-01   4.19986595000E-01   4.50076055000E-01   5.23733796000E-01
   6.32831632000E-01   7.04506037000E-01   8.00899358000E-01   9.01300774000E-01
   9.39708959000E-01   9.75109365000E-01   1.00000000000E+00   1.00000000000E+00
   1.00000000000E+00   1.00000000000E+00   1.00000000000E+00   1.00000000000E+00
   1.00000000000E+00   1.00000000000E+00   1.00000000000E+00   1.00000000000E+00
                   0                   0                   0                   0
                   0                   0                   0                   0
                   0                   0                   0                   0
                   0                   0                   0                   0
                   0                   0                   0                   0
                   0                   0                   0                   0
                   0                   0                   0                   0
                   0                   0                   0                   0
                   0                   0                   0                   0
                   0                   0                   0                   0
                   0                   0                   0                   0
                   0                   0                   0                   0
                   0                   0                   0                   0
                   0                   0                   0                   0
                   0                   0                   0                   0
                   0                   0                   0                   0
                   0                   0                   0                   0
                   0                   0                   0                   0
                   0                   0                   0                   0
                   0                   0                   0                   0
                   0                   0                   0                   0
                   0                   0                   0                   0
                   0                   0                   0                   0
                   0                   0                   0                   0
                   0                   0                   0                   0
                   0                   0                   0                   0
                   0                   0                   0                   0
                   2                  47   0.00000000000E+00   2.50000000000E-02
   1.00000000000E-01   2.00000000000E-01   3.00000000000E-01   4.00000000000E-01
   5.00000000000E-01   6.00000000000E-01   7.00000000000E-01   8.00000000000E-01
   9.00000000000E-01   1.00000000000E+00   1.10000000000E+00   1.20000000000E+00
   1.30000000000E+00   1.40000000000E+00   1.50000000000E+00   1.60000000000E+00
   1.70000000000E+00   1.80000000000E+00   1.90000000000E+00   2.00000000000E+00
   2.10000000000E+00   2.20000000000E+00   2.30000000000E+00   2.40000000000E+00
   2.50000000000E+00   2.60000000000E+00   2.70000000000E+00   2.80000000000E+00
   2.90000000000E+00   3.00000000000E+00   3.10000000000E+00   3.20000000000E+00
   3.30000000000E+00   3.40000000000E+00   3.50000000000E+00   3.60000000000E+00
   3.70000000000E+00   3.80000000000E+00   3.90000000000E+00   4.00000000000E+00
   4.10000000000E+00   4.20000000000E+00   4.30000000000E+00   4.40000000000E+00
   4.50000000000E+00                   0                   0                   1
                   1                   1                   1                   1
                   1                   1                   1                   1
   5.24536100000E-01   4.55953000000E-01                   0                   0
                   0                   0                   0                   0
                   0                   0                   0                   0
                   0                   0                   0                   0
                   0
