 68170.00u  168.475600  0.0000E+00   05/27/20
Ace Er170 IAEA-PD                                                        mat6849
      0         0.      0         0.      0         0.      0         0.
      0         0.      0         0.      0         0.      0         0.
      0         0.      0         0.      0         0.      0         0.
      0         0.      0         0.      0         0.      0         0.
   335730    68170       89        1        7        2       12        0
        0        0        0        0        0        0        0        1
        1       90       90        0      179      268      269      270
      271      362      446        0        0        0        0        0
        0        0        0        0        0        0        0        0
        0        0        0        0        0        0        0        0
   9.99999000000E-01   1.00000000000E+00   1.50000000000E+00   2.00000000000E+00
   2.50000000000E+00   3.00000000000E+00   3.50000000000E+00   4.00000000000E+00
   4.50000000000E+00   5.00000000000E+00   5.50000000000E+00   6.00000000000E+00
   6.50000000000E+00   7.00000000000E+00   7.50000000000E+00   8.00000000000E+00
   8.50000000000E+00   9.00000000000E+00   9.50000000000E+00   1.00000000000E+01
   1.05000000000E+01   1.10000000000E+01   1.15000000000E+01   1.20000000000E+01
   1.25000000000E+01   1.30000000000E+01   1.35000000000E+01   1.40000000000E+01
   1.45000000000E+01   1.50000000000E+01   1.55000000000E+01   1.60000000000E+01
   1.65000000000E+01   1.70000000000E+01   1.75000000000E+01   1.80000000000E+01
   1.85000000000E+01   1.90000000000E+01   1.95000000000E+01   2.00000000000E+01
   2.10000000000E+01   2.20000000000E+01   2.30000000000E+01   2.40000000000E+01
   2.50000000000E+01   2.60000000000E+01   2.70000000000E+01   2.80000000000E+01
   2.90000000000E+01   3.00000000000E+01   3.20000000000E+01   3.40000000000E+01
   3.60000000000E+01   3.80000000000E+01   4.00000000000E+01   4.20000000000E+01
   4.40000000000E+01   4.60000000000E+01   4.80000000000E+01   5.00000000000E+01
   5.20000000000E+01   5.40000000000E+01   5.60000000000E+01   5.80000000000E+01
   6.00000000000E+01   6.20000000000E+01   6.40000000000E+01   6.60000000000E+01
   6.80000000000E+01   7.00000000000E+01   7.20000000000E+01   7.40000000000E+01
   7.60000000000E+01   7.80000000000E+01   8.00000000000E+01   8.50000000000E+01
   9.00000000000E+01   9.50000000000E+01   1.00000000000E+02   1.10000000000E+02
   1.20000000000E+02   1.30000000000E+02   1.40000000000E+02   1.50000000000E+02
   1.60000000000E+02   1.70000000000E+02   1.80000000000E+02   1.90000000000E+02
   2.00000000000E+02   0.00000000000E+00   2.66499800000E-05   7.68818000000E-05
   1.68938400000E-04   3.18864600000E-04   5.46606700000E-04   8.77694100000E-04
   1.34557100000E-03   1.99470200000E-03   2.88410600000E-03   4.08930900000E-03
   5.69725300000E-03   7.78930100000E-03   1.04369000000E-02   1.37851600000E-02
   1.82119100000E-02   2.44076400000E-02   3.34233300000E-02   4.68686700000E-02
   6.72321400000E-02   9.78301800000E-02   1.40297000000E-01   1.85925800000E-01
   2.12571500000E-01   2.14426600000E-01   2.11959200000E-01   2.20848100000E-01
   2.43904700000E-01   2.76393300000E-01   3.08083000000E-01   3.26251600000E-01
   3.23087500000E-01   3.00857100000E-01   2.68275800000E-01   2.33616600000E-01
   2.01643200000E-01   1.74114500000E-01   1.51154800000E-01   1.32234300000E-01
   1.16664400000E-01   9.28250000000E-02   7.60169100000E-02   6.37597300000E-02
   5.45356000000E-02   4.74014700000E-02   4.17548800000E-02   3.71990900000E-02
   3.34650200000E-02   3.03650700000E-02   2.77650300000E-02   2.36960300000E-02
   2.07252500000E-02   1.85301600000E-02   1.69004400000E-02   1.56904800000E-02
   1.47950000000E-02   1.41357200000E-02   1.36534800000E-02   1.33032600000E-02
   1.30506700000E-02   1.28694100000E-02   1.27394100000E-02   1.26454000000E-02
   1.25757300000E-02   1.25216200000E-02   1.24764100000E-02   1.24351500000E-02
   1.23941200000E-02   1.23506400000E-02   1.23027500000E-02   1.22490900000E-02
   1.21887600000E-02   1.21212100000E-02   1.20461500000E-02   1.19635200000E-02
   1.17246800000E-02   1.14436500000E-02   1.11272700000E-02   1.07836700000E-02
   1.00492300000E-02   9.30877200000E-03   8.62711100000E-03   8.06394200000E-03
   7.36425400000E-03   6.75999400000E-03   6.23388700000E-03   5.77249100000E-03
   5.36519800000E-03   5.00353800000E-03   0.00000000000E+00   1.00000000000E+00
   5.79470100000E-01   1.58940900000E-01   1.98861400000E-01   2.23288700000E-01
   2.43831500000E-01   2.33190500000E-01   2.76787100000E-01   2.73304500000E-01
   2.28859800000E-01   1.56868500000E-01   1.40722100000E+00   2.82318600000E+00
   7.24245100000E+00   7.31980600000E+00   7.39520500000E+00   7.42310500000E+00
   7.39397500000E+00   7.28662900000E+00   7.32213600000E+00   7.33711600000E+00
   7.33687500000E+00   7.31776200000E+00   7.48289600000E+00   7.63779400000E+00
   8.04354800000E+00   9.46651200000E+00   1.09524900000E+01   1.16621600000E+01
   1.20184800000E+01   1.24792800000E+01   1.25855100000E+01   1.26962700000E+01
   1.27762000000E+01   1.28251800000E+01   1.28903200000E+01   1.29342700000E+01
   1.29561100000E+01   1.29644000000E+01   1.30707300000E+01   1.33153700000E+01
   1.51886200000E+01   1.68524900000E+01   1.78104800000E+01   1.86197300000E+01
   1.89869800000E+01   1.93178400000E+01   1.97204400000E+01   2.02228900000E+01
   2.19431200000E+01   2.32161800000E+01   2.43776600000E+01   2.51670300000E+01
   2.60525200000E+01   2.76563300000E+01   2.92432900000E+01   3.04426400000E+01
   3.16018900000E+01   3.27897300000E+01   3.40695300000E+01   3.52100400000E+01
   3.63159100000E+01   3.73419500000E+01   3.83774800000E+01   3.95805000000E+01
   4.07702500000E+01   4.19354700000E+01   4.30940700000E+01   4.42272700000E+01
   4.53614900000E+01   4.64688000000E+01   4.75768400000E+01   4.86346600000E+01
   4.96757100000E+01   5.24017800000E+01   5.50702400000E+01   5.78086500000E+01
   6.04702600000E+01   6.59139800000E+01   7.11947700000E+01   7.67375100000E+01
   8.20908100000E+01   8.75755800000E+01   9.30838200000E+01   9.90969800000E+01
   1.04347000000E+02   1.09922100000E+02   1.15417700000E+02                   5
   0.00000000000E+00                   1                   1                  89
   0.00000000000E+00   2.66499800000E-05   7.68818000000E-05   1.68938400000E-04
   3.18864600000E-04   5.46606700000E-04   8.77694100000E-04   1.34557100000E-03
   1.99470200000E-03   2.88410600000E-03   4.08930900000E-03   5.69725300000E-03
   7.78930100000E-03   1.04369000000E-02   1.37851600000E-02   1.82119100000E-02
   2.44076400000E-02   3.34233300000E-02   4.68686700000E-02   6.72321400000E-02
   9.78301800000E-02   1.40297000000E-01   1.85925800000E-01   2.12571500000E-01
   2.14426600000E-01   2.11959200000E-01   2.20848100000E-01   2.43904700000E-01
   2.76393300000E-01   3.08083000000E-01   3.26251600000E-01   3.23087500000E-01
   3.00857100000E-01   2.68275800000E-01   2.33616600000E-01   2.01643200000E-01
   1.74114500000E-01   1.51154800000E-01   1.32234300000E-01   1.16664400000E-01
   9.28250000000E-02   7.60169100000E-02   6.37597300000E-02   5.45356000000E-02
   4.74014700000E-02   4.17548800000E-02   3.71990900000E-02   3.34650200000E-02
   3.03650700000E-02   2.77650300000E-02   2.36960300000E-02   2.07252500000E-02
   1.85301600000E-02   1.69004400000E-02   1.56904800000E-02   1.47950000000E-02
   1.41357200000E-02   1.36534800000E-02   1.33032600000E-02   1.30506700000E-02
   1.28694100000E-02   1.27394100000E-02   1.26454000000E-02   1.25757300000E-02
   1.25216200000E-02   1.24764100000E-02   1.24351500000E-02   1.23941200000E-02
   1.23506400000E-02   1.23027500000E-02   1.22490900000E-02   1.21887600000E-02
   1.21212100000E-02   1.20461500000E-02   1.19635200000E-02   1.17246800000E-02
   1.14436500000E-02   1.11272700000E-02   1.07836700000E-02   1.00492300000E-02
   9.30877200000E-03   8.62711100000E-03   8.06394200000E-03   7.36425400000E-03
   6.75999400000E-03   6.23388700000E-03   5.77249100000E-03   5.36519800000E-03
   5.00353800000E-03                   1                   1                 446
                 524                 602                 603                 604
                 605                 763                 764                 764
                 765                   2                   1               55875
               55966               56057               56058               56059
               56060               56238               56239               56239
               56240                   9                   1               69974
               70049               70124               70125               70126
               70127               70279               70280               70280
               70281                  31                   1              124308
              124374              124440              124441              124442
              124443              124577              124578              124578
              124579                  32                   1              171889
              171955              172021              172022              172023
              172024              172160              172161              172161
              172162                  33                   1              220006
              220064              220122              220123              220124
              220125              220251              220252              220252
              220253                  34                   1              265196
              265285              265374              265375              265376
              265377              265555              265556              265556
              265557                  14                  76   0.00000000000E+00
   1.34843200000E-02   1.80610200000E-02   2.42451300000E-02   3.32110500000E-02
   4.65975100000E-02   6.69155600000E-02   9.74845600000E-02   1.39945500000E-01
   1.85608600000E-01   2.12331200000E-01   2.14267900000E-01   2.11855100000E-01
   2.35010600000E-01   3.31129700000E-01   4.42992400000E-01   5.34403900000E-01
   5.90879200000E-01   6.00158300000E-01   5.66828900000E-01   5.09536500000E-01
   4.45987400000E-01   3.86171300000E-01   3.34330100000E-01   2.90841300000E-01
   2.54850500000E-01   2.25202100000E-01   1.79621600000E-01   1.50004400000E-01
   1.39830800000E-01   1.31651100000E-01   1.20771700000E-01   1.09527700000E-01
   9.90945800000E-02   8.98991600000E-02   8.22857300000E-02   7.72958700000E-02
   7.11912400000E-02   6.59221300000E-02   6.06363500000E-02   5.61170800000E-02
   5.33123600000E-02   5.23720400000E-02   5.19831200000E-02   5.14915100000E-02
   5.13419400000E-02   5.16888800000E-02   5.24494700000E-02   5.32173900000E-02
   5.39658600000E-02   5.45974100000E-02   5.53968600000E-02   5.62672100000E-02
   5.72200400000E-02   5.81689100000E-02   5.90490600000E-02   5.98862200000E-02
   6.06908600000E-02   6.14241300000E-02   6.20510800000E-02   6.26182000000E-02
   6.32188000000E-02   6.42703200000E-02   6.50136000000E-02   6.53685400000E-02
   6.53876300000E-02   6.46706500000E-02   6.32848900000E-02   6.17032400000E-02
   6.05279300000E-02   5.77967400000E-02   5.52685200000E-02   5.30178400000E-02
   5.15236000000E-02   4.96230800000E-02   4.78450500000E-02                  14
                  76   0.00000000000E+00   1.47649100000E-01   4.57566700000E-01
   5.75205300000E-01   6.92307000000E-01   8.09691800000E-01   9.27685900000E-01
   9.29580600000E-01   9.31338600000E-01   9.32885000000E-01   9.34223600000E-01
   9.12272400000E-01   8.90177900000E-01   9.23963800000E-01   1.14847800000E+00
   1.42085800000E+00   1.60809200000E+00   1.75246900000E+00   1.87275900000E+00
   2.01348000000E+00   2.14473500000E+00   2.27129500000E+00   2.39442200000E+00
   2.49758300000E+00   2.59977200000E+00   2.70121100000E+00   2.80288000000E+00
   2.97366400000E+00   3.19961800000E+00   3.55050100000E+00   3.90216300000E+00
   4.31773600000E+00   4.65045200000E+00   4.96610100000E+00   5.25337000000E+00
   5.48751300000E+00   5.83075200000E+00   6.60307900000E+00   7.40334700000E+00
   8.04083400000E+00   8.64927600000E+00   9.35218300000E+00   1.00809600000E+01
   1.08235700000E+01   1.15938800000E+01   1.23700700000E+01   1.31246700000E+01
   1.38948400000E+01   1.46889100000E+01   1.54626600000E+01   1.62350700000E+01
   1.70583700000E+01   1.78333400000E+01   1.86487100000E+01   1.94829500000E+01
   2.03182600000E+01   2.11659500000E+01   2.19959100000E+01   2.28311700000E+01
   2.36593300000E+01   2.44981300000E+01   2.53855700000E+01   2.75130200000E+01
   2.97371000000E+01   3.18761200000E+01   3.40641800000E+01   3.83442600000E+01
   4.28222700000E+01   4.70694400000E+01   5.15157600000E+01   5.57659000000E+01
   6.00735300000E+01   6.38278000000E+01   6.83902600000E+01   7.25310400000E+01
   7.67064600000E+01                   5                  -1                   1
                   6                   5                   0                  77
   1.00000000000E+00   7.25689400000E+00   7.50000000000E+00   8.00000000000E+00
   8.50000000000E+00   9.00000000000E+00   9.50000000000E+00   1.00000000000E+01
   1.05000000000E+01   1.10000000000E+01   1.15000000000E+01   1.20000000000E+01
   1.25000000000E+01   1.30000000000E+01   1.35000000000E+01   1.40000000000E+01
   1.45000000000E+01   1.50000000000E+01   1.55000000000E+01   1.60000000000E+01
   1.65000000000E+01   1.70000000000E+01   1.75000000000E+01   1.80000000000E+01
   1.85000000000E+01   1.90000000000E+01   1.95000000000E+01   2.00000000000E+01
   2.10000000000E+01   2.20000000000E+01   2.30000000000E+01   2.40000000000E+01
   2.50000000000E+01   2.60000000000E+01   2.70000000000E+01   2.80000000000E+01
   2.90000000000E+01   3.00000000000E+01   3.20000000000E+01   3.40000000000E+01
   3.60000000000E+01   3.80000000000E+01   4.00000000000E+01   4.20000000000E+01
   4.40000000000E+01   4.60000000000E+01   4.80000000000E+01   5.00000000000E+01
   5.20000000000E+01   5.40000000000E+01   5.60000000000E+01   5.80000000000E+01
   6.00000000000E+01   6.20000000000E+01   6.40000000000E+01   6.60000000000E+01
   6.80000000000E+01   7.00000000000E+01   7.20000000000E+01   7.40000000000E+01
   7.60000000000E+01   7.80000000000E+01   8.00000000000E+01   8.50000000000E+01
   9.00000000000E+01   9.50000000000E+01   1.00000000000E+02   1.10000000000E+02
   1.20000000000E+02   1.30000000000E+02   1.40000000000E+02   1.50000000000E+02
   1.60000000000E+02   1.70000000000E+02   1.80000000000E+02   1.90000000000E+02
   2.00000000000E+02   0.00000000000E+00   0.00000000000E+00   9.78176500000E-01
   9.91714800000E-01   9.93341800000E-01   9.93648700000E-01   9.94214500000E-01
   9.95291200000E-01   9.96467100000E-01   9.97494600000E-01   9.98293900000E-01
   9.98869600000E-01   9.99259900000E-01   9.99508900000E-01   1.06412800000E+00
   1.35761900000E+00   1.60276100000E+00   1.73461000000E+00   1.81111500000E+00
   1.85757200000E+00   1.88404700000E+00   1.89930100000E+00   1.90905700000E+00
   1.91512200000E+00   1.92017400000E+00   1.92412900000E+00   1.92726500000E+00
   1.93034100000E+00   1.93505600000E+00   1.97330300000E+00   2.19309000000E+00
   2.41404000000E+00   2.54784700000E+00   2.62311100000E+00   2.66389800000E+00
   2.68636200000E+00   2.70988100000E+00   2.78392900000E+00   3.00435300000E+00
   3.18076400000E+00   3.27230600000E+00   3.32045100000E+00   3.39775200000E+00
   3.53984700000E+00   3.67743000000E+00   3.77131000000E+00   3.85935000000E+00
   3.96063000000E+00   4.07551500000E+00   4.17738300000E+00   4.26762800000E+00
   4.34149000000E+00   4.42409700000E+00   4.50988800000E+00   4.60147600000E+00
   4.69326700000E+00   4.78105300000E+00   4.86771000000E+00   4.95472400000E+00
   5.03940800000E+00   5.11921500000E+00   5.19819200000E+00   5.28429800000E+00
   5.48162700000E+00   5.68119400000E+00   5.87462500000E+00   6.06357900000E+00
   6.43538400000E+00   6.79841400000E+00   7.15224800000E+00   7.50599800000E+00
   7.84828200000E+00   8.17582400000E+00   8.50478000000E+00   8.92571300000E+00
   9.24906800000E+00   9.56224400000E+00                   0                   1
                   0                   4                  10                   0
                   2   1.00000000000E+00   2.00000000000E+02   1.00000000000E+00
   1.00000000000E+00                   0                  32   1.00000000000E+00
   7.25689400000E+00   8.00000000000E+00   1.00000000000E+01   1.20000000000E+01
   1.40000000000E+01   1.60000000000E+01   1.80000000000E+01   2.00000000000E+01
   2.20000000000E+01   2.40000000000E+01   2.60000000000E+01   2.80000000000E+01
   3.00000000000E+01   3.20000000000E+01   3.60000000000E+01   4.00000000000E+01
   4.40000000000E+01   4.80000000000E+01   5.00000000000E+01   5.20000000000E+01
   5.60000000000E+01   6.00000000000E+01   7.00000000000E+01   8.00000000000E+01
   9.00000000000E+01   1.00000000000E+02   1.20000000000E+02   1.40000000000E+02
   1.60000000000E+02   1.80000000000E+02   2.00000000000E+02                  76
                  87                  98                 127                 408
                 869                1652                2600                3625
                4716                5862                7255                8700
               10184               11707               13256               14844
               16736               18658               20610               22577
               24559               26556               28568               30899
               33264               35945               38645               41671
               45008               48368               51728                   2
                   3   0.00000000000E+00   5.00000000000E-07   1.00000000000E-06
   0.00000000000E+00   2.00000000000E+06   0.00000000000E+00   0.00000000000E+00
   5.00000000000E-01   1.00000000000E+00                   2                   3
   0.00000000000E+00   5.00000000000E-07   1.00000000000E-06   0.00000000000E+00
   2.00000000000E+06   0.00000000000E+00   0.00000000000E+00   5.00000000000E-01
   1.00000000000E+00                   2                   9   0.00000000000E+00
   2.50000000000E-02   1.00000000000E-01   2.00000000000E-01   3.00000000000E-01
   4.00000000000E-01   5.00000000000E-01   6.00000000000E-01   7.00000000000E-01
   0.00000000000E+00   5.58163500000E-01   2.23049500000E+00   1.39192500000E+00
   5.09952000000E-04   8.15165000000E-02   1.18089700000E+00   6.99148200000E-01
   8.83047600000E+00   0.00000000000E+00   6.97704408000E-03   1.11551743000E-01
   2.92672751000E-01   3.62294502000E-01   3.66395825000E-01   4.29516503000E-01
   5.23518767000E-01   1.00000000000E+00                   2                  31
   0.00000000000E+00   2.50000000000E-02   1.00000000000E-01   2.00000000000E-01
   3.00000000000E-01   4.00000000000E-01   5.00000000000E-01   6.00000000000E-01
   7.00000000000E-01   8.00000000000E-01   9.00000000000E-01   1.00000000000E+00
   1.10000000000E+00   1.20000000000E+00   1.30000000000E+00   1.40000000000E+00
   1.50000000000E+00   1.60000000000E+00   1.70000000000E+00   1.80000000000E+00
   1.90000000000E+00   2.00000000000E+00   2.10000000000E+00   2.20000000000E+00
   2.30000000000E+00   2.40000000000E+00   2.50000000000E+00   2.60000000000E+00
   2.70000000000E+00   2.80000000000E+00   2.90000000000E+00   0.00000000000E+00
   1.29290000000E-01   5.08916200000E-01   6.04069700000E-01   7.05854200000E-01
   7.80032500000E-01   8.05563900000E-01   7.83642100000E-01   7.28255300000E-01
   6.55619600000E-01   5.78093200000E-01   5.03225700000E-01   4.34726100000E-01
   3.73965100000E-01   3.20984900000E-01   2.75206600000E-01   2.35806500000E-01
   2.01916700000E-01   1.72721900000E-01   8.57942400000E-02   1.94747500000E-01
   2.34540900000E-01   1.88809100000E-01   9.14530100000E-02   1.51467300000E-02
   1.11876900000E-02   1.08520600000E-01   5.33673600000E-02   3.46802200000E-01
   0.00000000000E+00   0.00000000000E+00   0.00000000000E+00   1.61612500000E-03
   2.55488575000E-02   8.11981525000E-02   1.46694347000E-01   2.20988682000E-01
   3.00268502000E-01   3.79728802000E-01   4.55323672000E-01   5.24517417000E-01
   5.86203057000E-01   6.40269002000E-01   6.87166592000E-01   7.27601152000E-01
   7.62348652000E-01   7.92158227000E-01   8.17708882000E-01   8.39595042000E-01
   8.58326972000E-01   8.71252779000E-01   8.85279866000E-01   9.06744286000E-01
   9.27911786000E-01   9.41924892000E-01   9.47254879000E-01   9.48571600000E-01
   9.54557014000E-01   9.62651412000E-01   9.82659890000E-01   1.00000000000E+00
   1.00000000000E+00                   0                   0                   0
                   0                   0                   0                   0
                   0                   0                   0                   0
                   0                   0                   0                   0
                   0                   0                   0                   0
                   0                   0                   0                   0
                   0                   0                   0                   0
                   0                   0                   0                   0
                   0                   0                   0                   0
                   0                   0                   0                   0
                   0                   0                   0                   0
                   0                   0                   0                   0
                   0                   0                   0                   0
                   0                   0                   0                   0
                   0                   0                   0                   0
                   0                   0                   0                   0
                   0                   0                   0                   0
                   0                   0                   0                   0
                   0                   0                   0                   0
                   0                   0                   0                   0
                   0                   0                   0                   0
                   0                   0                   0                   0
                   0                   0                   0                   0
                   0                   0                   0                   0
                   0                   0                   0                   0
                   0                   0                   0                   0
                   0                   0                   0                   0
                   0                   0                   0                   0
                   0                   0                   0                   0
                   0                   0                   0                   0
                   0                   0                   0                   0
                   0                   0                   0                   0
                   0                   0                   0                   0
                   0                   0                   0
