  9019.00u   18.835000  0.0000E+00   06/19/20
Ace F19 IAEA-PD                                                          mat 925
      0         0.      0         0.      0         0.      0         0.
      0         0.      0         0.      0         0.      0         0.
      0         0.      0         0.      0         0.      0         0.
      0         0.      0         0.      0         0.      0         0.
   551796     9019      261        1        6        2       12        0
        0        0        0        0        0        0        0        1
        1      262      262        0      523      784      785      786
      787     1050     1122        0        0        0        0        0
        0        0        0        0        0        0        0        0
        0        0        0        0        0        0        0        0
   4.01220000000E+00   4.20000000000E+00   4.40000000000E+00   4.60000000000E+00
   4.80000000000E+00   5.00000000000E+00   5.20000000000E+00   5.40000000000E+00
   5.60000000000E+00   5.80000000000E+00   6.00000000000E+00   6.20000000000E+00
   6.40000000000E+00   6.60000000000E+00   6.80000000000E+00   7.00000000000E+00
   7.20000000000E+00   7.40000000000E+00   7.60000000000E+00   7.80000000000E+00
   8.00000000000E+00   8.20000000000E+00   8.40000000000E+00   8.60000000000E+00
   8.80000000000E+00   9.00000000000E+00   9.20000000000E+00   9.40000000000E+00
   9.60000000000E+00   9.80000000000E+00   1.00000000000E+01   1.02000000000E+01
   1.04000000000E+01   1.06000000000E+01   1.08000000000E+01   1.10000000000E+01
   1.12000000000E+01   1.14000000000E+01   1.16000000000E+01   1.18000000000E+01
   1.20000000000E+01   1.22000000000E+01   1.24000000000E+01   1.26000000000E+01
   1.28000000000E+01   1.30000000000E+01   1.32000000000E+01   1.34000000000E+01
   1.36000000000E+01   1.38000000000E+01   1.40000000000E+01   1.42000000000E+01
   1.44000000000E+01   1.46000000000E+01   1.48000000000E+01   1.50000000000E+01
   1.52000000000E+01   1.54000000000E+01   1.56000000000E+01   1.58000000000E+01
   1.60000000000E+01   1.62000000000E+01   1.64000000000E+01   1.66000000000E+01
   1.68000000000E+01   1.70000000000E+01   1.72000000000E+01   1.74000000000E+01
   1.76000000000E+01   1.78000000000E+01   1.80000000000E+01   1.82000000000E+01
   1.84000000000E+01   1.86000000000E+01   1.88000000000E+01   1.90000000000E+01
   1.92000000000E+01   1.94000000000E+01   1.96000000000E+01   1.98000000000E+01
   2.00000000000E+01   2.02000000000E+01   2.04000000000E+01   2.06000000000E+01
   2.08000000000E+01   2.10000000000E+01   2.12000000000E+01   2.14000000000E+01
   2.16000000000E+01   2.18000000000E+01   2.20000000000E+01   2.22000000000E+01
   2.24000000000E+01   2.26000000000E+01   2.28000000000E+01   2.30000000000E+01
   2.32000000000E+01   2.34000000000E+01   2.36000000000E+01   2.38000000000E+01
   2.40000000000E+01   2.42000000000E+01   2.44000000000E+01   2.46000000000E+01
   2.48000000000E+01   2.50000000000E+01   2.52000000000E+01   2.54000000000E+01
   2.56000000000E+01   2.58000000000E+01   2.60000000000E+01   2.62000000000E+01
   2.64000000000E+01   2.66000000000E+01   2.68000000000E+01   2.70000000000E+01
   2.72000000000E+01   2.74000000000E+01   2.76000000000E+01   2.78000000000E+01
   2.80000000000E+01   2.82000000000E+01   2.84000000000E+01   2.86000000000E+01
   2.88000000000E+01   2.90000000000E+01   2.92000000000E+01   2.94000000000E+01
   2.96000000000E+01   2.98000000000E+01   3.00000000000E+01   3.05000000000E+01
   3.10000000000E+01   3.15000000000E+01   3.20000000000E+01   3.25000000000E+01
   3.30000000000E+01   3.35000000000E+01   3.40000000000E+01   3.45000000000E+01
   3.50000000000E+01   3.55000000000E+01   3.60000000000E+01   3.65000000000E+01
   3.70000000000E+01   3.75000000000E+01   3.80000000000E+01   3.85000000000E+01
   3.90000000000E+01   3.95000000000E+01   4.00000000000E+01   4.05000000000E+01
   4.10000000000E+01   4.15000000000E+01   4.20000000000E+01   4.25000000000E+01
   4.30000000000E+01   4.35000000000E+01   4.40000000000E+01   4.45000000000E+01
   4.50000000000E+01   4.55000000000E+01   4.60000000000E+01   4.65000000000E+01
   4.70000000000E+01   4.75000000000E+01   4.80000000000E+01   4.85000000000E+01
   4.90000000000E+01   4.95000000000E+01   5.00000000000E+01   5.10000000000E+01
   5.20000000000E+01   5.30000000000E+01   5.40000000000E+01   5.50000000000E+01
   5.60000000000E+01   5.70000000000E+01   5.80000000000E+01   5.90000000000E+01
   6.00000000000E+01   6.10000000000E+01   6.20000000000E+01   6.30000000000E+01
   6.40000000000E+01   6.50000000000E+01   6.60000000000E+01   6.70000000000E+01
   6.80000000000E+01   6.90000000000E+01   7.00000000000E+01   7.10000000000E+01
   7.20000000000E+01   7.30000000000E+01   7.40000000000E+01   7.50000000000E+01
   7.60000000000E+01   7.70000000000E+01   7.80000000000E+01   7.90000000000E+01
   8.00000000000E+01   8.10000000000E+01   8.20000000000E+01   8.30000000000E+01
   8.40000000000E+01   8.50000000000E+01   8.60000000000E+01   8.70000000000E+01
   8.80000000000E+01   8.90000000000E+01   9.00000000000E+01   9.10000000000E+01
   9.20000000000E+01   9.30000000000E+01   9.40000000000E+01   9.50000000000E+01
   9.60000000000E+01   9.70000000000E+01   9.80000000000E+01   9.90000000000E+01
   1.00000000000E+02   1.01000000000E+02   1.02000000000E+02   1.03000000000E+02
   1.04000000000E+02   1.05000000000E+02   1.06000000000E+02   1.07000000000E+02
   1.08000000000E+02   1.09000000000E+02   1.10000000000E+02   1.11000000000E+02
   1.12000000000E+02   1.13000000000E+02   1.14000000000E+02   1.15000000000E+02
   1.16000000000E+02   1.17000000000E+02   1.18000000000E+02   1.19000000000E+02
   1.20000000000E+02   1.21000000000E+02   1.22000000000E+02   1.23000000000E+02
   1.24000000000E+02   1.25000000000E+02   1.26000000000E+02   1.27000000000E+02
   1.28000000000E+02   1.29000000000E+02   1.30000000000E+02   1.31000000000E+02
   1.32000000000E+02   1.33000000000E+02   1.34000000000E+02   1.35000000000E+02
   1.36000000000E+02   1.37000000000E+02   1.38000000000E+02   1.39000000000E+02
   1.40000000000E+02   0.00000000000E+00   1.21810000000E-04   2.51520000000E-04
   3.81240000000E-04   5.10960000000E-04   6.40680000000E-04   7.70400000000E-04
   9.00110000000E-04   1.02980000000E-03   1.15950000000E-03   1.28930000000E-03
   1.41900000000E-03   1.54870000000E-03   1.67840000000E-03   1.80810000000E-03
   1.93790000000E-03   2.06760000000E-03   2.19730000000E-03   2.32700000000E-03
   2.45670000000E-03   2.58830000000E-03   2.78000000000E-03   3.09870000000E-03
   3.41750000000E-03   3.73620000000E-03   4.05500000000E-03   4.37370000000E-03
   4.69250000000E-03   5.01120000000E-03   5.32990000000E-03   5.64870000000E-03
   6.69430000000E-03   8.08900000000E-03   9.76490000000E-03   1.15060000000E-02
   1.30680000000E-02   1.44000000000E-02   1.58610000000E-02   1.75430000000E-02
   2.15450000000E-02   2.35060000000E-02   2.29610000000E-02   2.00260000000E-02
   1.91780000000E-02   1.83800000000E-02   1.84980000000E-02   1.70150000000E-02
   1.62600000000E-02   1.62140000000E-02   1.67000000000E-02   1.51000000000E-02
   1.49530000000E-02   1.55770000000E-02   1.59010000000E-02   1.58750000000E-02
   1.62830000000E-02   1.68890000000E-02   1.75630000000E-02   1.81500000000E-02
   1.85000000000E-02   1.86240000000E-02   1.85530000000E-02   1.85440000000E-02
   1.86460000000E-02   1.88880000000E-02   1.92720000000E-02   1.97050000000E-02
   1.99740000000E-02   2.01030000000E-02   2.03330000000E-02   2.07860000000E-02
   2.13110000000E-02   2.18600000000E-02   2.19470000000E-02   2.15920000000E-02
   2.12600000000E-02   2.11170000000E-02   2.11370000000E-02   2.13970000000E-02
   2.16960000000E-02   2.21180000000E-02   2.26310000000E-02   2.33210000000E-02
   2.39990000000E-02   2.42340000000E-02   2.40490000000E-02   2.38720000000E-02
   2.38570000000E-02   2.39710000000E-02   2.41620000000E-02   1.68570000000E-02
   1.71670000000E-02   1.75190000000E-02   1.78770000000E-02   1.82160000000E-02
   1.85150000000E-02   1.87610000000E-02   1.89410000000E-02   1.90490000000E-02
   1.90820000000E-02   1.90420000000E-02   1.89350000000E-02   1.87720000000E-02
   1.85660000000E-02   1.83340000000E-02   1.80930000000E-02   1.78630000000E-02
   1.76630000000E-02   1.75140000000E-02   1.74370000000E-02   1.74550000000E-02
   1.75910000000E-02   1.78690000000E-02   1.83110000000E-02   1.89340000000E-02
   1.97340000000E-02   2.06740000000E-02   2.16560000000E-02   2.25080000000E-02
   2.30090000000E-02   2.29670000000E-02   2.23300000000E-02   2.12170000000E-02
   1.98460000000E-02   1.84270000000E-02   1.71010000000E-02   1.59330000000E-02
   1.49410000000E-02   1.41110000000E-02   1.34200000000E-02   1.28440000000E-02
   1.17610000000E-02   1.09790000000E-02   1.03290000000E-02   9.71900000000E-03
   9.10640000000E-03   8.48030000000E-03   7.84840000000E-03   7.22610000000E-03
   6.62960000000E-03   6.07150000000E-03   5.67089400000E-03   5.30171200000E-03
   4.96663000000E-03   4.66646400000E-03   4.39967000000E-03   4.16438400000E-03
   3.95773800000E-03   3.77707600000E-03   3.61965000000E-03   3.48276000000E-03
   3.30900000000E-03   3.15648000000E-03   3.02232000000E-03   2.90412000000E-03
   2.79984000000E-03   2.70756000000E-03   2.62596000000E-03   2.55348000000E-03
   2.48904000000E-03   2.43180000000E-03   2.38068000000E-03   2.33520000000E-03
   2.29440000000E-03   2.25804000000E-03   2.22540000000E-03   2.19624000000E-03
   2.16996000000E-03   2.14644000000E-03   2.12520000000E-03   2.10612000000E-03
   2.07360000000E-03   2.04708000000E-03   2.02548000000E-03   2.00784000000E-03
   1.99332000000E-03   1.98144000000E-03   1.97148000000E-03   1.96320000000E-03
   1.95612000000E-03   1.95012000000E-03   1.94496000000E-03   1.94028000000E-03
   1.93596000000E-03   1.93200000000E-03   1.92816000000E-03   1.92444000000E-03
   1.92084000000E-03   1.91700000000E-03   1.91316000000E-03   1.90920000000E-03
   1.90500000000E-03   1.90056000000E-03   1.89588000000E-03   1.89096000000E-03
   1.88580000000E-03   1.88040000000E-03   1.87464000000E-03   1.86864000000E-03
   1.86228000000E-03   1.85568000000E-03   1.84884000000E-03   1.84164000000E-03
   1.83420000000E-03   1.82652000000E-03   1.81848000000E-03   1.81020000000E-03
   1.80168000000E-03   1.79292000000E-03   1.78392000000E-03   1.77480000000E-03
   1.76532000000E-03   1.75560000000E-03   1.74576000000E-03   1.73568000000E-03
   1.72548000000E-03   1.71516000000E-03   1.70460000000E-03   1.69380000000E-03
   1.68300000000E-03   1.67208000000E-03   1.64580000000E-03   1.63524000000E-03
   1.62456000000E-03   1.61376000000E-03   1.60284000000E-03   1.59192000000E-03
   1.58088000000E-03   1.56972000000E-03   1.55856000000E-03   1.54740000000E-03
   1.53612000000E-03   1.52484000000E-03   1.51356000000E-03   1.50228000000E-03
   1.49112000000E-03   1.47984000000E-03   1.46868000000E-03   1.45764000000E-03
   1.44648000000E-03   1.43556000000E-03   1.42464000000E-03   1.41384000000E-03
   1.40304000000E-03   1.39248000000E-03   1.38204000000E-03   1.37160000000E-03
   1.36140000000E-03   1.35132000000E-03   1.34148000000E-03   1.33176000000E-03
   1.32216000000E-03   1.31280000000E-03   1.30368000000E-03   1.29468000000E-03
   1.28592000000E-03   1.27740000000E-03   1.26912000000E-03   1.26108000000E-03
   1.25316000000E-03   1.24572000000E-03   0.00000000000E+00   4.20000000000E+00
   4.40000000000E+00   4.60000000000E+00   4.80000000000E+00   5.00000000000E+00
   5.20000000000E+00   5.40000000000E+00   5.60000000000E+00   5.80000000000E+00
   6.00000000000E+00   6.20000000000E+00   6.40000000000E+00   6.60000000000E+00
   6.80000000000E+00   7.00000000000E+00   7.20000000000E+00   7.40000000000E+00
   7.60000000000E+00   7.80000000000E+00   8.00000000000E+00   8.20000000000E+00
   8.40000000000E+00   8.60000000000E+00   8.80000000000E+00   9.00000000000E+00
   9.20000000000E+00   9.40000000000E+00   9.60000000000E+00   9.80000000000E+00
   1.00000000000E+01   1.02000000000E+01   1.04000000000E+01   1.05948700000E+01
   1.07788000000E+01   1.09635300000E+01   1.11637800000E+01   1.13585000000E+01
   1.15440300000E+01   1.16370000000E+01   1.18192700000E+01   1.19959200000E+01
   1.22784000000E+01   1.24743900000E+01   1.26670900000E+01   1.27982600000E+01
   1.30336200000E+01   1.32197900000E+01   1.33405200000E+01   1.34087000000E+01
   1.36604000000E+01   1.38905400000E+01   1.40375900000E+01   1.42164800000E+01
   1.44340900000E+01   1.46081900000E+01   1.47585300000E+01   1.49011400000E+01
   1.50635800000E+01   1.52624200000E+01   1.54851300000E+01   1.56952200000E+01
   1.59000100000E+01   1.60947500000E+01   1.62749300000E+01   1.64377800000E+01
   1.65911500000E+01   1.67637200000E+01   1.69540600000E+01   1.71332600000E+01
   1.72850000000E+01   1.74041500000E+01   1.75211200000E+01   1.76916200000E+01
   1.79143400000E+01   1.81368000000E+01   1.83347700000E+01   1.85117200000E+01
   1.86542200000E+01   1.87952200000E+01   1.89206100000E+01   1.90297700000E+01
   1.91199700000E+01   1.92148100000E+01   1.93589800000E+01   1.95489000000E+01
   1.97493900000E+01   1.99319200000E+01   2.00998700000E+01   2.02593600000E+01
   1.97048500000E+01   1.98306600000E+01   1.99613100000E+01   2.00954800000E+01
   2.02323200000E+01   2.03720400000E+01   2.05214400000E+01   2.06730000000E+01
   2.08268000000E+01   2.09839800000E+01   2.11437800000E+01   2.13051800000E+01
   2.14698500000E+01   2.16381900000E+01   2.18106600000E+01   2.19878200000E+01
   2.21804100000E+01   2.23785000000E+01   2.25838600000E+01   2.27957100000E+01
   2.30140600000E+01   2.32343300000E+01   2.34609100000E+01   2.36928100000E+01
   2.39285200000E+01   2.41654200000E+01   2.44033000000E+01   2.46345600000E+01
   2.48549400000E+01   2.50619700000E+01   2.52525800000E+01   2.54219000000E+01
   2.55764900000E+01   2.57200500000E+01   2.58567100000E+01   2.59902100000E+01
   2.61231500000E+01   2.62579600000E+01   2.63958600000E+01   2.65369800000E+01
   2.66814100000E+01   2.70736500000E+01   2.74792800000E+01   2.78906600000E+01
   2.83069900000E+01   2.87105900000E+01   2.91124100000E+01   2.95136500000E+01
   2.99134200000E+01   3.03184300000E+01   2.90136900000E+01   2.93836700000E+01
   2.97611600000E+01   3.01486100000E+01   3.05407300000E+01   3.09381400000E+01
   3.13418800000E+01   3.17450500000E+01   3.21545500000E+01   3.25702900000E+01
   3.29943800000E+01   3.35341800000E+01   3.40956500000E+01   3.46778000000E+01
   3.52800300000E+01   3.59097600000E+01   3.65581100000E+01   3.69784000000E+01
   3.73116200000E+01   3.76611300000E+01   3.80209700000E+01   3.85933000000E+01
   3.91662200000E+01   3.97387400000E+01   4.03108100000E+01   4.08827500000E+01
   4.14544000000E+01   4.20211200000E+01   4.25873400000E+01   4.31529800000E+01
   4.37183900000E+01   4.46548100000E+01   4.52845900000E+01   4.58902700000E+01
   4.62912800000E+01   4.62328400000E+01   4.65915600000E+01   4.58170500000E+01
   4.49921200000E+01   4.41517500000E+01   4.32694000000E+01   4.90712800000E+01
   5.00897100000E+01   5.09022900000E+01   5.17102600000E+01   5.25177400000E+01
   5.34345400000E+01   5.43485400000E+01   5.52608000000E+01   5.61798800000E+01
   5.70970700000E+01   5.81274700000E+01   5.91588500000E+01   6.01948200000E+01
   6.11988200000E+01   6.06338000000E+01   6.15094000000E+01   6.23940100000E+01
   6.32772200000E+01   6.41559500000E+01   6.50344400000E+01   6.59918800000E+01
   6.69512400000E+01   6.79087800000E+01   6.88682400000E+01   6.98258400000E+01
   7.08719000000E+01   7.19192600000E+01   7.29666600000E+01   7.40153400000E+01
   7.50653300000E+01   7.60508500000E+01   7.70369700000E+01   7.80223700000E+01
   7.90096600000E+01   7.99962300000E+01   8.09147900000E+01   8.18332200000E+01
   8.27515200000E+01   8.36696900000E+01   8.45863700000E+01   8.56965300000E+01
   8.66590600000E+01   8.76217800000E+01   8.85846700000E+01   8.95477500000E+01
   9.05138000000E+01   9.14814400000E+01   9.24478900000E+01   9.34145600000E+01
   9.43828400000E+01   9.52939600000E+01   9.62048500000E+01   9.71155000000E+01
   9.80259200000E+01   9.89360900000E+01   9.98503500000E+01   1.00764400000E+02
   1.01678200000E+02   1.02590400000E+02   1.03503800000E+02   1.04527100000E+02
   1.05549500000E+02   1.06573800000E+02   1.07597300000E+02   1.08622800000E+02
   1.09669700000E+02   1.10718800000E+02   1.11767100000E+02   1.12817600000E+02
   1.13867300000E+02   1.14871400000E+02   1.15874200000E+02   1.16878800000E+02
   1.17882200000E+02   1.18887300000E+02   1.19983400000E+02   1.21080300000E+02
   1.22178000000E+02   1.23276400000E+02   1.24375700000E+02                   5
   0.00000000000E+00                   1                   1                 261
   0.00000000000E+00   1.21810000000E-04   2.51520000000E-04   3.81240000000E-04
   5.10960000000E-04   6.40680000000E-04   7.70400000000E-04   9.00110000000E-04
   1.02980000000E-03   1.15950000000E-03   1.28930000000E-03   1.41900000000E-03
   1.54870000000E-03   1.67840000000E-03   1.80810000000E-03   1.93790000000E-03
   2.06760000000E-03   2.19730000000E-03   2.32700000000E-03   2.45670000000E-03
   2.58830000000E-03   2.78000000000E-03   3.09870000000E-03   3.41750000000E-03
   3.73620000000E-03   4.05500000000E-03   4.37370000000E-03   4.69250000000E-03
   5.01120000000E-03   5.32990000000E-03   5.64870000000E-03   6.69430000000E-03
   8.08900000000E-03   9.76490000000E-03   1.15060000000E-02   1.30680000000E-02
   1.44000000000E-02   1.58610000000E-02   1.75430000000E-02   2.15450000000E-02
   2.35060000000E-02   2.29610000000E-02   2.00260000000E-02   1.91780000000E-02
   1.83800000000E-02   1.84980000000E-02   1.70150000000E-02   1.62600000000E-02
   1.62140000000E-02   1.67000000000E-02   1.51000000000E-02   1.49530000000E-02
   1.55770000000E-02   1.59010000000E-02   1.58750000000E-02   1.62830000000E-02
   1.68890000000E-02   1.75630000000E-02   1.81500000000E-02   1.85000000000E-02
   1.86240000000E-02   1.85530000000E-02   1.85440000000E-02   1.86460000000E-02
   1.88880000000E-02   1.92720000000E-02   1.97050000000E-02   1.99740000000E-02
   2.01030000000E-02   2.03330000000E-02   2.07860000000E-02   2.13110000000E-02
   2.18600000000E-02   2.19470000000E-02   2.15920000000E-02   2.12600000000E-02
   2.11170000000E-02   2.11370000000E-02   2.13970000000E-02   2.16960000000E-02
   2.21180000000E-02   2.26310000000E-02   2.33210000000E-02   2.39990000000E-02
   2.42340000000E-02   2.40490000000E-02   2.38720000000E-02   2.38570000000E-02
   2.39710000000E-02   2.41620000000E-02   1.68570000000E-02   1.71670000000E-02
   1.75190000000E-02   1.78770000000E-02   1.82160000000E-02   1.85150000000E-02
   1.87610000000E-02   1.89410000000E-02   1.90490000000E-02   1.90820000000E-02
   1.90420000000E-02   1.89350000000E-02   1.87720000000E-02   1.85660000000E-02
   1.83340000000E-02   1.80930000000E-02   1.78630000000E-02   1.76630000000E-02
   1.75140000000E-02   1.74370000000E-02   1.74550000000E-02   1.75910000000E-02
   1.78690000000E-02   1.83110000000E-02   1.89340000000E-02   1.97340000000E-02
   2.06740000000E-02   2.16560000000E-02   2.25080000000E-02   2.30090000000E-02
   2.29670000000E-02   2.23300000000E-02   2.12170000000E-02   1.98460000000E-02
   1.84270000000E-02   1.71010000000E-02   1.59330000000E-02   1.49410000000E-02
   1.41110000000E-02   1.34200000000E-02   1.28440000000E-02   1.17610000000E-02
   1.09790000000E-02   1.03290000000E-02   9.71900000000E-03   9.10640000000E-03
   8.48030000000E-03   7.84840000000E-03   7.22610000000E-03   6.62960000000E-03
   6.07150000000E-03   5.67089400000E-03   5.30171200000E-03   4.96663000000E-03
   4.66646400000E-03   4.39967000000E-03   4.16438400000E-03   3.95773800000E-03
   3.77707600000E-03   3.61965000000E-03   3.48276000000E-03   3.30900000000E-03
   3.15648000000E-03   3.02232000000E-03   2.90412000000E-03   2.79984000000E-03
   2.70756000000E-03   2.62596000000E-03   2.55348000000E-03   2.48904000000E-03
   2.43180000000E-03   2.38068000000E-03   2.33520000000E-03   2.29440000000E-03
   2.25804000000E-03   2.22540000000E-03   2.19624000000E-03   2.16996000000E-03
   2.14644000000E-03   2.12520000000E-03   2.10612000000E-03   2.07360000000E-03
   2.04708000000E-03   2.02548000000E-03   2.00784000000E-03   1.99332000000E-03
   1.98144000000E-03   1.97148000000E-03   1.96320000000E-03   1.95612000000E-03
   1.95012000000E-03   1.94496000000E-03   1.94028000000E-03   1.93596000000E-03
   1.93200000000E-03   1.92816000000E-03   1.92444000000E-03   1.92084000000E-03
   1.91700000000E-03   1.91316000000E-03   1.90920000000E-03   1.90500000000E-03
   1.90056000000E-03   1.89588000000E-03   1.89096000000E-03   1.88580000000E-03
   1.88040000000E-03   1.87464000000E-03   1.86864000000E-03   1.86228000000E-03
   1.85568000000E-03   1.84884000000E-03   1.84164000000E-03   1.83420000000E-03
   1.82652000000E-03   1.81848000000E-03   1.81020000000E-03   1.80168000000E-03
   1.79292000000E-03   1.78392000000E-03   1.77480000000E-03   1.76532000000E-03
   1.75560000000E-03   1.74576000000E-03   1.73568000000E-03   1.72548000000E-03
   1.71516000000E-03   1.70460000000E-03   1.69380000000E-03   1.68300000000E-03
   1.67208000000E-03   1.64580000000E-03   1.63524000000E-03   1.62456000000E-03
   1.61376000000E-03   1.60284000000E-03   1.59192000000E-03   1.58088000000E-03
   1.56972000000E-03   1.55856000000E-03   1.54740000000E-03   1.53612000000E-03
   1.52484000000E-03   1.51356000000E-03   1.50228000000E-03   1.49112000000E-03
   1.47984000000E-03   1.46868000000E-03   1.45764000000E-03   1.44648000000E-03
   1.43556000000E-03   1.42464000000E-03   1.41384000000E-03   1.40304000000E-03
   1.39248000000E-03   1.38204000000E-03   1.37160000000E-03   1.36140000000E-03
   1.35132000000E-03   1.34148000000E-03   1.33176000000E-03   1.32216000000E-03
   1.31280000000E-03   1.30368000000E-03   1.29468000000E-03   1.28592000000E-03
   1.27740000000E-03   1.26912000000E-03   1.26108000000E-03   1.25316000000E-03
   1.24572000000E-03                   1                   1                1122
                1353                1584                1585                1586
                1587                2051                2052                2052
                2053                   9                   1               93616
               93860               94104               94105               94106
               94107               94187               94188               94188
               94189                  31                   1              191087
              191301              191515              191516              191517
              191518              191592              191593              191593
              191594                  32                   1              272755
              272980              273205              273206              273207
              273208              273282              273283              273283
              273284                  33                   1              363059
              363232              363405              363406              363407
              363408              363472              363473              363473
              363474                  34                   1              423924
              424187              424450              424451              424452
              424453              424533              424534              424534
              424535                  33                 229   0.00000000000E+00
   2.81160800000E-04   6.26996500000E-04   7.94351400000E-04   7.32254400000E-04
   7.98379300000E-04   1.08580600000E-03   3.69152000000E-03   4.25505600000E-03
   4.39588300000E-03   2.14818900000E-03   1.98684100000E-03   1.87549500000E-03
   2.67962000000E-03   1.88322000000E-03   1.81575400000E-03   2.45609700000E-03
   3.62857600000E-03   2.71498000000E-03   2.35539700000E-03   2.76678700000E-03
   2.87808100000E-03   2.64001300000E-03   2.79611700000E-03   3.13949600000E-03
   3.54983400000E-03   3.87321000000E-03   3.95974000000E-03   3.82108600000E-03
   3.61171300000E-03   3.46420500000E-03   3.42788100000E-03   3.53130000000E-03
   3.77711900000E-03   4.07243200000E-03   4.20352800000E-03   4.19449100000E-03
   4.28579000000E-03   4.60035800000E-03   5.14724600000E-03   5.71879500000E-03
   5.82692900000E-03   5.49408400000E-03   5.18403800000E-03   5.06280100000E-03
   5.10522000000E-03   5.40980400000E-03   5.73967700000E-03   6.19237600000E-03
   6.78047400000E-03   7.54527600000E-03   8.29669400000E-03   8.60719000000E-03
   8.49555000000E-03   8.39363400000E-03   8.45277400000E-03   8.64130600000E-03
   8.90708000000E-03   9.21808200000E-03   9.55086000000E-03   9.88895000000E-03
   1.02177800000E-02   1.05261200000E-02   1.08003500000E-02   1.10303400000E-02
   1.12126900000E-02   1.13427300000E-02   1.14135200000E-02   1.14290100000E-02
   1.13901600000E-02   1.13041200000E-02   1.11778500000E-02   1.10207500000E-02
   1.08422300000E-02   1.06538500000E-02   1.04662100000E-02   1.02863200000E-02
   1.01293300000E-02   1.00076500000E-02   9.93099900000E-03   9.91229200000E-03
   9.96228300000E-03   1.00893600000E-02   1.02942400000E-02   1.05650300000E-02
   1.08661100000E-02   1.11320100000E-02   1.12718800000E-02   1.12120300000E-02
   1.09300900000E-02   1.04669800000E-02   9.90374900000E-03   9.32074500000E-03
   8.77349700000E-03   8.28770900000E-03   7.87166600000E-03   7.52003400000E-03
   7.22479100000E-03   6.97647500000E-03   6.49795300000E-03   6.14198200000E-03
   5.83857100000E-03   5.54138500000E-03   5.24446700000E-03   4.93341500000E-03
   4.61093500000E-03   4.28717300000E-03   3.97119700000E-03   5.13822500000E-03
   4.83992700000E-03   4.55646100000E-03   4.29664200000E-03   4.05989800000E-03
   3.84583100000E-03   3.65339700000E-03   3.48113900000E-03   3.32757400000E-03
   3.19101100000E-03   3.06867400000E-03   2.86808900000E-03   2.68312800000E-03
   2.51200700000E-03   2.35302300000E-03   2.20448200000E-03   2.06503400000E-03
   2.00945300000E-03   1.98619900000E-03   1.96405700000E-03   1.94292600000E-03
   1.86778600000E-03   1.79882300000E-03   1.73511200000E-03   1.67644600000E-03
   1.62199200000E-03   1.57143600000E-03   1.52428800000E-03   1.48030100000E-03
   1.43902400000E-03   1.40018600000E-03   1.37470600000E-03   1.41816800000E-03
   1.46567400000E-03   1.55447000000E-03   1.73156900000E-03   1.82269500000E-03
   2.12724300000E-03   2.43202000000E-03   2.73711700000E-03   3.04277200000E-03
   2.17952200000E-03   2.18689000000E-03   2.19518500000E-03   2.20441200000E-03
   2.21429900000E-03   2.20483100000E-03   2.19590400000E-03   2.18710500000E-03
   2.17870700000E-03   2.17056900000E-03   2.14350600000E-03   2.11646400000E-03
   2.08963900000E-03   2.06814300000E-03   2.29671600000E-03   2.29220800000E-03
   2.28743600000E-03   2.28254400000E-03   2.27738200000E-03   2.27190900000E-03
   2.25558500000E-03   2.23869800000E-03   2.22195000000E-03   2.20479200000E-03
   2.18763100000E-03   2.15975000000E-03   2.13174800000E-03   2.10381200000E-03
   2.07576900000E-03   2.04776400000E-03   2.02870600000E-03   2.00946000000E-03
   1.99034100000E-03   1.97086500000E-03   1.95151800000E-03   1.94173300000E-03
   1.93165300000E-03   1.92127700000E-03   1.91087800000E-03   1.90048600000E-03
   1.84987900000E-03   1.83523000000E-03   1.82048200000E-03   1.80563600000E-03
   1.79069300000E-03   1.77546800000E-03   1.75999400000E-03   1.74458700000E-03
   1.72922200000E-03   1.71374600000E-03   1.70494000000E-03   1.69608000000E-03
   1.68716500000E-03   1.67819700000E-03   1.66930900000E-03   1.65978900000E-03
   1.65035600000E-03   1.64101100000E-03   1.63162900000E-03   1.62232600000E-03
   1.60215000000E-03   1.58237000000E-03   1.56256600000E-03   1.54328600000E-03
   1.52411400000E-03   1.50313600000E-03   1.48242800000E-03   1.46212800000E-03
   1.44209100000E-03   1.42245300000E-03   1.40783600000E-03   1.39366800000E-03
   1.37968500000E-03   1.36601700000E-03   1.35253100000E-03   1.33181700000E-03
   1.31150900000E-03   1.29159800000E-03   1.27195700000E-03   1.25294500000E-03
                  33                 229   0.00000000000E+00   5.13113500000E-03
   2.12034400000E-02   3.64716000000E-02   3.62195400000E-02   4.15038400000E-02
   5.59654800000E-02   1.62996600000E-01   1.80729500000E-01   2.04081200000E-01
   1.21596800000E-01   1.25606300000E-01   1.32912300000E-01   2.01744400000E-01
   1.66377300000E-01   1.80209900000E-01   2.59483800000E-01   3.91296300000E-01
   3.39602600000E-01   3.09457700000E-01   3.62405600000E-01   3.83524200000E-01
   3.65907900000E-01   3.91806300000E-01   4.41467900000E-01   4.98855900000E-01
   5.36420700000E-01   5.37581800000E-01   5.14874800000E-01   5.04778300000E-01
   4.99994400000E-01   5.05249100000E-01   5.25070100000E-01   5.62220100000E-01
   6.08854400000E-01   6.36280500000E-01   6.45944200000E-01   6.66742800000E-01
   7.14997900000E-01   7.95854600000E-01   8.78879500000E-01   9.08377300000E-01
   8.85663500000E-01   8.63196500000E-01   8.65225500000E-01   8.88279400000E-01
   9.45784600000E-01   1.00478400000E+00   1.07939100000E+00   1.17023200000E+00
   1.28002900000E+00   1.38518900000E+00   1.44101900000E+00   1.45110000000E+00
   1.45060700000E+00   1.46808000000E+00   1.50013100000E+00   1.54063600000E+00
   2.29515200000E+00   2.36933600000E+00   2.43868700000E+00   2.50452500000E+00
   2.56768100000E+00   2.62796300000E+00   2.67856100000E+00   2.72700000000E+00
   2.77319500000E+00   2.81602300000E+00   2.85621900000E+00   2.89481600000E+00
   2.93014900000E+00   2.96181300000E+00   2.98933600000E+00   3.01218300000E+00
   3.01959400000E+00   3.02149700000E+00   3.01613600000E+00   3.00429200000E+00
   2.98594100000E+00   2.96567000000E+00   2.93909400000E+00   2.90719500000E+00
   2.87147600000E+00   2.83458300000E+00   2.79670300000E+00   2.76544000000E+00
   2.74505700000E+00   2.73803400000E+00   2.74741800000E+00   2.77810200000E+00
   2.82350500000E+00   2.87995300000E+00   2.94328700000E+00   3.00979200000E+00
   3.07685000000E+00   3.14203600000E+00   3.20414500000E+00   3.26302500000E+00
   3.31858500000E+00   3.42634700000E+00   3.52072000000E+00   3.60934200000E+00
   3.69301200000E+00   3.78940800000E+00   3.88758600000E+00   3.98635400000E+00
   4.08657800000E+00   4.18157500000E+00   5.98631000000E+00   6.11632700000E+00
   6.23883600000E+00   6.35139200000E+00   6.45927000000E+00   6.56186400000E+00
   6.65812300000E+00   6.75495200000E+00   6.84544900000E+00   6.92970900000E+00
   7.00561600000E+00   6.96582000000E+00   6.90434600000E+00   6.82219500000E+00
   6.71997000000E+00   6.59023900000E+00   6.44188700000E+00   6.52160300000E+00
   6.68837900000E+00   6.83886700000E+00   6.97902700000E+00   6.90670300000E+00
   6.83378000000E+00   6.76126100000E+00   6.68919100000E+00   6.61724700000E+00
   6.54560000000E+00   6.47887600000E+00   6.41266300000E+00   6.34702000000E+00
   6.28161200000E+00   6.34518600000E+00   6.71541200000E+00   7.10972500000E+00
   7.70871700000E+00   8.76715600000E+00   9.40844300000E+00   1.11829500000E+01
   1.30078800000E+01   1.48482500000E+01   1.67306000000E+01   1.19287200000E+01
   1.19102900000E+01   1.20977100000E+01   1.22897400000E+01   1.24822600000E+01
   1.25654600000E+01   1.26514600000E+01   1.27392000000E+01   1.28201200000E+01
   1.29029300000E+01   1.28725300000E+01   1.28411500000E+01   1.28051800000E+01
   1.28011800000E+01   1.43662000000E+01   1.44906000000E+01   1.46059900000E+01
   1.47227800000E+01   1.48440500000E+01   1.49655600000E+01   1.50081200000E+01
   1.50487600000E+01   1.50912200000E+01   1.51317600000E+01   1.51741600000E+01
   1.51281000000E+01   1.50807400000E+01   1.50333400000E+01   1.49846600000E+01
   1.49346700000E+01   1.49491500000E+01   1.49630300000E+01   1.49776300000E+01
   1.49903400000E+01   1.50037700000E+01   1.50852100000E+01   1.51667800000E+01
   1.52484800000E+01   1.53303100000E+01   1.54136300000E+01   1.53034700000E+01
   1.53409400000E+01   1.53782200000E+01   1.54153300000E+01   1.54522500000E+01
   1.54862000000E+01   1.55185600000E+01   1.55521100000E+01   1.55854400000E+01
   1.56171600000E+01   1.57060400000E+01   1.57951500000E+01   1.58845000000E+01
   1.59740800000E+01   1.60639100000E+01   1.61496500000E+01   1.62356000000E+01
   1.63217600000E+01   1.64095800000E+01   1.64961600000E+01   1.64729000000E+01
   1.64505400000E+01   1.64261600000E+01   1.64027000000E+01   1.63772100000E+01
   1.63303100000E+01   1.62812000000E+01   1.62328900000E+01   1.61823700000E+01
   1.61326500000E+01   1.61286200000E+01   1.61258100000E+01   1.61212100000E+01
   1.61178500000E+01   1.61126800000E+01   1.60165900000E+01   1.59197200000E+01
   1.58220400000E+01   1.57235800000E+01   1.56243300000E+01                   5
                  -1                   1                   6                   5
                   0                 230   4.01220000000E+00   1.04310000000E+01
   1.06000000000E+01   1.08000000000E+01   1.10000000000E+01   1.12000000000E+01
   1.14000000000E+01   1.16000000000E+01   1.18000000000E+01   1.20000000000E+01
   1.22000000000E+01   1.24000000000E+01   1.26000000000E+01   1.28000000000E+01
   1.30000000000E+01   1.32000000000E+01   1.34000000000E+01   1.36000000000E+01
   1.38000000000E+01   1.40000000000E+01   1.42000000000E+01   1.44000000000E+01
   1.46000000000E+01   1.48000000000E+01   1.50000000000E+01   1.52000000000E+01
   1.54000000000E+01   1.56000000000E+01   1.58000000000E+01   1.60000000000E+01
   1.62000000000E+01   1.64000000000E+01   1.66000000000E+01   1.68000000000E+01
   1.70000000000E+01   1.72000000000E+01   1.74000000000E+01   1.76000000000E+01
   1.78000000000E+01   1.80000000000E+01   1.82000000000E+01   1.84000000000E+01
   1.86000000000E+01   1.88000000000E+01   1.90000000000E+01   1.92000000000E+01
   1.94000000000E+01   1.96000000000E+01   1.98000000000E+01   2.00000000000E+01
   2.02000000000E+01   2.04000000000E+01   2.06000000000E+01   2.08000000000E+01
   2.10000000000E+01   2.12000000000E+01   2.14000000000E+01   2.16000000000E+01
   2.18000000000E+01   2.20000000000E+01   2.22000000000E+01   2.24000000000E+01
   2.26000000000E+01   2.28000000000E+01   2.30000000000E+01   2.32000000000E+01
   2.34000000000E+01   2.36000000000E+01   2.38000000000E+01   2.40000000000E+01
   2.42000000000E+01   2.44000000000E+01   2.46000000000E+01   2.48000000000E+01
   2.50000000000E+01   2.52000000000E+01   2.54000000000E+01   2.56000000000E+01
   2.58000000000E+01   2.60000000000E+01   2.62000000000E+01   2.64000000000E+01
   2.66000000000E+01   2.68000000000E+01   2.70000000000E+01   2.72000000000E+01
   2.74000000000E+01   2.76000000000E+01   2.78000000000E+01   2.80000000000E+01
   2.82000000000E+01   2.84000000000E+01   2.86000000000E+01   2.88000000000E+01
   2.90000000000E+01   2.92000000000E+01   2.94000000000E+01   2.96000000000E+01
   2.98000000000E+01   3.00000000000E+01   3.05000000000E+01   3.10000000000E+01
   3.15000000000E+01   3.20000000000E+01   3.25000000000E+01   3.30000000000E+01
   3.35000000000E+01   3.40000000000E+01   3.45000000000E+01   3.50000000000E+01
   3.55000000000E+01   3.60000000000E+01   3.65000000000E+01   3.70000000000E+01
   3.75000000000E+01   3.80000000000E+01   3.85000000000E+01   3.90000000000E+01
   3.95000000000E+01   4.00000000000E+01   4.05000000000E+01   4.10000000000E+01
   4.15000000000E+01   4.20000000000E+01   4.25000000000E+01   4.30000000000E+01
   4.35000000000E+01   4.40000000000E+01   4.45000000000E+01   4.50000000000E+01
   4.55000000000E+01   4.60000000000E+01   4.65000000000E+01   4.70000000000E+01
   4.75000000000E+01   4.80000000000E+01   4.85000000000E+01   4.90000000000E+01
   4.95000000000E+01   5.00000000000E+01   5.10000000000E+01   5.20000000000E+01
   5.30000000000E+01   5.40000000000E+01   5.50000000000E+01   5.60000000000E+01
   5.70000000000E+01   5.80000000000E+01   5.90000000000E+01   6.00000000000E+01
   6.10000000000E+01   6.20000000000E+01   6.30000000000E+01   6.40000000000E+01
   6.50000000000E+01   6.60000000000E+01   6.70000000000E+01   6.80000000000E+01
   6.90000000000E+01   7.00000000000E+01   7.10000000000E+01   7.20000000000E+01
   7.30000000000E+01   7.40000000000E+01   7.50000000000E+01   7.60000000000E+01
   7.70000000000E+01   7.80000000000E+01   7.90000000000E+01   8.00000000000E+01
   8.10000000000E+01   8.20000000000E+01   8.30000000000E+01   8.40000000000E+01
   8.50000000000E+01   8.60000000000E+01   8.70000000000E+01   8.80000000000E+01
   8.90000000000E+01   9.00000000000E+01   9.10000000000E+01   9.20000000000E+01
   9.30000000000E+01   9.40000000000E+01   9.50000000000E+01   9.60000000000E+01
   9.70000000000E+01   9.80000000000E+01   9.90000000000E+01   1.00000000000E+02
   1.01000000000E+02   1.02000000000E+02   1.03000000000E+02   1.04000000000E+02
   1.05000000000E+02   1.06000000000E+02   1.07000000000E+02   1.08000000000E+02
   1.09000000000E+02   1.10000000000E+02   1.11000000000E+02   1.12000000000E+02
   1.13000000000E+02   1.14000000000E+02   1.15000000000E+02   1.16000000000E+02
   1.17000000000E+02   1.18000000000E+02   1.19000000000E+02   1.20000000000E+02
   1.21000000000E+02   1.22000000000E+02   1.23000000000E+02   1.24000000000E+02
   1.25000000000E+02   1.26000000000E+02   1.27000000000E+02   1.28000000000E+02
   1.29000000000E+02   1.30000000000E+02   1.31000000000E+02   1.32000000000E+02
   1.33000000000E+02   1.34000000000E+02   1.35000000000E+02   1.36000000000E+02
   1.37000000000E+02   1.38000000000E+02   1.39000000000E+02   1.40000000000E+02
   0.00000000000E+00   0.00000000000E+00   2.87930000000E-02   5.44930000000E-02
   6.07860000000E-02   5.08510000000E-02   5.03360000000E-02   6.18940000000E-02
   1.71340000000E-01   1.81020000000E-01   1.91450000000E-01   1.07270000000E-01
   1.03600000000E-01   1.02040000000E-01   1.44860000000E-01   1.10680000000E-01
   1.11670000000E-01   1.51480000000E-01   2.17280000000E-01   1.79800000000E-01
   1.57520000000E-01   1.77620000000E-01   1.81000000000E-01   1.66300000000E-01
   1.71720000000E-01   1.85890000000E-01   2.02120000000E-01   2.13400000000E-01
   2.14040000000E-01   2.05170000000E-01   1.94670000000E-01   1.86810000000E-01
   1.83840000000E-01   1.86960000000E-01   1.95990000000E-01   2.06670000000E-01
   2.10450000000E-01   2.08650000000E-01   2.10780000000E-01   2.21320000000E-01
   2.41530000000E-01   2.61610000000E-01   2.65500000000E-01   2.54450000000E-01
   2.43840000000E-01   2.39750000000E-01   2.41530000000E-01   2.52830000000E-01
   2.64550000000E-01   2.79970000000E-01   2.99610000000E-01   3.23540000000E-01
   3.45710000000E-01   3.55170000000E-01   3.53260000000E-01   3.51610000000E-01
   3.54310000000E-01   3.60490000000E-01   3.68640000000E-01   5.46840000000E-01
   5.56350000000E-01   5.64470000000E-01   5.71560000000E-01   5.77850000000E-01
   5.83330000000E-01   5.87940000000E-01   5.91980000000E-01   5.95450000000E-01
   5.98130000000E-01   6.00200000000E-01   6.01540000000E-01   6.02180000000E-01
   6.02060000000E-01   6.01110000000E-01   5.99250000000E-01   5.96420000000E-01
   5.92550000000E-01   5.87320000000E-01   5.80910000000E-01   5.73340000000E-01
   5.64550000000E-01   5.54720000000E-01   5.44060000000E-01   5.32870000000E-01
   5.21650000000E-01   5.11030000000E-01   5.01760000000E-01   4.94580000000E-01
   4.89890000000E-01   4.88180000000E-01   4.89480000000E-01   4.93330000000E-01
   4.99030000000E-01   5.05820000000E-01   5.13040000000E-01   5.20160000000E-01
   5.26850000000E-01   5.32920000000E-01   5.38360000000E-01   5.43170000000E-01
   5.52500000000E-01   5.59430000000E-01   5.65260000000E-01   5.70160000000E-01
   5.75910000000E-01   5.81750000000E-01   5.87500000000E-01   5.93290000000E-01
   5.99010000000E-01   8.46286000000E-01   8.53468000000E-01   8.59432000000E-01
   8.65102000000E-01   8.70016000000E-01   8.74118000000E-01   8.77296000000E-01
   8.79578000000E-01   8.80992000000E-01   8.81580000000E-01   8.81104000000E-01
   8.66754000000E-01   8.50038000000E-01   8.31152000000E-01   8.10236000000E-01
   7.87360000000E-01   7.62692000000E-01   7.65226000000E-01   7.77840000000E-01
   7.89082000000E-01   7.98966000000E-01   7.84560000000E-01   7.70308000000E-01
   7.56238000000E-01   7.42434000000E-01   7.28854000000E-01   7.15512000000E-01
   7.02450000000E-01   6.89654000000E-01   6.77124000000E-01   6.64818000000E-01
   6.62956000000E-01   6.92776000000E-01   7.23618000000E-01   7.74200000000E-01
   8.68686000000E-01   9.19884000000E-01   1.07900800000E+00   1.23880400000E+00
   1.39925800000E+00   1.56030000000E+00   1.12060000000E+00   1.12710000000E+00
   1.13390000000E+00   1.14100000000E+00   1.14840000000E+00   1.14570000000E+00
   1.14320000000E+00   1.14090000000E+00   1.13880000000E+00   1.13690000000E+00
   1.12520000000E+00   1.11360000000E+00   1.10220000000E+00   1.09370000000E+00
   1.21790000000E+00   1.21900000000E+00   1.22020000000E+00   1.22150000000E+00
   1.22290000000E+00   1.22430000000E+00   1.22000000000E+00   1.21560000000E+00
   1.21140000000E+00   1.20710000000E+00   1.20300000000E+00   1.19310000000E+00
   1.18320000000E+00   1.17340000000E+00   1.16360000000E+00   1.15380000000E+00
   1.14920000000E+00   1.14460000000E+00   1.14010000000E+00   1.13550000000E+00
   1.13100000000E+00   1.13210000000E+00   1.13320000000E+00   1.13430000000E+00
   1.13540000000E+00   1.13660000000E+00   1.12400000000E+00   1.12230000000E+00
   1.12060000000E+00   1.11890000000E+00   1.11720000000E+00   1.11530000000E+00
   1.11330000000E+00   1.11140000000E+00   1.10950000000E+00   1.10750000000E+00
   1.10990000000E+00   1.11230000000E+00   1.11470000000E+00   1.11710000000E+00
   1.11950000000E+00   1.12160000000E+00   1.12370000000E+00   1.12580000000E+00
   1.12800000000E+00   1.13010000000E+00   1.12460000000E+00   1.11920000000E+00
   1.11370000000E+00   1.10830000000E+00   1.10280000000E+00   1.09590000000E+00
   1.08890000000E+00   1.08200000000E+00   1.07500000000E+00   1.06810000000E+00
   1.06480000000E+00   1.06160000000E+00   1.05830000000E+00   1.05510000000E+00
   1.05180000000E+00   1.04260000000E+00   1.03340000000E+00   1.02420000000E+00
   1.01500000000E+00   1.00580000000E+00                   0                   1
                   0                   4                  10                   0
                   2   4.01220000000E+00   1.40000000000E+02   1.00000000000E+00
   1.00000000000E+00                   0                  64   4.01220000000E+00
   1.04310000000E+01   1.10000000000E+01   1.15000000000E+01   1.20000000000E+01
   1.25000000000E+01   1.30000000000E+01   1.35000000000E+01   1.40000000000E+01
   1.45000000000E+01   1.50000000000E+01   1.55000000000E+01   1.60000000000E+01
   1.65000000000E+01   1.70000000000E+01   1.75000000000E+01   1.80000000000E+01
   1.85000000000E+01   1.90000000000E+01   1.95000000000E+01   2.00000000000E+01
   2.10000000000E+01   2.20000000000E+01   2.30000000000E+01   2.40000000000E+01
   2.50000000000E+01   2.60000000000E+01   2.70000000000E+01   2.80000000000E+01
   2.90000000000E+01   3.00000000000E+01   3.20000000000E+01   3.40000000000E+01
   3.60000000000E+01   3.80000000000E+01   4.00000000000E+01   4.20000000000E+01
   4.40000000000E+01   4.60000000000E+01   4.80000000000E+01   5.00000000000E+01
   5.20000000000E+01   5.40000000000E+01   5.60000000000E+01   5.80000000000E+01
   6.00000000000E+01   6.20000000000E+01   6.40000000000E+01   6.60000000000E+01
   6.80000000000E+01   7.00000000000E+01   7.20000000000E+01   7.40000000000E+01
   7.60000000000E+01   7.80000000000E+01   8.00000000000E+01   8.50000000000E+01
   9.00000000000E+01   9.50000000000E+01   1.00000000000E+02   1.10000000000E+02
   1.20000000000E+02   1.30000000000E+02   1.40000000000E+02                 140
                 151                 162                 185                 330
                 530                 785                1095                1460
                1880                2355                2885                3448
                4044                4673                5335                6030
                6747                7620                8392                9330
               10294               11297               12352               13446
               14579               15738               16936               18160
               19410               20686               21988               23329
               24709               26128               27573               29270
               30997               32739               34511               36298
               38115               39947               41794               43656
               45533               47425               49332               51510
               53688               55883               58095               60307
               62536               64765               67011               69257
               71537               74104               76690               79276
               82176               85097               88319                   2
                   3   0.00000000000E+00   5.00000000000E-07   1.00000000000E-06
   0.00000000000E+00   2.00000000000E+06   0.00000000000E+00   0.00000000000E+00
   5.00000000000E-01   1.00000000000E+00                   2                   3
   0.00000000000E+00   5.00000000000E-07   1.00000000000E-06   0.00000000000E+00
   2.00000000000E+06   0.00000000000E+00   0.00000000000E+00   5.00000000000E-01
   1.00000000000E+00                   2                   7   0.00000000000E+00
   1.00000000000E-01   2.00000000000E-01   3.00000000000E-01   4.00000000000E-01
   5.00000000000E-01   6.00000000000E-01   0.00000000000E+00   2.84210000000E-09
   2.76339000000E-09   1.58153000000E-09   5.78188000000E-10   8.41236000000E-11
   2.00000000000E+01   0.00000000000E+00   1.42105000000E-10   4.22379500000E-10
   6.39625500000E-10   7.47611399000E-10   7.80726979000E-10   1.00000000000E+00
                   2                  13   0.00000000000E+00   2.50000000000E-02
   1.00000000000E-01   2.00000000000E-01   3.00000000000E-01   4.00000000000E-01
   5.00000000000E-01   6.00000000000E-01   7.00000000000E-01   8.00000000000E-01
   9.00000000000E-01   1.00000000000E+00   1.10000000000E+00   0.00000000000E+00
   5.43232600000E-01   2.17293100000E+00   1.96197000000E-08   1.89330000000E-08
   1.58236000000E-08   1.17168000000E-08   7.64932900000E-09   4.28349000000E-09
   1.92908000000E-09   5.98312900000E-10   7.67904900000E-11   1.56541400000E+01
   0.00000000000E+00   6.79040803000E-03   1.08646536000E-01   2.17293076000E-01
   2.17293077000E-01   2.17293079000E-01   2.17293081000E-01   2.17293082000E-01
   2.17293082000E-01   2.17293082000E-01   2.17293083000E-01   2.17293083000E-01
   1.00000000000E+00                   0                   0                   0
                   0                   0                   0                   0
                   0                   0                   0                   0
                   0                   0                   0                   0
                   0                   0                   0                   0
                   0                   0                   0                   0
                   0                   0                   0                   0
                   0                   0                   0                   0
                   0                   0                   0                   0
                   0                   0                   0                   0
                   0                   0                   0                   0
                   0                   0                   0                   0
                   0                   0                   0                   0
                   0                   0                   0                   0
                   0                   0                   0                   0
                   0                   0                   0                   0
                   0                   0                   0                   0
                   0                   0                   0                   0
                   0                   0                   0                   0
                   0                   0                   0                   0
                   0                   0                   0                   0
                   0                   0                   0                   0
                   0                   0                   0                   0
                   0                   0                   0                   0
                   0                   0                   0                   0
                   0                   0                   0                   0
                   0                   2                  18   0.00000000000E+00
   2.50000000000E-02   1.00000000000E-01   2.00000000000E-01   3.00000000000E-01
   4.00000000000E-01   5.00000000000E-01   6.00000000000E-01   7.00000000000E-01
   8.00000000000E-01   9.00000000000E-01   1.00000000000E+00   1.10000000000E+00
   1.20000000000E+00   1.30000000000E+00   1.40000000000E+00   1.50000000000E+00
   1.60000000000E+00   0.00000000000E+00   6.90106000000E-09   2.51520000000E-08
   3.91036000000E-08   4.30822000000E-08   5.62671800000E-02   3.28815800000E+00
   2.33155500000E+00   2.64233000000E-08   1.99357000000E-08   1.40707000000E-08
   9.15939000000E-09   5.35506000000E-09   2.67647000000E-09   1.10458000000E-09
   3.19028000000E-10   3.87318000000E-11   8.64803900000E+00   0.00000000000E+00
   8.62632512000E-11   1.28825302000E-09   4.50103306000E-09   8.61032311000E-09
   2.81336980000E-03   1.70034631000E-01   4.51020285000E-01   5.67598038000E-01
   5.67598040000E-01   5.67598042000E-01   5.67598043000E-01   5.67598044000E-01
   5.67598044000E-01   5.67598044000E-01   5.67598044000E-01   5.67598044000E-01
   1.00000000000E+00                   0                   0                   0
                   0                   0                   0                   0
                   0                   0                   0                   0
                   0                   0                   0                   0
                   0                   0                   0                   0
                   0                   0                   0                   0
                   0                   0                   0                   0
                   0                   0                   0                   0
                   0                   0                   0                   0
                   0                   0                   0                   0
                   0                   0                   0                   0
                   0                   0                   0                   0
                   0                   0                   0                   0
                   0                   0                   0                   0
                   0                   0                   0                   0
                   0                   0                   0                   0
                   0                   0                   0                   0
                   0                   0                   0                   0
                   0                   0                   0                   0
                   0                   0                   0                   0
