 26054.00u   53.476240  0.0000E+00   02/26/20
Ace Fe54 IAEA-PD                                                         mat2625
      0         0.      0         0.      0         0.      0         0.
      0         0.      0         0.      0         0.      0         0.
      0         0.      0         0.      0         0.      0         0.
      0         0.      0         0.      0         0.      0         0.
   276229    26054       89        1        7        2       12        0
        0        0        0        0        0        0        0        1
        1       90       90        0      179      268      269      270
      271      362      446        0        0        0        0        0
        0        0        0        0        0        0        0        0
        0        0        0        0        0        0        0        0
   9.99999000000E-01   1.00000000000E+00   1.50000000000E+00   2.00000000000E+00
   2.50000000000E+00   3.00000000000E+00   3.50000000000E+00   4.00000000000E+00
   4.50000000000E+00   5.00000000000E+00   5.50000000000E+00   6.00000000000E+00
   6.50000000000E+00   7.00000000000E+00   7.50000000000E+00   8.00000000000E+00
   8.50000000000E+00   9.00000000000E+00   9.50000000000E+00   1.00000000000E+01
   1.05000000000E+01   1.10000000000E+01   1.15000000000E+01   1.20000000000E+01
   1.25000000000E+01   1.30000000000E+01   1.35000000000E+01   1.40000000000E+01
   1.45000000000E+01   1.50000000000E+01   1.55000000000E+01   1.60000000000E+01
   1.65000000000E+01   1.70000000000E+01   1.75000000000E+01   1.80000000000E+01
   1.85000000000E+01   1.90000000000E+01   1.95000000000E+01   2.00000000000E+01
   2.10000000000E+01   2.20000000000E+01   2.30000000000E+01   2.40000000000E+01
   2.50000000000E+01   2.60000000000E+01   2.70000000000E+01   2.80000000000E+01
   2.90000000000E+01   3.00000000000E+01   3.20000000000E+01   3.40000000000E+01
   3.60000000000E+01   3.80000000000E+01   4.00000000000E+01   4.20000000000E+01
   4.40000000000E+01   4.60000000000E+01   4.80000000000E+01   5.00000000000E+01
   5.20000000000E+01   5.40000000000E+01   5.60000000000E+01   5.80000000000E+01
   6.00000000000E+01   6.20000000000E+01   6.40000000000E+01   6.60000000000E+01
   6.80000000000E+01   7.00000000000E+01   7.20000000000E+01   7.40000000000E+01
   7.60000000000E+01   7.80000000000E+01   8.00000000000E+01   8.50000000000E+01
   9.00000000000E+01   9.50000000000E+01   1.00000000000E+02   1.10000000000E+02
   1.20000000000E+02   1.30000000000E+02   1.40000000000E+02   1.50000000000E+02
   1.60000000000E+02   1.70000000000E+02   1.80000000000E+02   1.90000000000E+02
   2.00000000000E+02   0.00000000000E+00   5.41296900000E-06   1.42817600000E-05
   2.93307900000E-05   5.23716100000E-05   8.55039200000E-05   1.31208200000E-04
   1.92470400000E-04   2.72957600000E-04   3.77272000000E-04   5.11317600000E-04
   6.82816100000E-04   9.02026400000E-04   1.18274200000E-03   1.54361600000E-03
   2.00962500000E-03   2.61255600000E-03   3.38656900000E-03   4.34939100000E-03
   5.45992000000E-03   6.58619700000E-03   7.59301900000E-03   8.51945000000E-03
   9.57366400000E-03   1.09733700000E-02   1.28827000000E-02   1.54480800000E-02
   1.88463000000E-02   2.33237000000E-02   2.92395600000E-02   3.71415900000E-02
   4.79377500000E-02   6.33281600000E-02   8.66169400000E-02   1.19455400000E-01
   1.40823400000E-01   1.45785300000E-01   1.52546800000E-01   1.57281500000E-01
   1.54974600000E-01   1.30873000000E-01   9.98227200000E-02   7.48197200000E-02
   5.71235400000E-02   4.48294300000E-02   3.61382800000E-02   2.98246900000E-02
   2.51087000000E-02   2.14952800000E-02   1.86645100000E-02   1.45711200000E-02
   1.18111000000E-02   9.87207500000E-03   8.47153200000E-03   7.44104800000E-03
   6.67340900000E-03   6.09669900000E-03   5.66073200000E-03   5.32946800000E-03
   5.07650700000E-03   4.88224300000E-03   4.73197800000E-03   4.61462100000E-03
   4.52176300000E-03   4.44700600000E-03   4.38547700000E-03   4.33345300000E-03
   4.28809600000E-03   4.24724200000E-03   4.20924700000E-03   4.17286700000E-03
   4.13717000000E-03   4.10146600000E-03   4.06525300000E-03   4.02817600000E-03
   3.93034600000E-03   3.82421700000E-03   3.71016800000E-03   3.58968000000E-03
   3.33790900000E-03   3.08788700000E-03   2.85932000000E-03   2.67106800000E-03
   2.43840300000E-03   2.23770800000E-03   2.06312200000E-03   1.91010900000E-03
   1.77510600000E-03   1.65527500000E-03   0.00000000000E+00   1.00000000000E+00
   1.00374100000E+00   1.00748200000E+00   1.01122300000E+00   1.01496500000E+00
   1.01870600000E+00   1.02244700000E+00   1.02618900000E+00   1.02993000000E+00
   1.03367100000E+00   7.84577900000E-01   8.56615800000E-01   9.14572000000E-01
   9.65310800000E-01   1.01481900000E+00   1.06061400000E+00   1.10617200000E+00
   1.13729100000E+00   1.13671400000E+00   2.82905800000E+00   5.62467500000E+00
   8.48728200000E+00   1.02165500000E+01   1.10414900000E+01   1.17101800000E+01
   1.23597500000E+01   1.30680400000E+01   1.30125600000E+01   1.33154500000E+01
   1.35279700000E+01   1.37436100000E+01   1.37941400000E+01   1.39200800000E+01
   1.40429500000E+01   1.41511000000E+01   1.42231000000E+01   1.42757800000E+01
   1.43296900000E+01   1.44243100000E+01   1.49953200000E+01   1.58430100000E+01
   1.70403600000E+01   1.85681200000E+01   2.04119100000E+01   2.17638800000E+01
   2.27675800000E+01   2.36580400000E+01   2.42468900000E+01   2.48598100000E+01
   2.57382000000E+01   2.66966000000E+01   2.79617600000E+01   2.99786500000E+01
   3.17335200000E+01   3.32080900000E+01   3.46436600000E+01   3.59474000000E+01
   3.72485500000E+01   3.86229600000E+01   4.00841300000E+01   4.15090300000E+01
   4.29169400000E+01   4.42541300000E+01   4.55931100000E+01   4.69885600000E+01
   4.84354600000E+01   4.98644500000E+01   5.12818300000E+01   5.26201600000E+01
   5.40937600000E+01   5.54792000000E+01   5.68904100000E+01   5.82881800000E+01
   5.96587300000E+01   6.31688300000E+01   6.66450000000E+01   7.02099900000E+01
   7.36615800000E+01   8.07625800000E+01   8.77341200000E+01   9.49635800000E+01
   1.02083300000E+02   1.09272700000E+02   1.16465900000E+02   1.23870800000E+02
   1.31091300000E+02   1.40014700000E+02   1.50450400000E+02                   5
   0.00000000000E+00                   1                   1                  89
   0.00000000000E+00   5.41296900000E-06   1.42817600000E-05   2.93307900000E-05
   5.23716100000E-05   8.55039200000E-05   1.31208200000E-04   1.92470400000E-04
   2.72957600000E-04   3.77272000000E-04   5.11317600000E-04   6.82816100000E-04
   9.02026400000E-04   1.18274200000E-03   1.54361600000E-03   2.00962500000E-03
   2.61255600000E-03   3.38656900000E-03   4.34939100000E-03   5.45992000000E-03
   6.58619700000E-03   7.59301900000E-03   8.51945000000E-03   9.57366400000E-03
   1.09733700000E-02   1.28827000000E-02   1.54480800000E-02   1.88463000000E-02
   2.33237000000E-02   2.92395600000E-02   3.71415900000E-02   4.79377500000E-02
   6.33281600000E-02   8.66169400000E-02   1.19455400000E-01   1.40823400000E-01
   1.45785300000E-01   1.52546800000E-01   1.57281500000E-01   1.54974600000E-01
   1.30873000000E-01   9.98227200000E-02   7.48197200000E-02   5.71235400000E-02
   4.48294300000E-02   3.61382800000E-02   2.98246900000E-02   2.51087000000E-02
   2.14952800000E-02   1.86645100000E-02   1.45711200000E-02   1.18111000000E-02
   9.87207500000E-03   8.47153200000E-03   7.44104800000E-03   6.67340900000E-03
   6.09669900000E-03   5.66073200000E-03   5.32946800000E-03   5.07650700000E-03
   4.88224300000E-03   4.73197800000E-03   4.61462100000E-03   4.52176300000E-03
   4.44700600000E-03   4.38547700000E-03   4.33345300000E-03   4.28809600000E-03
   4.24724200000E-03   4.20924700000E-03   4.17286700000E-03   4.13717000000E-03
   4.10146600000E-03   4.06525300000E-03   4.02817600000E-03   3.93034600000E-03
   3.82421700000E-03   3.71016800000E-03   3.58968000000E-03   3.33790900000E-03
   3.08788700000E-03   2.85932000000E-03   2.67106800000E-03   2.43840300000E-03
   2.23770800000E-03   2.06312200000E-03   1.91010900000E-03   1.77510600000E-03
   1.65527500000E-03                   1                   1                 446
                 512                 578                 579                 580
                 581                 715                 716                 716
                 717                   2                   1               46125
               46216               46307               46308               46309
               46310               46474               46475               46475
               46476                   9                   1               59998
               60073               60148               60149               60150
               60151               60301               60302               60302
               60303                  31                   1              111352
              111407              111462              111463              111464
              111465              111577              111578              111578
              111579                  32                   1              150352
              150402              150452              150453              150454
              150455              150555              150556              150556
              150557                  33                   1              185089
              185142              185195              185196              185197
              185198              185304              185305              185305
              185306                  34                   1              222818
              222894              222970              222971              222972
              222973              223125              223126              223126
              223127                  26                  64   0.00000000000E+00
   1.64998200000E-04   3.09870700000E-03   1.39491400000E-02   1.55847100000E-02
   1.86795700000E-02   2.17220600000E-02   2.73606600000E-02   3.40247800000E-02
   4.38132200000E-02   4.95071400000E-02   5.06383100000E-02   5.31451400000E-02
   5.50509500000E-02   5.42536900000E-02   4.70450900000E-02   3.70687500000E-02
   2.87342600000E-02   2.28213200000E-02   1.97518300000E-02   1.84055500000E-02
   1.73956300000E-02   1.62576100000E-02   1.49786100000E-02   1.36829100000E-02
   1.12832200000E-02   9.28859500000E-03   7.91754700000E-03   7.12856100000E-03
   6.71761900000E-03   6.36728700000E-03   6.02341200000E-03   5.70347600000E-03
   5.51191700000E-03   5.45815400000E-03   5.45328500000E-03   5.47290200000E-03
   5.49570900000E-03   5.50482100000E-03   5.51845400000E-03   5.54488300000E-03
   5.56342100000E-03   5.61291200000E-03   5.66388000000E-03   5.75192300000E-03
   5.80146200000E-03   5.87741300000E-03   5.93615000000E-03   5.98973200000E-03
   6.04036300000E-03   6.14655800000E-03   6.22648700000E-03   6.26459300000E-03
   6.29276600000E-03   6.28136700000E-03   6.19700900000E-03   6.08597100000E-03
   6.01177500000E-03   5.77782500000E-03   5.55202000000E-03   5.35836100000E-03
   5.18917400000E-03   5.21011400000E-03   5.06927300000E-03                  26
                  64   0.00000000000E+00   1.25457300000E-03   9.86519500000E-02
   4.96129900000E-01   5.64507000000E-01   6.48107300000E-01   6.87952800000E-01
   7.09778300000E-01   6.94284500000E-01   6.93956300000E-01   7.08966600000E-01
   7.07999900000E-01   7.17652600000E-01   7.28583100000E-01   7.36295200000E-01
   7.99336400000E-01   8.70463000000E-01   9.65852900000E-01   1.07299800000E+00
   1.20283600000E+00   1.41292600000E+00   1.67840400000E+00   1.93018000000E+00
   2.20818500000E+00   2.46083000000E+00   2.94891100000E+00   3.38935300000E+00
   3.85880000000E+00   4.29086100000E+00   4.86333400000E+00   5.46250100000E+00
   5.99029000000E+00   6.44518500000E+00   6.96100500000E+00   7.51325200000E+00
   8.07265700000E+00   8.66003600000E+00   9.22729400000E+00   9.80680100000E+00
   1.03779900000E+01   1.09154800000E+01   1.14301800000E+01   1.20073600000E+01
   1.25931000000E+01   1.32733500000E+01   1.38144100000E+01   1.44328200000E+01
   1.50267100000E+01   1.56259800000E+01   1.62375000000E+01   1.77058900000E+01
   1.92372700000E+01   2.06639200000E+01   2.21948000000E+01   2.50875100000E+01
   2.81003100000E+01   3.08797400000E+01   3.37918500000E+01   3.65615600000E+01
   3.93159900000E+01   4.19315700000E+01   4.46722400000E+01   4.58289600000E+01
   4.52777200000E+01                   5                  -1                   1
                   6                   5                   0                  65
   1.00000000000E+00   1.33782900000E+01   1.35000000000E+01   1.40000000000E+01
   1.45000000000E+01   1.50000000000E+01   1.55000000000E+01   1.60000000000E+01
   1.65000000000E+01   1.70000000000E+01   1.75000000000E+01   1.80000000000E+01
   1.85000000000E+01   1.90000000000E+01   1.95000000000E+01   2.00000000000E+01
   2.10000000000E+01   2.20000000000E+01   2.30000000000E+01   2.40000000000E+01
   2.50000000000E+01   2.60000000000E+01   2.70000000000E+01   2.80000000000E+01
   2.90000000000E+01   3.00000000000E+01   3.20000000000E+01   3.40000000000E+01
   3.60000000000E+01   3.80000000000E+01   4.00000000000E+01   4.20000000000E+01
   4.40000000000E+01   4.60000000000E+01   4.80000000000E+01   5.00000000000E+01
   5.20000000000E+01   5.40000000000E+01   5.60000000000E+01   5.80000000000E+01
   6.00000000000E+01   6.20000000000E+01   6.40000000000E+01   6.60000000000E+01
   6.80000000000E+01   7.00000000000E+01   7.20000000000E+01   7.40000000000E+01
   7.60000000000E+01   7.80000000000E+01   8.00000000000E+01   8.50000000000E+01
   9.00000000000E+01   9.50000000000E+01   1.00000000000E+02   1.10000000000E+02
   1.20000000000E+02   1.30000000000E+02   1.40000000000E+02   1.50000000000E+02
   1.60000000000E+02   1.70000000000E+02   1.80000000000E+02   1.90000000000E+02
   2.00000000000E+02   0.00000000000E+00   0.00000000000E+00   1.06808200000E-02
   1.64419900000E-01   5.98067200000E-01   5.33000800000E-01   5.02928700000E-01
   4.53130600000E-01   4.32045700000E-01   3.92819000000E-01   3.66774700000E-01
   3.51554800000E-01   3.47348500000E-01   3.48385800000E-01   3.50015400000E-01
   3.50081200000E-01   3.59471300000E-01   3.71345800000E-01   3.84046600000E-01
   3.99508200000E-01   4.40599600000E-01   5.09309000000E-01   5.83262700000E-01
   6.47489100000E-01   6.96832500000E-01   7.33097700000E-01   7.74355000000E-01
   7.86429300000E-01   8.02014500000E-01   8.41472500000E-01   9.02778600000E-01
   9.54128100000E-01   9.87979200000E-01   1.00755100000E+00   1.03423400000E+00
   1.07517900000E+00   1.11696300000E+00   1.15657800000E+00   1.19093400000E+00
   1.21740600000E+00   1.24093700000E+00   1.26437400000E+00   1.28383100000E+00
   1.30895200000E+00   1.33354300000E+00   1.36649700000E+00   1.39028200000E+00
   1.42063600000E+00   1.44732400000E+00   1.47339700000E+00   1.49952800000E+00
   1.56387200000E+00   1.62817300000E+00   1.68849300000E+00   1.75301600000E+00
   1.88182700000E+00   2.00687700000E+00   2.12846800000E+00   2.25070100000E+00
   2.36951200000E+00   2.48111900000E+00   2.59721000000E+00   2.71669000000E+00
   2.93510000000E+00   3.06249600000E+00                   0                   1
                   0                   4                  10                   0
                   2   1.00000000000E+00   2.00000000000E+02   1.00000000000E+00
   1.00000000000E+00                   0                  29   1.00000000000E+00
   1.33782900000E+01   1.40000000000E+01   1.60000000000E+01   1.80000000000E+01
   2.00000000000E+01   2.20000000000E+01   2.40000000000E+01   2.60000000000E+01
   2.80000000000E+01   3.00000000000E+01   3.20000000000E+01   3.60000000000E+01
   4.00000000000E+01   4.40000000000E+01   4.80000000000E+01   5.00000000000E+01
   5.20000000000E+01   5.60000000000E+01   6.00000000000E+01   7.00000000000E+01
   8.00000000000E+01   9.00000000000E+01   1.00000000000E+02   1.20000000000E+02
   1.40000000000E+02   1.60000000000E+02   1.80000000000E+02   2.00000000000E+02
                  70                  81                  92                 118
                 417                 870                1548                2343
                3229                4206                5248                6355
                7514                8764               10296               11888
               13540               15222               16919               18661
               20448               22541               24702               27174
               29684               32521               35697               38896
               42141                   2                   3   0.00000000000E+00
   5.00000000000E-07   1.00000000000E-06   0.00000000000E+00   2.00000000000E+06
   0.00000000000E+00   0.00000000000E+00   5.00000000000E-01   1.00000000000E+00
                   2                   3   0.00000000000E+00   5.00000000000E-07
   1.00000000000E-06   0.00000000000E+00   2.00000000000E+06   0.00000000000E+00
   0.00000000000E+00   5.00000000000E-01   1.00000000000E+00                   2
                   8   0.00000000000E+00   2.50000000000E-02   1.00000000000E-01
   2.00000000000E-01   3.00000000000E-01   4.00000000000E-01   5.00000000000E-01
   6.00000000000E-01   0.00000000000E+00   6.50783900000E-07   6.31859900000E-07
   5.61991900000E-07   3.29126900000E-07   1.20728000000E-07   1.74303000000E-08
   2.00000000000E+01   0.00000000000E+00   8.13479845000E-09   5.62339393000E-08
   1.15926528000E-07   1.60482469000E-07   1.82975215000E-07   1.89883129000E-07
   1.00000000000E+00                   2                  27   0.00000000000E+00
   2.66666700000E-02   1.06666700000E-01   2.13333300000E-01   3.20000000000E-01
   4.26666700000E-01   5.33333300000E-01   6.40000000000E-01   7.46666700000E-01
   8.53333300000E-01   9.60000000000E-01   1.06666700000E+00   1.17333300000E+00
   1.28000000000E+00   1.38666700000E+00   1.49333300000E+00   1.60000000000E+00
   1.70666700000E+00   1.81333300000E+00   1.92000000000E+00   2.02666700000E+00
   2.13333300000E+00   2.24000000000E+00   2.34666700000E+00   2.45333300000E+00
   2.56000000000E+00   2.66666700000E+00   0.00000000000E+00   9.49624000000E-04
   3.79328800000E-03   4.03615800000E-02   2.15969000000E-01   7.45593000000E-06
   1.58545600000E+00   6.42077000000E-06   3.48238700000E-02   4.48124000000E-06
   4.11714700000E-01   2.72167000000E-06   1.20481100000E+00   3.69250400000E-03
   1.12578000000E-06   8.01226000000E-07   5.51776000000E-07   3.78594000000E-07
   2.18228300000E+00   3.12414500000E+00   1.01740000000E-07   5.72062000000E-08
   2.83645000000E-08   1.16295000000E-08   3.26102000000E-09   3.91612000000E-10
   1.13583700000E+00   0.00000000000E+00   1.26616549000E-05   2.02378206000E-04
   2.55730303000E-03   1.62282716000E-02   2.77470195000E-02   1.12305018000E-01
   1.96863040000E-01   1.98720656000E-01   2.00578167000E-01   2.22536530000E-01
   2.44494861000E-01   3.08751191000E-01   3.73204913000E-01   3.73401907000E-01
   3.73402010000E-01   3.73402082000E-01   3.73402132000E-01   4.89789851000E-01
   7.72800229000E-01   9.39421821000E-01   9.39421830000E-01   9.39421834000E-01
   9.39421836000E-01   9.39421837000E-01   9.39421837000E-01   1.00000000000E+00
                   0                   0                   0                   0
                   0                   0                   0                   0
                   0                   0                   0                   0
                   0                   0                   0                   0
                   0                   0                   0                   0
                   0                   0                   0                   0
                   0                   0                   0                   0
                   0                   0                   0                   0
                   0                   0                   0                   0
                   0                   0                   0                   0
                   0                   0                   0                   0
                   0                   0                   0                   0
                   0                   0                   0                   0
                   0                   0                   0                   0
                   0                   0                   0                   0
                   0                   0                   0                   0
                   0                   0                   0                   0
                   0                   0                   0                   0
                   0                   0                   0                   0
                   0                   0                   0                   0
                   0                   0                   0                   0
                   0                   0                   0                   0
                   0                   0                   0                   0
                   0                   0                   0                   0
                   0                   0                   0                   0
                   0                   0                   0                   0
                   0                   0                   0                   0
                   0                   0                   0                   0
                   0                   0                   0                   0
                   0                   0                   0                   0
                   0                   0                   0                   0
                   0                   0                   0                   0
