 26056.00u   55.454430  0.0000E+00   06/19/20
Ace Fe56 IAEA-PD                                                         mat2631
      0         0.      0         0.      0         0.      0         0.
      0         0.      0         0.      0         0.      0         0.
      0         0.      0         0.      0         0.      0         0.
      0         0.      0         0.      0         0.      0         0.
   283803    26056       89        1        7        2       12        0
        0        0        0        0        0        0        0        1
        1       90       90        0      179      268      269      270
      271      362      446        0        0        0        0        0
        0        0        0        0        0        0        0        0
        0        0        0        0        0        0        0        0
   9.99999000000E-01   1.00000000000E+00   1.50000000000E+00   2.00000000000E+00
   2.50000000000E+00   3.00000000000E+00   3.50000000000E+00   4.00000000000E+00
   4.50000000000E+00   5.00000000000E+00   5.50000000000E+00   6.00000000000E+00
   6.50000000000E+00   7.00000000000E+00   7.50000000000E+00   8.00000000000E+00
   8.50000000000E+00   9.00000000000E+00   9.50000000000E+00   1.00000000000E+01
   1.05000000000E+01   1.10000000000E+01   1.15000000000E+01   1.20000000000E+01
   1.25000000000E+01   1.30000000000E+01   1.35000000000E+01   1.40000000000E+01
   1.45000000000E+01   1.50000000000E+01   1.55000000000E+01   1.60000000000E+01
   1.65000000000E+01   1.70000000000E+01   1.75000000000E+01   1.80000000000E+01
   1.85000000000E+01   1.90000000000E+01   1.95000000000E+01   2.00000000000E+01
   2.10000000000E+01   2.20000000000E+01   2.30000000000E+01   2.40000000000E+01
   2.50000000000E+01   2.60000000000E+01   2.70000000000E+01   2.80000000000E+01
   2.90000000000E+01   3.00000000000E+01   3.20000000000E+01   3.40000000000E+01
   3.60000000000E+01   3.80000000000E+01   4.00000000000E+01   4.20000000000E+01
   4.40000000000E+01   4.60000000000E+01   4.80000000000E+01   5.00000000000E+01
   5.20000000000E+01   5.40000000000E+01   5.60000000000E+01   5.80000000000E+01
   6.00000000000E+01   6.20000000000E+01   6.40000000000E+01   6.60000000000E+01
   6.80000000000E+01   7.00000000000E+01   7.20000000000E+01   7.40000000000E+01
   7.60000000000E+01   7.80000000000E+01   8.00000000000E+01   8.50000000000E+01
   9.00000000000E+01   9.50000000000E+01   1.00000000000E+02   1.10000000000E+02
   1.20000000000E+02   1.30000000000E+02   1.40000000000E+02   1.50000000000E+02
   1.60000000000E+02   1.70000000000E+02   1.80000000000E+02   1.90000000000E+02
   2.00000000000E+02   0.00000000000E+00   3.53034900000E-06   9.22549000000E-06
   1.88241500000E-05   3.34745400000E-05   5.45354700000E-05   8.36468700000E-05
   1.22825600000E-04   1.74602400000E-04   2.42222400000E-04   3.29936800000E-04
   4.43408500000E-04   5.90268500000E-04   7.80871200000E-04   1.02927400000E-03
   1.35427100000E-03   1.77956600000E-03   2.33008400000E-03   3.01810100000E-03
   3.81690100000E-03   4.65542900000E-03   5.49672800000E-03   6.43332700000E-03
   7.65274300000E-03   9.35841700000E-03   1.17686800000E-02   1.51653000000E-02
   1.99460100000E-02   2.66562200000E-02   3.59331400000E-02   4.81646900000E-02
   6.25376000000E-02   7.57634000000E-02   8.30053000000E-02   8.26393100000E-02
   7.83644100000E-02   7.49535200000E-02   7.40951000000E-02   7.30316200000E-02
   6.73547900000E-02   4.65602100000E-02   3.08908400000E-02   2.19787000000E-02
   1.67194900000E-02   1.33744000000E-02   1.11075900000E-02   9.49539900000E-03
   8.30633500000E-03   7.40498400000E-03   6.70745900000E-03   5.72338300000E-03
   5.09247600000E-03   4.68062000000E-03   4.41153600000E-03   4.23836200000E-03
   4.13065900000E-03   4.06786200000E-03   4.03569600000E-03   4.02407300000E-03
   4.02578500000E-03   4.03564200000E-03   4.04990400000E-03   4.06587300000E-03
   4.08161400000E-03   4.09575600000E-03   4.10733900000E-03   4.11571300000E-03
   4.12045800000E-03   4.12132400000E-03   4.11818900000E-03   4.11102800000E-03
   4.09988800000E-03   4.08486800000E-03   4.06610700000E-03   4.04377300000E-03
   3.97357800000E-03   3.88553200000E-03   3.78312000000E-03   3.66984100000E-03
   3.42421000000E-03   3.17425700000E-03   2.94317800000E-03   2.75188600000E-03
   2.51360600000E-03   2.30767600000E-03   2.12828900000E-03   1.97090700000E-03
   1.83194100000E-03   1.70851900000E-03   0.00000000000E+00   1.00000000000E+00
   1.04164300000E+00   1.08328600000E+00   1.12493000000E+00   1.16657400000E+00
   1.20821700000E+00   1.24986100000E+00   1.29150400000E+00   1.33314800000E+00
   1.08232400000E+00   7.40863300000E-01   7.42072900000E-01   7.45576600000E-01
   7.63451400000E-01   8.00922100000E-01   7.95109400000E-01   7.97876200000E-01
   7.94427900000E-01   7.62373900000E-01   3.07511200000E+00   5.52690100000E+00
   1.12703100000E+01   1.12543400000E+01   1.14427100000E+01   1.15725100000E+01
   1.14217200000E+01   1.13941300000E+01   1.14826200000E+01   1.16009800000E+01
   1.16900700000E+01   1.17721300000E+01   1.19498900000E+01   1.20865300000E+01
   1.21729500000E+01   1.22221400000E+01   1.22850000000E+01   1.23241900000E+01
   1.23431900000E+01   1.23464500000E+01   1.29643100000E+01   1.41197600000E+01
   1.55914300000E+01   1.67905300000E+01   1.78549700000E+01   1.87953300000E+01
   1.94678400000E+01   2.02304500000E+01   2.07542300000E+01   2.13418200000E+01
   2.22788400000E+01   2.37287300000E+01   2.53762100000E+01   2.72758900000E+01
   2.90041800000E+01   3.03653500000E+01   3.17290800000E+01   3.30062800000E+01
   3.43146900000E+01   3.57759500000E+01   3.72138400000E+01   3.86995400000E+01
   4.01348500000E+01   4.14969900000E+01   4.28351600000E+01   4.42545300000E+01
   4.56684300000E+01   4.70563600000E+01   4.84394900000E+01   4.97916500000E+01
   5.12077800000E+01   5.22655100000E+01   5.33200800000E+01   5.43364300000E+01
   5.53366100000E+01   5.85616800000E+01   6.17584300000E+01   6.49246000000E+01
   6.80610100000E+01   7.67201100000E+01   8.42689200000E+01   9.13640500000E+01
   9.83784700000E+01   1.05562900000E+02   1.12637400000E+02   1.19869400000E+02
   1.27000700000E+02   1.35623700000E+02   1.46225200000E+02                   5
   0.00000000000E+00                   1                   1                  89
   0.00000000000E+00   3.53034900000E-06   9.22549000000E-06   1.88241500000E-05
   3.34745400000E-05   5.45354700000E-05   8.36468700000E-05   1.22825600000E-04
   1.74602400000E-04   2.42222400000E-04   3.29936800000E-04   4.43408500000E-04
   5.90268500000E-04   7.80871200000E-04   1.02927400000E-03   1.35427100000E-03
   1.77956600000E-03   2.33008400000E-03   3.01810100000E-03   3.81690100000E-03
   4.65542900000E-03   5.49672800000E-03   6.43332700000E-03   7.65274300000E-03
   9.35841700000E-03   1.17686800000E-02   1.51653000000E-02   1.99460100000E-02
   2.66562200000E-02   3.59331400000E-02   4.81646900000E-02   6.25376000000E-02
   7.57634000000E-02   8.30053000000E-02   8.26393100000E-02   7.83644100000E-02
   7.49535200000E-02   7.40951000000E-02   7.30316200000E-02   6.73547900000E-02
   4.65602100000E-02   3.08908400000E-02   2.19787000000E-02   1.67194900000E-02
   1.33744000000E-02   1.11075900000E-02   9.49539900000E-03   8.30633500000E-03
   7.40498400000E-03   6.70745900000E-03   5.72338300000E-03   5.09247600000E-03
   4.68062000000E-03   4.41153600000E-03   4.23836200000E-03   4.13065900000E-03
   4.06786200000E-03   4.03569600000E-03   4.02407300000E-03   4.02578500000E-03
   4.03564200000E-03   4.04990400000E-03   4.06587300000E-03   4.08161400000E-03
   4.09575600000E-03   4.10733900000E-03   4.11571300000E-03   4.12045800000E-03
   4.12132400000E-03   4.11818900000E-03   4.11102800000E-03   4.09988800000E-03
   4.08486800000E-03   4.06610700000E-03   4.04377300000E-03   3.97357800000E-03
   3.88553200000E-03   3.78312000000E-03   3.66984100000E-03   3.42421000000E-03
   3.17425700000E-03   2.94317800000E-03   2.75188600000E-03   2.51360600000E-03
   2.30767600000E-03   2.12828900000E-03   1.97090700000E-03   1.83194100000E-03
   1.70851900000E-03                   1                   1                 446
                 516                 586                 587                 588
                 589                 731                 732                 732
                 733                   2                   1               49441
               49532               49623               49624               49625
               49626               49792               49793               49793
               49794                   9                   1               63328
               63400               63472               63473               63474
               63475               63621               63622               63622
               63623                  31                   1              112897
              112953              113009              113010              113011
              113012              113126              113127              113127
              113128                  32                   1              153129
              153181              153233              153234              153235
              153236              153340              153341              153341
              153342                  33                   1              190429
              190481              190533              190534              190535
              190536              190642              190643              190643
              190644                  34                   1              228042
              228119              228196              228197              228198
              228199              228355              228356              228356
              228357                  22                  68   0.00000000000E+00
   6.41163800000E-03   7.63819000000E-03   9.32597200000E-03   1.16695600000E-02
   1.49449700000E-02   1.93745500000E-02   2.52991900000E-02   3.30414100000E-02
   4.26052800000E-02   5.27586200000E-02   6.10070700000E-02   6.41754600000E-02
   6.24934600000E-02   5.86896800000E-02   5.58673200000E-02   5.53018400000E-02
   5.47985100000E-02   5.09029900000E-02   3.79064000000E-02   3.01194300000E-02
   2.49536300000E-02   2.08633800000E-02   1.77331800000E-02   1.52315500000E-02
   1.32173000000E-02   1.15968200000E-02   1.02697900000E-02   9.20354600000E-03
   7.65129300000E-03   6.74809600000E-03   6.34026500000E-03   6.25654200000E-03
   6.29310700000E-03   6.32342300000E-03   6.35910200000E-03   6.37930100000E-03
   6.42156700000E-03   6.52115200000E-03   6.64485000000E-03   6.78716900000E-03
   6.95291100000E-03   7.08724500000E-03   7.25183500000E-03   7.38901200000E-03
   7.52649900000E-03   7.67705600000E-03   7.80314200000E-03   7.93012100000E-03
   7.88256700000E-03   7.99520000000E-03   8.07424000000E-03   8.17533100000E-03
   8.25275800000E-03   8.39211300000E-03   8.46780200000E-03   8.51665100000E-03
   8.50839800000E-03   8.42023200000E-03   8.55338800000E-03   8.33414700000E-03
   8.16856400000E-03   7.78078700000E-03   7.44484700000E-03   7.13421000000E-03
   6.85223900000E-03   6.85171800000E-03   6.59970600000E-03                  22
                  68   0.00000000000E+00   2.18088400000E-01   5.78940800000E-01
   7.94714400000E-01   1.00636600000E+00   1.21444500000E+00   1.40824800000E+00
   1.54180600000E+00   1.65443600000E+00   1.74610800000E+00   1.81268600000E+00
   1.76962400000E+00   1.73699000000E+00   1.73600000000E+00   1.75595900000E+00
   1.77718900000E+00   1.80923000000E+00   1.84867600000E+00   1.89201300000E+00
   1.96488900000E+00   2.26539200000E+00   2.67792400000E+00   2.98724900000E+00
   3.32261900000E+00   3.58989900000E+00   3.85604500000E+00   4.08020900000E+00
   4.33261500000E+00   4.56308900000E+00   4.98943500000E+00   5.36312000000E+00
   5.90915600000E+00   6.45539500000E+00   7.03962700000E+00   7.64960800000E+00
   8.21144700000E+00   8.77343000000E+00   9.33179300000E+00   9.88947300000E+00
   1.04553100000E+01   1.10072600000E+01   1.16048500000E+01   1.21656200000E+01
   1.27948700000E+01   1.33519300000E+01   1.39303000000E+01   1.45569400000E+01
   1.51631500000E+01   1.57981900000E+01   1.63892700000E+01   1.73383100000E+01
   1.82528900000E+01   1.92571600000E+01   2.02477600000E+01   2.20314900000E+01
   2.38464000000E+01   2.56730200000E+01   2.75106800000E+01   2.88513400000E+01
   3.12567700000E+01   3.41568700000E+01   3.71787500000E+01   3.99758300000E+01
   4.29189300000E+01   4.56915900000E+01   4.85277300000E+01   4.99397700000E+01
   4.92383900000E+01                   5                  -1                   1
                   6                   5                   0                  69
   1.00000000000E+00   1.11971000000E+01   1.15000000000E+01   1.20000000000E+01
   1.25000000000E+01   1.30000000000E+01   1.35000000000E+01   1.40000000000E+01
   1.45000000000E+01   1.50000000000E+01   1.55000000000E+01   1.60000000000E+01
   1.65000000000E+01   1.70000000000E+01   1.75000000000E+01   1.80000000000E+01
   1.85000000000E+01   1.90000000000E+01   1.95000000000E+01   2.00000000000E+01
   2.10000000000E+01   2.20000000000E+01   2.30000000000E+01   2.40000000000E+01
   2.50000000000E+01   2.60000000000E+01   2.70000000000E+01   2.80000000000E+01
   2.90000000000E+01   3.00000000000E+01   3.20000000000E+01   3.40000000000E+01
   3.60000000000E+01   3.80000000000E+01   4.00000000000E+01   4.20000000000E+01
   4.40000000000E+01   4.60000000000E+01   4.80000000000E+01   5.00000000000E+01
   5.20000000000E+01   5.40000000000E+01   5.60000000000E+01   5.80000000000E+01
   6.00000000000E+01   6.20000000000E+01   6.40000000000E+01   6.60000000000E+01
   6.80000000000E+01   7.00000000000E+01   7.20000000000E+01   7.40000000000E+01
   7.60000000000E+01   7.80000000000E+01   8.00000000000E+01   8.50000000000E+01
   9.00000000000E+01   9.50000000000E+01   1.00000000000E+02   1.10000000000E+02
   1.20000000000E+02   1.30000000000E+02   1.40000000000E+02   1.50000000000E+02
   1.60000000000E+02   1.70000000000E+02   1.80000000000E+02   1.90000000000E+02
   2.00000000000E+02   0.00000000000E+00   0.00000000000E+00   9.96628600000E-01
   9.98098300000E-01   9.96533100000E-01   9.91577600000E-01   9.85471400000E-01
   9.71349700000E-01   9.49091400000E-01   9.19524700000E-01   8.84575000000E-01
   8.43630400000E-01   8.05231400000E-01   7.73148900000E-01   7.56219500000E-01
   7.48932800000E-01   7.45359500000E-01   7.46363000000E-01   7.50339500000E-01
   7.55744200000E-01   8.14137200000E-01   9.75027900000E-01   1.13535500000E+00
   1.24784800000E+00   1.32590500000E+00   1.37127400000E+00   1.39196900000E+00
   1.39614200000E+00   1.38687500000E+00   1.37213600000E+00   1.33684800000E+00
   1.32511100000E+00   1.35457800000E+00   1.41822300000E+00   1.48479700000E+00
   1.53085100000E+00   1.56325400000E+00   1.58071900000E+00   1.59578800000E+00
   1.61984600000E+00   1.64654100000E+00   1.67588400000E+00   1.71006600000E+00
   1.73638300000E+00   1.77057300000E+00   1.79897800000E+00   1.82872300000E+00
   1.86315600000E+00   1.89335800000E+00   1.92563300000E+00   1.91742000000E+00
   1.95010200000E+00   1.97662200000E+00   2.01060400000E+00   2.04085600000E+00
   2.11197900000E+00   2.17931600000E+00   2.25122400000E+00   2.31846500000E+00
   2.45902900000E+00   2.69461100000E+00   2.83168300000E+00   2.96835100000E+00
   3.09546800000E+00   3.22612300000E+00   3.35208700000E+00   3.47669300000E+00
   3.74014100000E+00   3.86282300000E+00                   0                   1
                   0                   4                  10                   0
                   2   1.00000000000E+00   2.00000000000E+02   1.00000000000E+00
   1.00000000000E+00                   0                  30   1.00000000000E+00
   1.11971000000E+01   1.20000000000E+01   1.40000000000E+01   1.60000000000E+01
   1.80000000000E+01   2.00000000000E+01   2.20000000000E+01   2.40000000000E+01
   2.60000000000E+01   2.80000000000E+01   3.00000000000E+01   3.20000000000E+01
   3.60000000000E+01   4.00000000000E+01   4.40000000000E+01   4.80000000000E+01
   5.00000000000E+01   5.20000000000E+01   5.60000000000E+01   6.00000000000E+01
   7.00000000000E+01   8.00000000000E+01   9.00000000000E+01   1.00000000000E+02
   1.20000000000E+02   1.40000000000E+02   1.60000000000E+02   1.80000000000E+02
   2.00000000000E+02                  72                  83                  94
                 126                 458                 977                1628
                2514                3504                4572                5705
                6903                8153                9455               10822
               12474               14186               15943               17715
               19517               21349               23211               25389
               27618               30147               32714               35614
               38836               42104               45395                   2
                   3   0.00000000000E+00   5.00000000000E-07   1.00000000000E-06
   0.00000000000E+00   2.00000000000E+06   0.00000000000E+00   0.00000000000E+00
   5.00000000000E-01   1.00000000000E+00                   2                   3
   0.00000000000E+00   5.00000000000E-07   1.00000000000E-06   0.00000000000E+00
   2.00000000000E+06   0.00000000000E+00   0.00000000000E+00   5.00000000000E-01
   1.00000000000E+00                   2                  10   0.00000000000E+00
   2.50000000000E-02   1.00000000000E-01   2.00000000000E-01   3.00000000000E-01
   4.00000000000E-01   5.00000000000E-01   6.00000000000E-01   7.00000000000E-01
   8.00000000000E-01   0.00000000000E+00   3.30039000000E-06   1.47868000000E-06
   9.65339000000E-07   5.68349000000E-07   5.49889500000E+00   1.08742000000E-07
   3.09358000000E-08   3.76451000000E-09   9.00220000000E+00   0.00000000000E+00
   4.12548766000E-08   2.20470008000E-07   3.42670963000E-07   4.19355366000E-07
   2.74945208000E-01   5.49889974000E-01   5.49889981000E-01   5.49889983000E-01
   1.00000000000E+00                   2                  30   0.00000000000E+00
   2.50000000000E-02   1.00000000000E-01   2.00000000000E-01   3.00000000000E-01
   4.00000000000E-01   5.00000000000E-01   6.00000000000E-01   7.00000000000E-01
   8.00000000000E-01   9.00000000000E-01   1.00000000000E+00   1.10000000000E+00
   1.20000000000E+00   1.30000000000E+00   1.40000000000E+00   1.50000000000E+00
   1.60000000000E+00   1.70000000000E+00   1.80000000000E+00   1.90000000000E+00
   2.00000000000E+00   2.10000000000E+00   2.20000000000E+00   2.30000000000E+00
   2.40000000000E+00   2.50000000000E+00   2.60000000000E+00   2.70000000000E+00
   2.80000000000E+00   0.00000000000E+00   3.20932000000E-05   2.22104000000E-05
   3.88499200000E-02   9.26646100000E-01   1.92734000000E-05   1.56586700000E-02
   3.17965400000E-03   3.33144800000E-01   2.52242000000E+00   1.12320100000E+00
   6.72480000000E-06   5.41987000000E-06   4.37043000000E-06   3.49820000000E-06
   4.97046900000E-01   5.29716200000E-01   1.59942000000E-06   1.18317000000E-06
   8.56323900000E-07   1.28288700000E+00   4.04569000000E-07   2.50508000000E-07
   1.44994000000E-07   7.81006900000E-08   1.55928400000E+00   1.52514000000E-08
   4.25357000000E-09   5.02503000000E-10   2.33577400000E+00   0.00000000000E+00
   4.01164974000E-07   2.43754984000E-06   1.94604394000E-03   5.02208468000E-02
   9.65541175000E-02   9.73380146000E-02   9.82799307000E-02   1.15096152000E-01
   2.57874383000E-01   4.40155421000E-01   4.96315804000E-01   4.96316411000E-01
   4.96316901000E-01   4.96317294000E-01   5.21169812000E-01   5.72507964000E-01
   5.98993852000E-01   5.98993991000E-01   5.98994093000E-01   6.63138482000E-01
   7.27282848000E-01   7.27282881000E-01   7.27282901000E-01   7.27282912000E-01
   8.05247111000E-01   8.83211306000E-01   8.83211307000E-01   8.83211308000E-01
   1.00000000000E+00                   0                   0                   0
                   0                   0                   0                   0
                   0                   0                   0                   0
                   0                   0                   0                   0
                   0                   0                   0                   0
                   0                   0                   0                   0
                   0                   0                   0                   0
                   0                   0                   0                   0
                   0                   0                   0                   0
                   0                   0                   0                   0
                   0                   0                   0                   0
                   0                   0                   0                   0
                   0                   0                   0                   0
                   0                   0                   0                   0
                   0                   0                   0                   0
                   0                   0                   0                   0
                   0                   0                   0                   0
                   0                   0                   0                   0
                   0                   0                   0                   0
                   0                   0                   0                   0
                   0                   0                   0                   0
                   0                   0                   0                   0
                   0                   0                   0                   0
                   0                   0                   0                   0
                   0                   0                   0                   0
                   0                   0                   0                   0
                   0                   0                   0                   0
                   0                   0                   0                   0
                   0                   0                   0                   0
                   0                   0                   0                   0
                   0                   0                   0                   0
                   0                   0                   0                   0
                   0                   0                   0
