 26057.00u   56.446290  0.0000E+00   06/19/20
Ace Fe57 IAEA-PD                                                         mat2634
      0         0.      0         0.      0         0.      0         0.
      0         0.      0         0.      0         0.      0         0.
      0         0.      0         0.      0         0.      0         0.
      0         0.      0         0.      0         0.      0         0.
   301099    26057       89        1        7        2       12        0
        0        0        0        0        0        0        0        1
        1       90       90        0      179      268      269      270
      271      362      446        0        0        0        0        0
        0        0        0        0        0        0        0        0
        0        0        0        0        0        0        0        0
   9.99999000000E-01   1.00000000000E+00   1.50000000000E+00   2.00000000000E+00
   2.50000000000E+00   3.00000000000E+00   3.50000000000E+00   4.00000000000E+00
   4.50000000000E+00   5.00000000000E+00   5.50000000000E+00   6.00000000000E+00
   6.50000000000E+00   7.00000000000E+00   7.50000000000E+00   8.00000000000E+00
   8.50000000000E+00   9.00000000000E+00   9.50000000000E+00   1.00000000000E+01
   1.05000000000E+01   1.10000000000E+01   1.15000000000E+01   1.20000000000E+01
   1.25000000000E+01   1.30000000000E+01   1.35000000000E+01   1.40000000000E+01
   1.45000000000E+01   1.50000000000E+01   1.55000000000E+01   1.60000000000E+01
   1.65000000000E+01   1.70000000000E+01   1.75000000000E+01   1.80000000000E+01
   1.85000000000E+01   1.90000000000E+01   1.95000000000E+01   2.00000000000E+01
   2.10000000000E+01   2.20000000000E+01   2.30000000000E+01   2.40000000000E+01
   2.50000000000E+01   2.60000000000E+01   2.70000000000E+01   2.80000000000E+01
   2.90000000000E+01   3.00000000000E+01   3.20000000000E+01   3.40000000000E+01
   3.60000000000E+01   3.80000000000E+01   4.00000000000E+01   4.20000000000E+01
   4.40000000000E+01   4.60000000000E+01   4.80000000000E+01   5.00000000000E+01
   5.20000000000E+01   5.40000000000E+01   5.60000000000E+01   5.80000000000E+01
   6.00000000000E+01   6.20000000000E+01   6.40000000000E+01   6.60000000000E+01
   6.80000000000E+01   7.00000000000E+01   7.20000000000E+01   7.40000000000E+01
   7.60000000000E+01   7.80000000000E+01   8.00000000000E+01   8.50000000000E+01
   9.00000000000E+01   9.50000000000E+01   1.00000000000E+02   1.10000000000E+02
   1.20000000000E+02   1.30000000000E+02   1.40000000000E+02   1.50000000000E+02
   1.60000000000E+02   1.70000000000E+02   1.80000000000E+02   1.90000000000E+02
   2.00000000000E+02   0.00000000000E+00   6.74614100000E-06   1.79196900000E-05
   3.70101200000E-05   6.64166300000E-05   1.08948900000E-04   1.67963900000E-04
   2.47549900000E-04   3.52783900000E-04   4.90101400000E-04   6.67826500000E-04
   8.96923100000E-04   1.19204700000E-03   1.57299400000E-03   2.06655400000E-03
   2.70829300000E-03   3.54204100000E-03   4.61029500000E-03   5.92226300000E-03
   7.39937900000E-03   8.87771400000E-03   1.02798100000E-02   1.17743000000E-02
   1.36643000000E-02   1.62214000000E-02   1.96620800000E-02   2.41765700000E-02
   2.99144700000E-02   3.68934400000E-02   4.48381900000E-02   5.30590600000E-02
   6.06107300000E-02   6.68063500000E-02   7.16116300000E-02   7.54149900000E-02
   7.84668300000E-02   8.05992100000E-02   8.13752600000E-02   8.04327300000E-02
   7.77387000000E-02   6.84760900000E-02   5.75230800000E-02   4.75494100000E-02
   3.93934700000E-02   3.29760700000E-02   2.79625200000E-02   2.40200800000E-02
   2.08829500000E-02   1.83533500000E-02   1.62872400000E-02   1.31547100000E-02
   1.09367700000E-02   9.32391500000E-03   8.13022600000E-03   7.23690200000E-03
   6.56380500000E-03   6.05451600000E-03   5.66807500000E-03   5.37412500000E-03
   5.14988000000E-03   4.97809900000E-03   4.84567800000E-03   4.74262900000E-03
   4.66132600000E-03   4.59594300000E-03   4.54202700000E-03   4.49617700000E-03
   4.45580000000E-03   4.41892500000E-03   4.38406100000E-03   4.35008800000E-03
   4.31617500000E-03   4.28171400000E-03   4.24627100000E-03   4.20955000000E-03
   4.11111200000E-03   4.00269500000E-03   3.88512900000E-03   3.76023700000E-03
   3.49806300000E-03   3.23690400000E-03   2.99781200000E-03   2.80075900000E-03
   2.55698100000E-03   2.34664900000E-03   2.16364600000E-03   2.00323500000E-03
   1.86169100000E-03   1.73604500000E-03   0.00000000000E+00   1.00000000000E+00
   9.70240200000E-01   9.40481200000E-01   9.10722200000E-01   8.80963300000E-01
   6.94668000000E-01   4.42205200000E-01   4.68434300000E-01   4.83381800000E-01
   4.91652700000E-01   4.94550500000E-01   6.05751300000E-01   7.15647500000E-01
   8.22058900000E-01   7.47312900000E+00   7.25330200000E+00   7.04960000000E+00
   7.33788800000E+00   7.77966900000E+00   8.02182700000E+00   7.87366300000E+00
   7.75889100000E+00   7.76035100000E+00   7.63609700000E+00   7.62671300000E+00
   7.69479900000E+00   7.80984100000E+00   7.96857100000E+00   8.08721800000E+00
   8.16098300000E+00   8.20090400000E+00   8.28920400000E+00   8.36310400000E+00
   8.43333500000E+00   8.49869200000E+00   8.77740000000E+00   9.11870800000E+00
   9.76286500000E+00   1.05195400000E+01   1.27302900000E+01   1.44873200000E+01
   1.57590900000E+01   1.68375600000E+01   1.75331000000E+01   1.82125900000E+01
   1.86648700000E+01   1.90877400000E+01   1.94974000000E+01   1.99110100000E+01
   2.11362600000E+01   2.27559300000E+01   2.43293500000E+01   2.59321700000E+01
   2.75363800000E+01   2.88101600000E+01   3.01339500000E+01   3.15807200000E+01
   3.30119900000E+01   3.44695200000E+01   3.58697600000E+01   3.72505000000E+01
   3.86324700000E+01   3.99736900000E+01   4.13386700000E+01   4.25090200000E+01
   4.36124500000E+01   4.47445000000E+01   4.61444500000E+01   4.72809800000E+01
   4.85607300000E+01   4.98391100000E+01   5.11372900000E+01   5.23931900000E+01
   5.35886500000E+01   5.68119100000E+01   5.99763600000E+01   6.30393500000E+01
   6.61668800000E+01   7.49327100000E+01   8.22012000000E+01   8.91777300000E+01
   9.60759900000E+01   1.03220100000E+02   1.10225700000E+02   1.17365000000E+02
   1.24455800000E+02   1.31619100000E+02   1.42519200000E+02                   5
   0.00000000000E+00                   1                   1                  89
   0.00000000000E+00   6.74614100000E-06   1.79196900000E-05   3.70101200000E-05
   6.64166300000E-05   1.08948900000E-04   1.67963900000E-04   2.47549900000E-04
   3.52783900000E-04   4.90101400000E-04   6.67826500000E-04   8.96923100000E-04
   1.19204700000E-03   1.57299400000E-03   2.06655400000E-03   2.70829300000E-03
   3.54204100000E-03   4.61029500000E-03   5.92226300000E-03   7.39937900000E-03
   8.87771400000E-03   1.02798100000E-02   1.17743000000E-02   1.36643000000E-02
   1.62214000000E-02   1.96620800000E-02   2.41765700000E-02   2.99144700000E-02
   3.68934400000E-02   4.48381900000E-02   5.30590600000E-02   6.06107300000E-02
   6.68063500000E-02   7.16116300000E-02   7.54149900000E-02   7.84668300000E-02
   8.05992100000E-02   8.13752600000E-02   8.04327300000E-02   7.77387000000E-02
   6.84760900000E-02   5.75230800000E-02   4.75494100000E-02   3.93934700000E-02
   3.29760700000E-02   2.79625200000E-02   2.40200800000E-02   2.08829500000E-02
   1.83533500000E-02   1.62872400000E-02   1.31547100000E-02   1.09367700000E-02
   9.32391500000E-03   8.13022600000E-03   7.23690200000E-03   6.56380500000E-03
   6.05451600000E-03   5.66807500000E-03   5.37412500000E-03   5.14988000000E-03
   4.97809900000E-03   4.84567800000E-03   4.74262900000E-03   4.66132600000E-03
   4.59594300000E-03   4.54202700000E-03   4.49617700000E-03   4.45580000000E-03
   4.41892500000E-03   4.38406100000E-03   4.35008800000E-03   4.31617500000E-03
   4.28171400000E-03   4.24627100000E-03   4.20955000000E-03   4.11111200000E-03
   4.00269500000E-03   3.88512900000E-03   3.76023700000E-03   3.49806300000E-03
   3.23690400000E-03   2.99781200000E-03   2.80075900000E-03   2.55698100000E-03
   2.34664900000E-03   2.16364600000E-03   2.00323500000E-03   1.86169100000E-03
   1.73604500000E-03                   1                   1                 446
                 523                 600                 601                 602
                 603                 759                 760                 760
                 761                   2                   1               54799
               54890               54981               54982               54983
               54984               55158               55159               55159
               55160                   9                   1               68821
               68892               68963               68964               68965
               68966               69110               69111               69111
               69112                  31                   1              118891
              118952              119013              119014              119015
              119016              119140              119141              119141
              119142                  32                   1              162634
              162687              162740              162741              162742
              162743              162851              162852              162852
              162853                  33                   1              202473
              202529              202585              202586              202587
              202588              202700              202701              202701
              202702                  34                   1              243064
              243142              243220              243221              243222
              243223              243379              243380              243380
              243381                  15                  75   0.00000000000E+00
   2.66119000000E-03   3.52687600000E-03   4.60369700000E-03   5.91336000000E-03
   7.38602800000E-03   8.85968400000E-03   1.02624400000E-02   1.17609600000E-02
   1.36505000000E-02   1.62005000000E-02   1.96016300000E-02   2.39793200000E-02
   2.93791900000E-02   3.57250600000E-02   4.27082300000E-02   4.97201300000E-02
   5.60151900000E-02   6.10080300000E-02   6.49494100000E-02   6.79728600000E-02
   7.03243600000E-02   7.18422100000E-02   7.29271900000E-02   7.70605800000E-02
   8.03313600000E-02   8.29886400000E-02   7.66700400000E-02   6.74507900000E-02
   5.76987500000E-02   4.88265100000E-02   4.15755700000E-02   3.55386900000E-02
   3.07509000000E-02   2.68820400000E-02   2.39316200000E-02   2.00476200000E-02
   1.74905300000E-02   1.56501300000E-02   1.41242700000E-02   1.28978900000E-02
   1.18663600000E-02   1.10866400000E-02   1.05566300000E-02   1.02146400000E-02
   9.99442400000E-03   9.86966400000E-03   9.80846600000E-03   9.77066900000E-03
   9.77108100000E-03   9.76197600000E-03   9.77523200000E-03   9.83507700000E-03
   9.88677900000E-03   9.79168800000E-03   9.83147200000E-03   9.89038200000E-03
   9.93914100000E-03   9.97930900000E-03   1.00211000000E-02   1.00865400000E-02
   1.01476200000E-02   1.01639700000E-02   1.01590700000E-02   1.00909300000E-02
   9.86739600000E-03   1.00310800000E-02   9.73731900000E-03   9.50152700000E-03
   9.01926200000E-03   8.60024800000E-03   8.22757300000E-03   7.89072100000E-03
   8.11111000000E-03   7.79993600000E-03                  15                  75
   0.00000000000E+00   3.93043000000E-01   7.21028900000E-01   1.04675800000E+00
   1.37032500000E+00   1.69345600000E+00   1.62876300000E+00   1.56498900000E+00
   1.50149500000E+00   1.43730600000E+00   1.58927900000E+00   1.73853800000E+00
   1.88099700000E+00   2.01237500000E+00   2.07386100000E+00   2.12819500000E+00
   2.18054600000E+00   2.23616800000E+00   2.26387800000E+00   2.30229700000E+00
   2.34150700000E+00   2.38154100000E+00   2.34009900000E+00   2.32415600000E+00
   2.45405500000E+00   2.61385800000E+00   3.00373700000E+00   3.23541400000E+00
   3.56967000000E+00   3.81614300000E+00   4.07970300000E+00   4.31952700000E+00
   4.54740700000E+00   4.77375900000E+00   4.99121100000E+00   5.25071600000E+00
   5.79986600000E+00   6.37371900000E+00   6.99128300000E+00   7.60040500000E+00
   8.17101700000E+00   8.75502100000E+00   9.34040600000E+00   9.90454200000E+00
   1.05204800000E+01   1.11333100000E+01   1.17456100000E+01   1.23743400000E+01
   1.29838800000E+01   1.36187300000E+01   1.42128500000E+01   1.50184300000E+01
   1.58919100000E+01   1.67566800000E+01   1.73696100000E+01   1.82221400000E+01
   1.89284800000E+01   1.96310800000E+01   2.03344500000E+01   2.10613000000E+01
   2.18622100000E+01   2.36938100000E+01   2.55810800000E+01   2.74622800000E+01
   2.93333500000E+01   3.05376900000E+01   3.32241700000E+01   3.62324500000E+01
   3.93142200000E+01   4.22106300000E+01   4.52432300000E+01   4.80960800000E+01
   5.10144200000E+01   5.38524300000E+01   5.28803000000E+01                   5
                  -1                   1                   6                   5
                   0                  76   1.00000000000E+00   7.64607400000E+00
   8.00000000000E+00   8.50000000000E+00   9.00000000000E+00   9.50000000000E+00
   1.00000000000E+01   1.05000000000E+01   1.10000000000E+01   1.15000000000E+01
   1.20000000000E+01   1.25000000000E+01   1.30000000000E+01   1.35000000000E+01
   1.40000000000E+01   1.45000000000E+01   1.50000000000E+01   1.55000000000E+01
   1.60000000000E+01   1.65000000000E+01   1.70000000000E+01   1.75000000000E+01
   1.80000000000E+01   1.85000000000E+01   1.90000000000E+01   1.95000000000E+01
   2.00000000000E+01   2.10000000000E+01   2.20000000000E+01   2.30000000000E+01
   2.40000000000E+01   2.50000000000E+01   2.60000000000E+01   2.70000000000E+01
   2.80000000000E+01   2.90000000000E+01   3.00000000000E+01   3.20000000000E+01
   3.40000000000E+01   3.60000000000E+01   3.80000000000E+01   4.00000000000E+01
   4.20000000000E+01   4.40000000000E+01   4.60000000000E+01   4.80000000000E+01
   5.00000000000E+01   5.20000000000E+01   5.40000000000E+01   5.60000000000E+01
   5.80000000000E+01   6.00000000000E+01   6.20000000000E+01   6.40000000000E+01
   6.60000000000E+01   6.80000000000E+01   7.00000000000E+01   7.20000000000E+01
   7.40000000000E+01   7.60000000000E+01   7.80000000000E+01   8.00000000000E+01
   8.50000000000E+01   9.00000000000E+01   9.50000000000E+01   1.00000000000E+02
   1.10000000000E+02   1.20000000000E+02   1.30000000000E+02   1.40000000000E+02
   1.50000000000E+02   1.60000000000E+02   1.70000000000E+02   1.80000000000E+02
   1.90000000000E+02   2.00000000000E+02   0.00000000000E+00   0.00000000000E+00
   9.82607900000E-01   9.95718600000E-01   9.98568900000E-01   9.98496700000E-01
   9.98195700000E-01   9.97969100000E-01   9.98310300000E-01   9.98867000000E-01
   9.98990100000E-01   9.98711600000E-01   9.96925600000E-01   9.91841300000E-01
   9.82106300000E-01   9.68331000000E-01   9.52496700000E-01   9.37071400000E-01
   9.24179400000E-01   9.13207100000E-01   9.06967300000E-01   9.01317600000E-01
   8.96230400000E-01   8.91351300000E-01   8.96183800000E-01   9.58074900000E-01
   1.03335100000E+00   1.21193600000E+00   1.33285700000E+00   1.41854100000E+00
   1.46467800000E+00   1.48066500000E+00   1.48683200000E+00   1.47954100000E+00
   1.47253600000E+00   1.46469400000E+00   1.46934800000E+00   1.52398800000E+00
   1.59924100000E+00   1.67849300000E+00   1.73725400000E+00   1.78223900000E+00
   1.80784800000E+00   1.83113600000E+00   1.86247200000E+00   1.90070800000E+00
   1.94071000000E+00   1.98261700000E+00   2.02416800000E+00   2.06018000000E+00
   2.09620200000E+00   2.12404200000E+00   2.15217400000E+00   2.18743100000E+00
   2.21885600000E+00   2.21585300000E+00   2.24254900000E+00   2.27360500000E+00
   2.30276600000E+00   2.33068100000E+00   2.35997700000E+00   2.39610900000E+00
   2.46833900000E+00   2.53928200000E+00   2.61486000000E+00   2.68358900000E+00
   2.82081700000E+00   3.09897400000E+00   3.24814200000E+00   3.39248300000E+00
   3.52730900000E+00   3.66490600000E+00   3.80264300000E+00   3.93898900000E+00
   4.35685100000E+00   4.49293400000E+00                   0                   1
                   0                   4                  10                   0
                   2   1.00000000000E+00   2.00000000000E+02   1.00000000000E+00
   1.00000000000E+00                   0                  32   1.00000000000E+00
   7.64607400000E+00   8.00000000000E+00   1.00000000000E+01   1.20000000000E+01
   1.40000000000E+01   1.60000000000E+01   1.80000000000E+01   2.00000000000E+01
   2.20000000000E+01   2.40000000000E+01   2.60000000000E+01   2.80000000000E+01
   3.00000000000E+01   3.20000000000E+01   3.60000000000E+01   4.00000000000E+01
   4.40000000000E+01   4.80000000000E+01   5.00000000000E+01   5.20000000000E+01
   5.60000000000E+01   6.00000000000E+01   7.00000000000E+01   8.00000000000E+01
   9.00000000000E+01   1.00000000000E+02   1.20000000000E+02   1.40000000000E+02
   1.60000000000E+02   1.80000000000E+02   2.00000000000E+02                  76
                  87                  98                 115                 195
                 611                1207                2089                3059
                4106                5408                6762                8168
                9613               11097               12607               14169
               16016               17908               19830               21767
               23719               25701               27698               30012
               32360               35003               37684               40668
               43982               47319               50679                   2
                   3   0.00000000000E+00   5.00000000000E-07   1.00000000000E-06
   0.00000000000E+00   2.00000000000E+06   0.00000000000E+00   0.00000000000E+00
   5.00000000000E-01   1.00000000000E+00                   2                   3
   0.00000000000E+00   5.00000000000E-07   1.00000000000E-06   0.00000000000E+00
   2.00000000000E+06   0.00000000000E+00   0.00000000000E+00   5.00000000000E-01
   1.00000000000E+00                   2                   5   0.00000000000E+00
   1.00000000000E-01   2.00000000000E-01   3.00000000000E-01   4.00000000000E-01
   0.00000000000E+00   3.25301000000E-06   1.20519000000E-06   1.60811000000E-07
   1.99999900000E+01   0.00000000000E+00   1.62650506000E-07   3.85560515000E-07
   4.53860567000E-07   1.00000000000E+00                   2                  26
   0.00000000000E+00   2.50000000000E-02   1.00000000000E-01   2.00000000000E-01
   3.00000000000E-01   4.00000000000E-01   5.00000000000E-01   6.00000000000E-01
   7.00000000000E-01   8.00000000000E-01   9.00000000000E-01   1.00000000000E+00
   1.10000000000E+00   1.20000000000E+00   1.30000000000E+00   1.40000000000E+00
   1.50000000000E+00   1.60000000000E+00   1.70000000000E+00   1.80000000000E+00
   1.90000000000E+00   2.00000000000E+00   2.10000000000E+00   2.20000000000E+00
   2.30000000000E+00   2.40000000000E+00   0.00000000000E+00   2.28730000000E-05
   6.40047000000E-05   6.54978000000E-05   4.97034000000E-02   5.50572000000E-05
   4.95317000000E-05   4.39764000000E-05   3.84609000000E-05   3.31205000000E-05
   2.50271000000E-05   1.33360000000E-05   1.00521000000E-05   7.59697000000E-06
   5.67295000000E-06   4.16531000000E-06   7.69961800000E+00   2.07394000000E-06
   1.37451000000E-06   8.58391000000E-07   4.93966000000E-07   2.52170000000E-07
   1.06333000000E-07   3.15270000000E-08   3.94339000000E-09   4.50050900000E+00
   0.00000000000E+00   2.85912499000E-07   3.54382624000E-06   1.00189512000E-05
   2.49846383000E-03   4.98638669000E-03   4.99161613000E-03   4.99629154000E-03
   5.00041340000E-03   5.00399247000E-03   5.00689985000E-03   5.00881801000E-03
   5.00998741000E-03   5.01086986000E-03   5.01153336000E-03   5.01202527000E-03
   3.89993132000E-01   7.74974135000E-01   7.74974307000E-01   7.74974419000E-01
   7.74974487000E-01   7.74974524000E-01   7.74974542000E-01   7.74974549000E-01
   7.74974550000E-01   1.00000000000E+00                   2                  46
   0.00000000000E+00   2.50000000000E-02   1.00000000000E-01   2.00000000000E-01
   3.00000000000E-01   4.00000000000E-01   5.00000000000E-01   6.00000000000E-01
   7.00000000000E-01   8.00000000000E-01   9.00000000000E-01   1.00000000000E+00
   1.10000000000E+00   1.20000000000E+00   1.30000000000E+00   1.40000000000E+00
   1.50000000000E+00   1.60000000000E+00   1.70000000000E+00   1.80000000000E+00
   1.90000000000E+00   2.00000000000E+00   2.10000000000E+00   2.20000000000E+00
   2.30000000000E+00   2.40000000000E+00   2.50000000000E+00   2.60000000000E+00
   2.70000000000E+00   2.80000000000E+00   2.90000000000E+00   3.00000000000E+00
   3.10000000000E+00   3.20000000000E+00   3.30000000000E+00   3.40000000000E+00
   3.50000000000E+00   3.60000000000E+00   3.70000000000E+00   3.80000000000E+00
   3.90000000000E+00   4.00000000000E+00   4.10000000000E+00   4.20000000000E+00
   4.30000000000E+00   4.40000000000E+00   0.00000000000E+00   6.25341600000E-02
   2.50061600000E-01   2.47403600000E-02   3.01551900000E-01   1.10478000000E-04
   4.75895000000E-01   8.48121400000E-01   8.09878100000E-01   5.16929300000E-01
   1.02101700000E+00   6.59557300000E-01   6.06859000000E-05   1.03792000000E+00
   4.93136000000E-05   1.27590200000E+00   3.98076000000E-05   3.56079000000E-05
   9.78851000000E-01   2.81690000000E-05   2.42156000000E-05   2.10847000000E-05
   1.82817000000E-05   1.54439000000E-05   2.27348500000E-01   1.10277000000E-05
   9.28121000000E-06   7.72923000000E-06   6.38332000000E-06   4.99881000000E-06
   3.97544000000E-06   3.11309000000E-06   2.28227000000E-06   1.68273000000E-06
   1.20536000000E-06   8.63420000000E-07   1.30150100000E+00   3.84728000000E-07
   2.38588000000E-07   1.38727000000E-07   6.70771000000E-08   3.16300000000E-08
   1.26020000000E-08   3.51636000000E-09   4.16576000000E-10   5.40519300000E-01
   0.00000000000E+00   7.81677000000E-04   1.25040180000E-02   2.62441160000E-02
   4.25587290000E-02   5.76418479000E-02   8.14421218000E-02   1.47642942000E-01
   2.30542917000E-01   2.96883287000E-01   3.73780602000E-01   4.57809317000E-01
   4.90790216000E-01   5.42689251000E-01   5.94587716000E-01   6.58385282000E-01
   7.22182372000E-01   7.22186143000E-01   7.71130473000E-01   8.20074432000E-01
   8.20077051000E-01   8.20079316000E-01   8.20081285000E-01   8.20082971000E-01
   8.31451168000E-01   8.42819144000E-01   8.42820160000E-01   8.42821010000E-01
   8.42821716000E-01   8.42822285000E-01   8.42822734000E-01   8.42823088000E-01
   8.42823358000E-01   8.42823556000E-01   8.42823701000E-01   8.42823804000E-01
   9.07898897000E-01   9.72973967000E-01   9.72973998000E-01   9.72974017000E-01
   9.72974027000E-01   9.72974032000E-01   9.72974034000E-01   9.72974035000E-01
   9.72974035000E-01   1.00000000000E+00                   0                   0
                   0                   0                   0                   0
                   0                   0                   0                   0
                   0                   0                   0                   0
                   0                   0                   0                   0
                   0                   0                   0                   0
                   0                   0                   0                   0
                   0                   0                   0                   0
                   0                   0                   0                   0
                   0                   0                   0                   0
                   0                   0                   0                   0
                   0                   0                   0                   0
                   0                   0                   0                   0
                   0                   0                   0                   0
                   0                   0                   0                   0
                   0                   0                   0                   0
                   0                   0                   0                   0
                   0                   0                   0                   0
                   0                   0                   0                   0
                   0                   0                   0                   0
                   0                   0                   0                   0
                   0                   0                   0                   0
                   0                   0                   0                   0
                   0                   0                   0                   0
                   0                   0                   0                   0
                   0                   0                   0                   0
                   0                   0                   0                   0
                   0                   0                   0                   0
                   0                   0                   0                   0
                   0                   0                   0                   0
                   0                   0                   0                   0
                   0                   0                   0                   0
                   0                   0                   0                   0
                   0                   0
