 64156.00u  154.582700  0.0000E+00   02/26/20
Ace Gd156 IAEA-PD                                                        mat6437
      0         0.      0         0.      0         0.      0         0.
      0         0.      0         0.      0         0.      0         0.
      0         0.      0         0.      0         0.      0         0.
      0         0.      0         0.      0         0.      0         0.
   331362    64156       89        1        7        2       12        0
        0        0        0        0        0        0        0        1
        1       90       90        0      179      268      269      270
      271      362      446        0        0        0        0        0
        0        0        0        0        0        0        0        0
        0        0        0        0        0        0        0        0
   9.99999000000E-01   1.00000000000E+00   1.50000000000E+00   2.00000000000E+00
   2.50000000000E+00   3.00000000000E+00   3.50000000000E+00   4.00000000000E+00
   4.50000000000E+00   5.00000000000E+00   5.50000000000E+00   6.00000000000E+00
   6.50000000000E+00   7.00000000000E+00   7.50000000000E+00   8.00000000000E+00
   8.50000000000E+00   9.00000000000E+00   9.50000000000E+00   1.00000000000E+01
   1.05000000000E+01   1.10000000000E+01   1.15000000000E+01   1.20000000000E+01
   1.25000000000E+01   1.30000000000E+01   1.35000000000E+01   1.40000000000E+01
   1.45000000000E+01   1.50000000000E+01   1.55000000000E+01   1.60000000000E+01
   1.65000000000E+01   1.70000000000E+01   1.75000000000E+01   1.80000000000E+01
   1.85000000000E+01   1.90000000000E+01   1.95000000000E+01   2.00000000000E+01
   2.10000000000E+01   2.20000000000E+01   2.30000000000E+01   2.40000000000E+01
   2.50000000000E+01   2.60000000000E+01   2.70000000000E+01   2.80000000000E+01
   2.90000000000E+01   3.00000000000E+01   3.20000000000E+01   3.40000000000E+01
   3.60000000000E+01   3.80000000000E+01   4.00000000000E+01   4.20000000000E+01
   4.40000000000E+01   4.60000000000E+01   4.80000000000E+01   5.00000000000E+01
   5.20000000000E+01   5.40000000000E+01   5.60000000000E+01   5.80000000000E+01
   6.00000000000E+01   6.20000000000E+01   6.40000000000E+01   6.60000000000E+01
   6.80000000000E+01   7.00000000000E+01   7.20000000000E+01   7.40000000000E+01
   7.60000000000E+01   7.80000000000E+01   8.00000000000E+01   8.50000000000E+01
   9.00000000000E+01   9.50000000000E+01   1.00000000000E+02   1.10000000000E+02
   1.20000000000E+02   1.30000000000E+02   1.40000000000E+02   1.50000000000E+02
   1.60000000000E+02   1.70000000000E+02   1.80000000000E+02   1.90000000000E+02
   2.00000000000E+02   0.00000000000E+00   1.77206200000E-05   5.02052400000E-05
   1.09072400000E-04   2.04374100000E-04   3.48754000000E-04   5.58574100000E-04
   8.55503500000E-04   1.26873000000E-03   1.83780300000E-03   2.61540100000E-03
   3.66738600000E-03   5.06549600000E-03   6.87751200000E-03   9.19753500000E-03
   1.22570000000E-02   1.65337400000E-02   2.28106000000E-02   3.23358600000E-02
   4.72271200000E-02   7.11940400000E-02   1.10331800000E-01   1.71067000000E-01
   2.43859100000E-01   2.81661600000E-01   2.63794600000E-01   2.37825700000E-01
   2.38295100000E-01   2.68903000000E-01   3.06083700000E-01   3.04537000000E-01
   2.56936600000E-01   1.99041200000E-01   1.52326900000E-01   1.18888900000E-01
   9.53843000000E-02   7.85913400000E-02   6.62785400000E-02   5.70059600000E-02
   4.98486100000E-02   3.94144300000E-02   3.24168600000E-02   2.74652300000E-02
   2.38179500000E-02   2.10492800000E-02   1.88994700000E-02   1.72018100000E-02
   1.58446100000E-02   1.47502000000E-02   1.38627700000E-02   1.25537600000E-02
   1.16904400000E-02   1.11321600000E-02   1.07861800000E-02   1.05886300000E-02
   1.04942800000E-02   1.04705300000E-02   1.04937200000E-02   1.05465700000E-02
   1.06164700000E-02   1.06942300000E-02   1.07732200000E-02   1.08486600000E-02
   1.09172000000E-02   1.09765100000E-02   1.10250500000E-02   1.10618700000E-02
   1.10864400000E-02   1.10985600000E-02   1.10982800000E-02   1.10858200000E-02
   1.10615300000E-02   1.10258700000E-02   1.09793700000E-02   1.09225900000E-02
   1.07397500000E-02   1.05064800000E-02   1.02329000000E-02   9.92891900000E-03
   9.26743200000E-03   8.59275300000E-03   7.96836700000E-03   7.45127600000E-03
   6.80652500000E-03   6.24921300000E-03   5.76367000000E-03   5.33764500000E-03
   4.96143900000E-03   4.62729100000E-03   0.00000000000E+00   1.00000000000E+00
   5.77071200000E-01   1.54142900000E-01   2.19990700000E-01   2.48152600000E-01
   2.58050700000E-01   2.30607800000E-01   2.65057800000E-01   2.57679400000E-01
   2.14477200000E-01   1.46198800000E-01   1.33499200000E-01   1.19243100000E-01
   1.04033000000E-01   8.72393200000E-02   1.76791700000E+00   7.48020600000E+00
   7.85332300000E+00   8.43242100000E+00   8.49609200000E+00   8.52359600000E+00
   8.53069200000E+00   8.51511700000E+00   8.57371200000E+00   8.60539400000E+00
   8.60602800000E+00   8.57307600000E+00   8.76709500000E+00   8.94902600000E+00
   9.72173000000E+00   1.08990400000E+01   1.20018500000E+01   1.27203500000E+01
   1.32684400000E+01   1.37847100000E+01   1.39511300000E+01   1.40977000000E+01
   1.42267300000E+01   1.43394600000E+01   1.44810200000E+01   1.45487300000E+01
   1.46172700000E+01   1.46514500000E+01   1.54319300000E+01   1.68264900000E+01
   1.85214700000E+01   1.98600400000E+01   2.05671500000E+01   2.12137800000E+01
   2.19375300000E+01   2.34242100000E+01   2.48353500000E+01   2.59413100000E+01
   2.70070000000E+01   2.79674400000E+01   2.90520000000E+01   3.05286200000E+01
   3.19887500000E+01   3.32436300000E+01   3.44500100000E+01   3.56681200000E+01
   3.68283500000E+01   3.79320000000E+01   3.90563400000E+01   4.02026300000E+01
   4.13424400000E+01   4.25645700000E+01   4.37629000000E+01   4.49625800000E+01
   4.61644000000E+01   4.73519600000E+01   4.84769400000E+01   4.95786800000E+01
   5.06733100000E+01   5.34320300000E+01   5.61909900000E+01   5.90378700000E+01
   6.18010400000E+01   6.72925300000E+01   7.27688600000E+01   7.84773800000E+01
   8.40617800000E+01   9.01149000000E+01   9.55091400000E+01   1.01377700000E+02
   1.07184200000E+02   1.13064200000E+02   1.18938200000E+02                   5
   0.00000000000E+00                   1                   1                  89
   0.00000000000E+00   1.77206200000E-05   5.02052400000E-05   1.09072400000E-04
   2.04374100000E-04   3.48754000000E-04   5.58574100000E-04   8.55503500000E-04
   1.26873000000E-03   1.83780300000E-03   2.61540100000E-03   3.66738600000E-03
   5.06549600000E-03   6.87751200000E-03   9.19753500000E-03   1.22570000000E-02
   1.65337400000E-02   2.28106000000E-02   3.23358600000E-02   4.72271200000E-02
   7.11940400000E-02   1.10331800000E-01   1.71067000000E-01   2.43859100000E-01
   2.81661600000E-01   2.63794600000E-01   2.37825700000E-01   2.38295100000E-01
   2.68903000000E-01   3.06083700000E-01   3.04537000000E-01   2.56936600000E-01
   1.99041200000E-01   1.52326900000E-01   1.18888900000E-01   9.53843000000E-02
   7.85913400000E-02   6.62785400000E-02   5.70059600000E-02   4.98486100000E-02
   3.94144300000E-02   3.24168600000E-02   2.74652300000E-02   2.38179500000E-02
   2.10492800000E-02   1.88994700000E-02   1.72018100000E-02   1.58446100000E-02
   1.47502000000E-02   1.38627700000E-02   1.25537600000E-02   1.16904400000E-02
   1.11321600000E-02   1.07861800000E-02   1.05886300000E-02   1.04942800000E-02
   1.04705300000E-02   1.04937200000E-02   1.05465700000E-02   1.06164700000E-02
   1.06942300000E-02   1.07732200000E-02   1.08486600000E-02   1.09172000000E-02
   1.09765100000E-02   1.10250500000E-02   1.10618700000E-02   1.10864400000E-02
   1.10985600000E-02   1.10982800000E-02   1.10858200000E-02   1.10615300000E-02
   1.10258700000E-02   1.09793700000E-02   1.09225900000E-02   1.07397500000E-02
   1.05064800000E-02   1.02329000000E-02   9.92891900000E-03   9.26743200000E-03
   8.59275300000E-03   7.96836700000E-03   7.45127600000E-03   6.80652500000E-03
   6.24921300000E-03   5.76367000000E-03   5.33764500000E-03   4.96143900000E-03
   4.62729100000E-03                   1                   1                 446
                 521                 596                 597                 598
                 599                 751                 752                 752
                 753                   2                   1               54200
               54291               54382               54383               54384
               54385               54563               54564               54564
               54565                   9                   1               68284
               68360               68436               68437               68438
               68439               68593               68594               68594
               68595                  31                   1              123194
              123258              123322              123323              123324
              123325              123455              123456              123456
              123457                  32                   1              169283
              169347              169411              169412              169413
              169414              169544              169545              169545
              169546                  33                   1              216363
              216422              216481              216482              216483
              216484              216610              216611              216611
              216612                  34                   1              261437
              261526              261615              261616              261617
              261618              261796              261797              261797
              261798                  17                  73   0.00000000000E+00
   2.18463800000E-02   3.16148700000E-02   4.63419000000E-02   6.99968400000E-02
   1.08763400000E-01   1.69134700000E-01   2.41776200000E-01   2.79912500000E-01
   2.62638900000E-01   2.37105400000E-01   2.37800200000E-01   2.68517400000E-01
   3.05773400000E-01   3.45321500000E-01   3.48712300000E-01   3.05094100000E-01
   2.52494300000E-01   2.07543000000E-01   1.71928900000E-01   1.44434600000E-01
   1.23209700000E-01   1.06953300000E-01   9.40914900000E-02   7.49714100000E-02
   6.18848600000E-02   5.25247300000E-02   4.55709600000E-02   4.10881700000E-02
   4.02894600000E-02   3.99322000000E-02   3.88337000000E-02   3.72768200000E-02
   3.56586300000E-02   3.28713600000E-02   3.22323700000E-02   3.28214500000E-02
   3.32469700000E-02   3.34721100000E-02   3.36945900000E-02   3.45737400000E-02
   3.59612400000E-02   3.72740400000E-02   3.85228800000E-02   3.97645100000E-02
   4.10715800000E-02   4.24182300000E-02   4.37391400000E-02   4.48832300000E-02
   4.59731700000E-02   4.70821000000E-02   4.81490700000E-02   4.91590400000E-02
   5.01102100000E-02   5.09340000000E-02   5.17006000000E-02   5.24423500000E-02
   5.31130000000E-02   5.37008800000E-02   5.48200100000E-02   5.56487500000E-02
   5.61044000000E-02   5.62204100000E-02   5.55769800000E-02   5.41832500000E-02
   5.26638000000E-02   5.13841100000E-02   4.88514800000E-02   4.70257800000E-02
   4.49692400000E-02   4.30630200000E-02   4.14172600000E-02   3.98168100000E-02
                  17                  73   0.00000000000E+00   2.32526700000E-01
   4.93362500000E-01   7.52072000000E-01   8.06988200000E-01   8.62702700000E-01
   9.18996500000E-01   9.75444800000E-01   9.90877200000E-01   1.00586300000E+00
   1.02041000000E+00   1.03457800000E+00   1.01454500000E+00   9.94264200000E-01
   1.10505800000E+00   1.29451100000E+00   1.51809600000E+00   1.70229400000E+00
   1.85663300000E+00   1.98297400000E+00   2.12541800000E+00   2.25470200000E+00
   2.38134100000E+00   2.50217500000E+00   2.69368200000E+00   2.87625300000E+00
   3.07080000000E+00   3.26178700000E+00   3.40119600000E+00   3.79464800000E+00
   4.23585700000E+00   4.58164800000E+00   4.94267500000E+00   5.25307600000E+00
   5.86069800000E+00   6.45153700000E+00   7.19872200000E+00   7.94305600000E+00
   8.57380300000E+00   9.16017900000E+00   9.88513400000E+00   1.06653900000E+01
   1.14183300000E+01   1.21636200000E+01   1.29112700000E+01   1.36622000000E+01
   1.44472100000E+01   1.52462200000E+01   1.60122400000E+01   1.67684400000E+01
   1.75644300000E+01   1.83805000000E+01   1.92124700000E+01   2.00606700000E+01
   2.08586000000E+01   2.16719500000E+01   2.25148800000E+01   2.33681600000E+01
   2.42260600000E+01   2.62754100000E+01   2.84305800000E+01   3.05177100000E+01
   3.26407200000E+01   3.67984000000E+01   4.10352000000E+01   4.51023700000E+01
   4.92437800000E+01   5.28947500000E+01   5.71819100000E+01   6.10956900000E+01
   6.50450900000E+01   6.89480200000E+01   7.27660600000E+01                   5
                  -1                   1                   6                   5
                   0                  74   1.00000000000E+00   8.53635100000E+00
   9.00000000000E+00   9.50000000000E+00   1.00000000000E+01   1.05000000000E+01
   1.10000000000E+01   1.15000000000E+01   1.20000000000E+01   1.25000000000E+01
   1.30000000000E+01   1.35000000000E+01   1.40000000000E+01   1.45000000000E+01
   1.50000000000E+01   1.55000000000E+01   1.60000000000E+01   1.65000000000E+01
   1.70000000000E+01   1.75000000000E+01   1.80000000000E+01   1.85000000000E+01
   1.90000000000E+01   1.95000000000E+01   2.00000000000E+01   2.10000000000E+01
   2.20000000000E+01   2.30000000000E+01   2.40000000000E+01   2.50000000000E+01
   2.60000000000E+01   2.70000000000E+01   2.80000000000E+01   2.90000000000E+01
   3.00000000000E+01   3.20000000000E+01   3.40000000000E+01   3.60000000000E+01
   3.80000000000E+01   4.00000000000E+01   4.20000000000E+01   4.40000000000E+01
   4.60000000000E+01   4.80000000000E+01   5.00000000000E+01   5.20000000000E+01
   5.40000000000E+01   5.60000000000E+01   5.80000000000E+01   6.00000000000E+01
   6.20000000000E+01   6.40000000000E+01   6.60000000000E+01   6.80000000000E+01
   7.00000000000E+01   7.20000000000E+01   7.40000000000E+01   7.60000000000E+01
   7.80000000000E+01   8.00000000000E+01   8.50000000000E+01   9.00000000000E+01
   9.50000000000E+01   1.00000000000E+02   1.10000000000E+02   1.20000000000E+02
   1.30000000000E+02   1.40000000000E+02   1.50000000000E+02   1.60000000000E+02
   1.70000000000E+02   1.80000000000E+02   1.90000000000E+02   2.00000000000E+02
   0.00000000000E+00   0.00000000000E+00   9.57729300000E-01   9.77703100000E-01
   9.81256100000E-01   9.83184000000E-01   9.85784700000E-01   9.88704400000E-01
   9.91458600000E-01   9.93790100000E-01   9.95618900000E-01   9.96971300000E-01
   9.97923200000E-01   9.98566000000E-01   9.98986200000E-01   1.13392300000E+00
   1.35719200000E+00   1.53281900000E+00   1.65758200000E+00   1.74568900000E+00
   1.80248600000E+00   1.83779300000E+00   1.85896800000E+00   1.87617800000E+00
   1.88754500000E+00   1.90213100000E+00   1.90903300000E+00   1.91240800000E+00
   1.91330300000E+00   1.95199900000E+00   2.13177700000E+00   2.32139500000E+00
   2.45090900000E+00   2.52720800000E+00   2.57225900000E+00   2.61844700000E+00
   2.75715600000E+00   2.94834500000E+00   3.08236700000E+00   3.16113700000E+00
   3.21075800000E+00   3.30200500000E+00   3.42693000000E+00   3.53423300000E+00
   3.62859600000E+00   3.71831400000E+00   3.81237700000E+00   3.90999700000E+00
   4.00644300000E+00   4.08902600000E+00   4.16988300000E+00   4.25625100000E+00
   4.34306000000E+00   4.42931700000E+00   4.51513300000E+00   4.59451800000E+00
   4.67391000000E+00   4.75630000000E+00   4.83752700000E+00   4.91649700000E+00
   5.10440300000E+00   5.29661200000E+00   5.48274700000E+00   5.66228900000E+00
   5.99702100000E+00   6.30569200000E+00   6.60910800000E+00   6.89601500000E+00
   7.17715400000E+00   7.52507200000E+00   7.80218900000E+00   8.06779400000E+00
   8.34783200000E+00   8.60477800000E+00                   0                   1
                   0                   4                  10                   0
                   2   1.00000000000E+00   2.00000000000E+02   1.00000000000E+00
   1.00000000000E+00                   0                  31   1.00000000000E+00
   8.53635100000E+00   1.00000000000E+01   1.20000000000E+01   1.40000000000E+01
   1.60000000000E+01   1.80000000000E+01   2.00000000000E+01   2.20000000000E+01
   2.40000000000E+01   2.60000000000E+01   2.80000000000E+01   3.00000000000E+01
   3.20000000000E+01   3.60000000000E+01   4.00000000000E+01   4.40000000000E+01
   4.80000000000E+01   5.00000000000E+01   5.20000000000E+01   5.60000000000E+01
   6.00000000000E+01   7.00000000000E+01   8.00000000000E+01   9.00000000000E+01
   1.00000000000E+02   1.20000000000E+02   1.40000000000E+02   1.60000000000E+02
   1.80000000000E+02   2.00000000000E+02                  74                  97
                 120                 241                 576                1205
                1999                2892                3862                4898
                6239                7632                9077               10535
               12045               13594               15441               17333
               19255               21177               23129               25096
               27078               29375               31706               34368
               37049               40054               43368               46705
               50065                   2                   3   0.00000000000E+00
   5.00000000000E-07   1.00000000000E-06   0.00000000000E+00   2.00000000000E+06
   0.00000000000E+00   0.00000000000E+00   5.00000000000E-01   1.00000000000E+00
                   0                   0                   0                   0
                   0                   0                   0                   0
                   0                   0                   0                   0
                   2                   3   0.00000000000E+00   5.00000000000E-07
   1.00000000000E-06   0.00000000000E+00   2.00000000000E+06   0.00000000000E+00
   0.00000000000E+00   5.00000000000E-01   1.00000000000E+00                   0
                   0                   0                   0                   0
                   0                   0                   0                   0
                   0                   0                   0                   2
                  17   0.00000000000E+00   2.50000000000E-02   1.00000000000E-01
   2.00000000000E-01   3.00000000000E-01   4.00000000000E-01   5.00000000000E-01
   6.00000000000E-01   7.00000000000E-01   8.00000000000E-01   9.00000000000E-01
   1.00000000000E+00   1.10000000000E+00   1.20000000000E+00   1.30000000000E+00
   1.40000000000E+00   1.50000000000E+00   0.00000000000E+00   1.32633800000E-01
   5.28309200000E-01   5.59197800000E-01   6.00943200000E-01   6.56279500000E-01
   7.04881100000E-01   7.29171700000E-01   7.22863300000E-01   9.77374500000E-01
   1.08800100000E+00   1.23470200000E+00   6.17457100000E-01   6.30205600000E-01
   1.94931800000E-01   5.18562200000E-01   4.73683500000E-01   0.00000000000E+00
   1.65792250000E-03   2.64432850000E-02   8.08186350000E-02   1.38825685000E-01
   2.01686820000E-01   2.69744850000E-01   3.41447490000E-01   4.14049240000E-01
   4.99061130000E-01   6.02329905000E-01   7.18465055000E-01   8.11073010000E-01
   8.73456145000E-01   9.14713015000E-01   9.50387715000E-01   1.00000000000E+00
                   0                   0                   0                   0
                   0                   0                   0                   0
                   0                   0                   0                   0
                   0                   0                   0                   0
                   0                   0                   0                   0
                   0                   0                   0                   0
                   0                   0                   0                   0
                   0                   0                   0                   0
                   0                   0                   0                   0
                   0                   0                   0                   0
                   0                   0                   0                   0
                   0                   0                   0                   0
                   0                   0                   0                   0
                   0                   0                   0                   0
                   0                   0                   0                   0
                   0                   0                   0                   0
                   0                   0                   0                   0
                   2   3.70000000000E+01   0.00000000000E+00   2.50000000000E-02
   1.00000000000E-01                   0                   0                   0
                   1   6.00000000000E-01                   1                   1
   9.00000000000E-01                   1                   1                   1
                   1                   1                   2                   2
                   2                   2                   2                   2
   2.10000000000E+00   2.20000000000E+00   2.30000000000E+00   2.40000000000E+00
                   3                   3   2.70000000000E+00   2.80000000000E+00
   2.90000000000E+00                   3                   3                   3
   3.30000000000E+00   3.40000000000E+00   3.50000000000E+00   0.00000000000E+00
   1.27832000000E-01   5.06708700000E-01   5.38482200000E-01   5.81444300000E-01
   6.38383600000E-01   6.88837400000E-01   7.14962300000E-01   7.10181700000E-01
   6.78453800000E-01   6.28400600000E-01   5.68691500000E-01   5.06083700000E-01
   4.45081500000E-01   3.88294200000E-01   3.36968700000E-01   2.91468800000E-01
   2.51635900000E-01   2.17035600000E-01   1.87113000000E-01   1.61284900000E-01
   1.38991300000E-01   1.19720400000E-01   1.03019700000E-01   8.84978100000E-02
   7.58213300000E-02   6.47095900000E-02   5.54163400000E-02   4.77351700000E-02
   4.70348500000E-02   4.72332500000E-02   5.82316200000E-02   3.51485900000E-02
   3.05089100000E-02   1.46833200000E-02   2.59097900000E-02   1.44963900000E-02
   0.00000000000E+00   1.59790000000E-03   2.53931763000E-02   7.76527214000E-02
   1.33649047000E-01   1.94640442000E-01   2.61001492000E-01   3.31191477000E-01
   4.02448677000E-01   4.71880452000E-01   5.37223172000E-01   5.97077778000E-01
   6.50816538000E-01   6.98374798000E-01   7.40043583000E-01   7.76306728000E-01
   8.07728603000E-01   8.34883838000E-01   8.58317413000E-01   8.78524843000E-01
   8.95944738000E-01   9.10958548000E-01   9.23894133000E-01   9.35031138000E-01
   9.44607014000E-01   9.52822971000E-01   9.59849517000E-01   9.65855813000E-01
   9.71013389000E-01   9.75751890000E-01   9.80465295000E-01   9.85738538000E-01
   9.90407549000E-01   9.93690424000E-01   9.95950036000E-01   9.97979691000E-01
   1.00000000000E+00   0.00000000000E+00   0.00000000000E+00   0.00000000000E+00
   0.00000000000E+00   0.00000000000E+00   0.00000000000E+00   0.00000000000E+00
   0.00000000000E+00   0.00000000000E+00   0.00000000000E+00   0.00000000000E+00
   0.00000000000E+00   0.00000000000E+00   0.00000000000E+00   0.00000000000E+00
   0.00000000000E+00   0.00000000000E+00   0.00000000000E+00   0.00000000000E+00
   0.00000000000E+00   0.00000000000E+00   0.00000000000E+00                   0
                   0                   0                   0                   0
                   0                   0                   0                   0
                   0                   0                   0                   0
                   0                   0                   0                   0
                   0                   0                   0                   0
                   0                   0                   0                   0
                   0                   0
