 64157.00u  155.575900  0.0000E+00   05/27/20
Ace Gd157 IAEA-PD                                                        mat6440
      0         0.      0         0.      0         0.      0         0.
      0         0.      0         0.      0         0.      0         0.
      0         0.      0         0.      0         0.      0         0.
      0         0.      0         0.      0         0.      0         0.
   338730    64157       89        1        7        2       12        0
        0        0        0        0        0        0        0        1
        1       90       90        0      179      268      269      270
      271      362      446        0        0        0        0        0
        0        0        0        0        0        0        0        0
        0        0        0        0        0        0        0        0
   9.99999000000E-01   1.00000000000E+00   1.50000000000E+00   2.00000000000E+00
   2.50000000000E+00   3.00000000000E+00   3.50000000000E+00   4.00000000000E+00
   4.50000000000E+00   5.00000000000E+00   5.50000000000E+00   6.00000000000E+00
   6.50000000000E+00   7.00000000000E+00   7.50000000000E+00   8.00000000000E+00
   8.50000000000E+00   9.00000000000E+00   9.50000000000E+00   1.00000000000E+01
   1.05000000000E+01   1.10000000000E+01   1.15000000000E+01   1.20000000000E+01
   1.25000000000E+01   1.30000000000E+01   1.35000000000E+01   1.40000000000E+01
   1.45000000000E+01   1.50000000000E+01   1.55000000000E+01   1.60000000000E+01
   1.65000000000E+01   1.70000000000E+01   1.75000000000E+01   1.80000000000E+01
   1.85000000000E+01   1.90000000000E+01   1.95000000000E+01   2.00000000000E+01
   2.10000000000E+01   2.20000000000E+01   2.30000000000E+01   2.40000000000E+01
   2.50000000000E+01   2.60000000000E+01   2.70000000000E+01   2.80000000000E+01
   2.90000000000E+01   3.00000000000E+01   3.20000000000E+01   3.40000000000E+01
   3.60000000000E+01   3.80000000000E+01   4.00000000000E+01   4.20000000000E+01
   4.40000000000E+01   4.60000000000E+01   4.80000000000E+01   5.00000000000E+01
   5.20000000000E+01   5.40000000000E+01   5.60000000000E+01   5.80000000000E+01
   6.00000000000E+01   6.20000000000E+01   6.40000000000E+01   6.60000000000E+01
   6.80000000000E+01   7.00000000000E+01   7.20000000000E+01   7.40000000000E+01
   7.60000000000E+01   7.80000000000E+01   8.00000000000E+01   8.50000000000E+01
   9.00000000000E+01   9.50000000000E+01   1.00000000000E+02   1.10000000000E+02
   1.20000000000E+02   1.30000000000E+02   1.40000000000E+02   1.50000000000E+02
   1.60000000000E+02   1.70000000000E+02   1.80000000000E+02   1.90000000000E+02
   2.00000000000E+02   0.00000000000E+00   2.06227700000E-05   5.84151600000E-05
   1.27015500000E-04   2.38410300000E-04   4.07901500000E-04   6.55621800000E-04
   1.00873200000E-03   1.50459800000E-03   2.19515100000E-03   3.15196300000E-03
   4.46973000000E-03   6.26507300000E-03   8.68450200000E-03   1.19904400000E-02
   1.67606100000E-02   2.37094600000E-02   3.21365000000E-02   4.20384400000E-02
   5.79757500000E-02   8.52381600000E-02   1.30202700000E-01   1.96737200000E-01
   2.65698200000E-01   2.87562600000E-01   2.59090700000E-01   2.28476400000E-01
   2.22519500000E-01   2.43707900000E-01   2.75313000000E-01   2.80762000000E-01
   2.45179000000E-01   1.94507800000E-01   1.50749200000E-01   1.18420200000E-01
   9.53513100000E-02   7.87446300000E-02   6.65173200000E-02   5.72846300000E-02
   5.01441800000E-02   3.97098400000E-02   3.26931200000E-02   2.77157900000E-02
   2.40415700000E-02   2.12471600000E-02   1.90739300000E-02   1.73555900000E-02
   1.59805100000E-02   1.48708600000E-02   1.39706000000E-02   1.26420000000E-02
   1.17653600000E-02   1.11981700000E-02   1.08463100000E-02   1.06449200000E-02
   1.05480800000E-02   1.05227700000E-02   1.05450000000E-02   1.05973000000E-02
   1.06669100000E-02   1.07445500000E-02   1.08235100000E-02   1.08989900000E-02
   1.09675800000E-02   1.10269500000E-02   1.10755300000E-02   1.11123700000E-02
   1.11369200000E-02   1.11489800000E-02   1.11486000000E-02   1.11359900000E-02
   1.11115200000E-02   1.10756400000E-02   1.10288700000E-02   1.09717900000E-02
   1.07880200000E-02   1.05536300000E-02   1.02787600000E-02   9.97337800000E-03
   9.30887000000E-03   8.63113500000E-03   8.00393300000E-03   7.48451300000E-03
   6.83687400000E-03   6.27707000000E-03   5.78935500000E-03   5.36142600000E-03
   4.98353900000E-03   4.64789900000E-03   0.00000000000E+00   1.00000000000E+00
   1.20783500000E-01   1.18683600000E-01   1.65083400000E-01   1.82824800000E-01
   1.61348800000E-01   9.74679600000E-02   1.29313700000E-01   1.36392300000E-01
   1.19110300000E-01   7.70589900000E-02   5.47426800000E+00   6.18557900000E+00
   6.31754400000E+00   6.33391800000E+00   6.38354300000E+00   6.43517800000E+00
   6.41201800000E+00   6.33102800000E+00   6.34809300000E+00   6.36658900000E+00
   6.38110200000E+00   6.38167000000E+00   6.42028100000E+00   6.43762300000E+00
   6.43077300000E+00   6.40091000000E+00   6.85760300000E+00   7.34444000000E+00
   8.67686900000E+00   1.03180700000E+01   1.15220600000E+01   1.23383000000E+01
   1.30022500000E+01   1.36239200000E+01   1.37872500000E+01   1.39134900000E+01
   1.40330500000E+01   1.41389100000E+01   1.42748200000E+01   1.43515400000E+01
   1.54441000000E+01   1.66637000000E+01   1.76788700000E+01   1.85332400000E+01
   1.89722700000E+01   1.93780900000E+01   1.96641100000E+01   1.99211500000E+01
   2.03600100000E+01   2.21893800000E+01   2.41084800000E+01   2.55006700000E+01
   2.67714000000E+01   2.81083400000E+01   2.93761600000E+01   3.05101100000E+01
   3.16680000000E+01   3.26424800000E+01   3.37310900000E+01   3.50198600000E+01
   3.63179300000E+01   3.75485200000E+01   3.87685000000E+01   3.99886400000E+01
   4.11491300000E+01   4.22854100000E+01   4.34056400000E+01   4.45118500000E+01
   4.56395900000E+01   4.67991300000E+01   4.79869400000E+01   4.91458500000E+01
   5.02369300000E+01   5.30507200000E+01   5.57860800000E+01   5.85721500000E+01
   6.13616000000E+01   6.69437600000E+01   7.22756500000E+01   7.79500200000E+01
   8.34189900000E+01   8.91145700000E+01   9.46813000000E+01   1.00170400000E+02
   1.06245900000E+02   1.12070900000E+02   1.17824300000E+02                   5
   0.00000000000E+00                   1                   1                  89
   0.00000000000E+00   2.06227700000E-05   5.84151600000E-05   1.27015500000E-04
   2.38410300000E-04   4.07901500000E-04   6.55621800000E-04   1.00873200000E-03
   1.50459800000E-03   2.19515100000E-03   3.15196300000E-03   4.46973000000E-03
   6.26507300000E-03   8.68450200000E-03   1.19904400000E-02   1.67606100000E-02
   2.37094600000E-02   3.21365000000E-02   4.20384400000E-02   5.79757500000E-02
   8.52381600000E-02   1.30202700000E-01   1.96737200000E-01   2.65698200000E-01
   2.87562600000E-01   2.59090700000E-01   2.28476400000E-01   2.22519500000E-01
   2.43707900000E-01   2.75313000000E-01   2.80762000000E-01   2.45179000000E-01
   1.94507800000E-01   1.50749200000E-01   1.18420200000E-01   9.53513100000E-02
   7.87446300000E-02   6.65173200000E-02   5.72846300000E-02   5.01441800000E-02
   3.97098400000E-02   3.26931200000E-02   2.77157900000E-02   2.40415700000E-02
   2.12471600000E-02   1.90739300000E-02   1.73555900000E-02   1.59805100000E-02
   1.48708600000E-02   1.39706000000E-02   1.26420000000E-02   1.17653600000E-02
   1.11981700000E-02   1.08463100000E-02   1.06449200000E-02   1.05480800000E-02
   1.05227700000E-02   1.05450000000E-02   1.05973000000E-02   1.06669100000E-02
   1.07445500000E-02   1.08235100000E-02   1.08989900000E-02   1.09675800000E-02
   1.10269500000E-02   1.10755300000E-02   1.11123700000E-02   1.11369200000E-02
   1.11489800000E-02   1.11486000000E-02   1.11359900000E-02   1.11115200000E-02
   1.10756400000E-02   1.10288700000E-02   1.09717900000E-02   1.07880200000E-02
   1.05536300000E-02   1.02787600000E-02   9.97337800000E-03   9.30887000000E-03
   8.63113500000E-03   8.00393300000E-03   7.48451300000E-03   6.83687400000E-03
   6.27707000000E-03   5.78935500000E-03   5.36142600000E-03   4.98353900000E-03
   4.64789900000E-03                   1                   1                 446
                 526                 606                 607                 608
                 609                 771                 772                 772
                 773                   2                   1               56963
               57054               57145               57146               57147
               57148               57328               57329               57329
               57330                   9                   1               71091
               71167               71243               71244               71245
               71246               71400               71401               71401
               71402                  31                   1              126329
              126397              126465              126466              126467
              126468              126606              126607              126607
              126608                  32                   1              175336
              175400              175464              175465              175466
              175467              175597              175598              175598
              175599                  33                   1              221507
              221570              221633              221634              221635
              221636              221768              221769              221769
              221770                  34                   1              269477
              269565              269653              269654              269655
              269656              269836              269837              269837
              269838                  12                  78   0.00000000000E+00
   5.40393500000E-03   8.22845200000E-03   1.13119700000E-02   1.62623000000E-02
   2.31533000000E-02   3.14839900000E-02   4.13305900000E-02   5.72043700000E-02
   8.43758300000E-02   1.29231100000E-01   1.95680500000E-01   2.64690300000E-01
   2.86801500000E-01   2.58613000000E-01   2.28179500000E-01   2.22309500000E-01
   2.43531800000E-01   2.75336400000E-01   3.30959200000E-01   3.57289500000E-01
   3.19077200000E-01   2.63206000000E-01   2.14027500000E-01   1.75671900000E-01
   1.46894500000E-01   1.25059300000E-01   1.08239200000E-01   9.50816400000E-02
   7.55959400000E-02   6.26176900000E-02   5.66044300000E-02   5.40686000000E-02
   5.12071600000E-02   4.78214300000E-02   4.45364600000E-02   4.15864200000E-02
   3.90168700000E-02   3.68539000000E-02   3.35370900000E-02   3.28922300000E-02
   3.34653500000E-02   3.37845900000E-02   3.40028300000E-02   3.48167600000E-02
   3.61087300000E-02   3.74101900000E-02   3.84428100000E-02   3.94577000000E-02
   4.05665100000E-02   4.19144900000E-02   4.32977400000E-02   4.46191600000E-02
   4.57672900000E-02   4.69538500000E-02   4.81503500000E-02   4.92002400000E-02
   5.02077100000E-02   5.11371500000E-02   5.20289300000E-02   5.27909500000E-02
   5.35354100000E-02   5.42260800000E-02   5.48813800000E-02   5.61076000000E-02
   5.68584900000E-02   5.73910400000E-02   5.75975200000E-02   5.71056900000E-02
   5.58569000000E-02   5.42862300000E-02   5.30949600000E-02   5.05062000000E-02
   4.81836700000E-02   4.65947000000E-02   4.46859400000E-02   4.29261200000E-02
   4.12775100000E-02                  12                  78   0.00000000000E+00
   5.10464700000E-02   2.56155500000E-01   4.54277500000E-01   6.72101200000E-01
   7.42223000000E-01   8.10607800000E-01   8.79697500000E-01   9.49318400000E-01
   9.67593000000E-01   9.85435400000E-01   1.00279100000E+00   1.01968600000E+00
   1.04235600000E+00   1.06470800000E+00   1.08681400000E+00   1.10873400000E+00
   1.08356100000E+00   1.05899700000E+00   1.21824300000E+00   1.46896600000E+00
   1.75089800000E+00   1.96710500000E+00   2.14343300000E+00   2.29421400000E+00
   2.42585600000E+00   2.54860200000E+00   2.66555600000E+00   2.77954600000E+00
   2.97166600000E+00   3.17195500000E+00   3.40824200000E+00   3.78168500000E+00
   4.20960000000E+00   4.54251900000E+00   4.86779300000E+00   5.15801500000E+00
   5.43142400000E+00   5.69318200000E+00   6.26229700000E+00   6.87448400000E+00
   7.64245600000E+00   8.39280500000E+00   9.04487800000E+00   9.69455000000E+00
   1.04404000000E+01   1.12447000000E+01   1.19590100000E+01   1.26795400000E+01
   1.34095900000E+01   1.41570000000E+01   1.49362500000E+01   1.57526500000E+01
   1.65370400000E+01   1.73174800000E+01   1.81354300000E+01   1.89340600000E+01
   1.97535200000E+01   2.05809300000E+01   2.14029400000E+01   2.22110400000E+01
   2.30518000000E+01   2.39106000000E+01   2.47958600000E+01   2.69003100000E+01
   2.90245000000E+01   3.11395600000E+01   3.33046700000E+01   3.75065300000E+01
   4.18131100000E+01   4.58615800000E+01   5.01016200000E+01   5.41382900000E+01
   5.82966100000E+01   6.25149000000E+01   6.61804000000E+01   7.01114100000E+01
   7.40572300000E+01                   5                  -1                   1
                   6                   5                   0                  79
   1.00000000000E+00   6.35987600000E+00   6.50000000000E+00   7.00000000000E+00
   7.50000000000E+00   8.00000000000E+00   8.50000000000E+00   9.00000000000E+00
   9.50000000000E+00   1.00000000000E+01   1.05000000000E+01   1.10000000000E+01
   1.15000000000E+01   1.20000000000E+01   1.25000000000E+01   1.30000000000E+01
   1.35000000000E+01   1.40000000000E+01   1.45000000000E+01   1.50000000000E+01
   1.55000000000E+01   1.60000000000E+01   1.65000000000E+01   1.70000000000E+01
   1.75000000000E+01   1.80000000000E+01   1.85000000000E+01   1.90000000000E+01
   1.95000000000E+01   2.00000000000E+01   2.10000000000E+01   2.20000000000E+01
   2.30000000000E+01   2.40000000000E+01   2.50000000000E+01   2.60000000000E+01
   2.70000000000E+01   2.80000000000E+01   2.90000000000E+01   3.00000000000E+01
   3.20000000000E+01   3.40000000000E+01   3.60000000000E+01   3.80000000000E+01
   4.00000000000E+01   4.20000000000E+01   4.40000000000E+01   4.60000000000E+01
   4.80000000000E+01   5.00000000000E+01   5.20000000000E+01   5.40000000000E+01
   5.60000000000E+01   5.80000000000E+01   6.00000000000E+01   6.20000000000E+01
   6.40000000000E+01   6.60000000000E+01   6.80000000000E+01   7.00000000000E+01
   7.20000000000E+01   7.40000000000E+01   7.60000000000E+01   7.80000000000E+01
   8.00000000000E+01   8.50000000000E+01   9.00000000000E+01   9.50000000000E+01
   1.00000000000E+02   1.10000000000E+02   1.20000000000E+02   1.30000000000E+02
   1.40000000000E+02   1.50000000000E+02   1.60000000000E+02   1.70000000000E+02
   1.80000000000E+02   1.90000000000E+02   2.00000000000E+02   0.00000000000E+00
   0.00000000000E+00   8.62549400000E-01   9.47486900000E-01   9.43415800000E-01
   9.70269000000E-01   9.76542700000E-01   9.79695700000E-01   9.83161800000E-01
   9.86694800000E-01   9.89883300000E-01   9.92537800000E-01   9.94628900000E-01
   9.96206600000E-01   9.97353300000E-01   9.98156200000E-01   9.98700500000E-01
   9.99056300000E-01   9.99277400000E-01   1.00008500000E+00   1.17878900000E+00
   1.45726000000E+00   1.64043400000E+00   1.74598600000E+00   1.80735600000E+00
   1.84236500000E+00   1.86545400000E+00   1.88010100000E+00   1.88949800000E+00
   1.89616500000E+00   1.90370800000E+00   1.91531700000E+00   2.04231700000E+00
   2.24896300000E+00   2.41007100000E+00   2.50716200000E+00   2.56611600000E+00
   2.60232100000E+00   2.62371300000E+00   2.63796100000E+00   2.65283100000E+00
   2.79568400000E+00   2.98846600000E+00   3.11484600000E+00   3.19427800000E+00
   3.30076800000E+00   3.43148500000E+00   3.54767100000E+00   3.62760400000E+00
   3.69907500000E+00   3.77554300000E+00   3.87254100000E+00   3.97263800000E+00
   4.06827800000E+00   4.15049400000E+00   4.23942200000E+00   4.33304100000E+00
   4.41776000000E+00   4.50334600000E+00   4.58686700000E+00   4.67214200000E+00
   4.75101100000E+00   4.83361800000E+00   4.91673900000E+00   5.00204400000E+00
   5.20091700000E+00   5.38757700000E+00   5.58345900000E+00   5.77512700000E+00
   6.13454600000E+00   6.47155900000E+00   6.78244400000E+00   7.09397700000E+00
   7.38732400000E+00   7.67614000000E+00   8.04834000000E+00   8.33471200000E+00
   8.61358200000E+00   8.88089700000E+00                   0                   1
                   0                   4                  10                   0
                   2   1.00000000000E+00   2.00000000000E+02   1.00000000000E+00
   1.00000000000E+00                   0                  32   1.00000000000E+00
   6.35987600000E+00   8.00000000000E+00   1.00000000000E+01   1.20000000000E+01
   1.40000000000E+01   1.60000000000E+01   1.80000000000E+01   2.00000000000E+01
   2.20000000000E+01   2.40000000000E+01   2.60000000000E+01   2.80000000000E+01
   3.00000000000E+01   3.20000000000E+01   3.60000000000E+01   4.00000000000E+01
   4.40000000000E+01   4.80000000000E+01   5.00000000000E+01   5.20000000000E+01
   5.60000000000E+01   6.00000000000E+01   7.00000000000E+01   8.00000000000E+01
   9.00000000000E+01   1.00000000000E+02   1.20000000000E+02   1.40000000000E+02
   1.60000000000E+02   1.80000000000E+02   2.00000000000E+02                  76
                  87                  98                 154                 498
                1022                1882                2896                3987
                5133                6334                7792                9289
               10825               12387               13975               15615
               17537               19489               21471               23468
               25480               27507               29549               31897
               34279               36979               39679               42705
               46042               49402               52785                   2
                   3   0.00000000000E+00   5.00000000000E-07   1.00000000000E-06
   0.00000000000E+00   2.00000000000E+06   0.00000000000E+00   0.00000000000E+00
   5.00000000000E-01   1.00000000000E+00                   2                   3
   0.00000000000E+00   5.00000000000E-07   1.00000000000E-06   0.00000000000E+00
   2.00000000000E+06   0.00000000000E+00   0.00000000000E+00   5.00000000000E-01
   1.00000000000E+00                   2                  18   0.00000000000E+00
   2.50000000000E-02   1.00000000000E-01   2.00000000000E-01   3.00000000000E-01
   4.00000000000E-01   5.00000000000E-01   6.00000000000E-01   7.00000000000E-01
   8.00000000000E-01   9.00000000000E-01   1.00000000000E+00   1.10000000000E+00
   1.20000000000E+00   1.30000000000E+00   1.40000000000E+00   1.50000000000E+00
   1.60000000000E+00   0.00000000000E+00   1.78769800000E-01   7.04915400000E-01
   3.86495200000E-01   7.91280100000E-01   2.18938700000E+00   2.80603600000E+00
   5.10385600000E-01   2.55852600000E-03   1.89372000000E-03   1.32386900000E-03
   8.55748000000E-04   1.35350500000E-02   2.24056000000E-04   5.63924000000E-05
   1.00440300000E+00   1.38178000000E-06   3.17075700000E+00   0.00000000000E+00
   2.23462250000E-03   3.53728174000E-02   8.99433473000E-02   1.48832112000E-01
   2.97865467000E-01   5.47636617000E-01   7.13457696000E-01   7.39104902000E-01
   7.39327515000E-01   7.39488394000E-01   7.39597375000E-01   7.40316915000E-01
   7.41004870000E-01   7.41018893000E-01   7.91241862000E-01   8.41462081000E-01
   1.00000000000E+00                   2                  38   0.00000000000E+00
   2.50000000000E-02   1.00000000000E-01   2.00000000000E-01   3.00000000000E-01
   4.00000000000E-01   5.00000000000E-01   6.00000000000E-01   7.00000000000E-01
   8.00000000000E-01   9.00000000000E-01   1.00000000000E+00   1.10000000000E+00
   1.20000000000E+00   1.30000000000E+00   1.40000000000E+00   1.50000000000E+00
   1.60000000000E+00   1.70000000000E+00   1.80000000000E+00   1.90000000000E+00
   2.00000000000E+00   2.10000000000E+00   2.20000000000E+00   2.30000000000E+00
   2.40000000000E+00   2.50000000000E+00   2.60000000000E+00   2.70000000000E+00
   2.80000000000E+00   2.90000000000E+00   3.00000000000E+00   3.10000000000E+00
   3.20000000000E+00   3.30000000000E+00   3.40000000000E+00   3.50000000000E+00
   3.60000000000E+00   0.00000000000E+00   1.30364900000E-01   5.08313900000E-01
   5.41622800000E-01   5.88310300000E-01   6.48636700000E-01   7.00930700000E-01
   7.26934900000E-01   7.20922400000E-01   6.87616300000E-01   6.36081400000E-01
   5.75065800000E-01   5.10837000000E-01   4.48385100000E-01   3.88944600000E-01
   3.36512700000E-01   2.90468000000E-01   2.50133300000E-01   2.15080500000E-01
   1.84717700000E-01   1.58431700000E-01   1.36605900000E-01   1.17968000000E-01
   5.56948500000E-02   1.13822000000E-01   1.67630700000E-01   1.63119800000E-01
   2.34992300000E-02   6.79364000000E-05   2.47162000000E-05   1.49526000000E-05
   8.44612000000E-06   9.50243200000E-03   1.96653000000E-06   7.29496000000E-07
   4.47994100000E-02   2.17467000000E-08   9.52996100000E-02   0.00000000000E+00
   1.62956126000E-03   2.55800165000E-02   7.80768520000E-02   1.34573507000E-01
   1.96420858000E-01   2.63899229000E-01   3.35292509000E-01   4.07685375000E-01
   4.78112311000E-01   5.44297196000E-01   6.04854557000E-01   6.59149697000E-01
   7.07110803000E-01   7.48977288000E-01   7.85250153000E-01   8.16599189000E-01
   8.43629254000E-01   8.66889944000E-01   8.86879854000E-01   9.04037325000E-01
   9.18789205000E-01   9.31517900000E-01   9.40201042000E-01   9.48676885000E-01
   9.62749520000E-01   9.79287045000E-01   9.88617997000E-01   9.89796355000E-01
   9.89800988000E-01   9.89802971000E-01   9.89804141000E-01   9.90279685000E-01
   9.90754905000E-01   9.90755040000E-01   9.92995047000E-01   9.95235018000E-01
   1.00000000000E+00                   0                   0                   0
                   0                   0                   0                   0
                   0                   0                   0                   0
                   0                   0                   0                   0
                   0                   0                   0                   0
                   0                   0                   0                   0
                   0                   0                   0                   0
                   0                   0                   0                   0
                   0                   0                   0                   0
                   0                   0                   0                   0
                   0                   0                   0                   0
                   0                   0                   0                   0
                   0                   0                   0                   0
                   0                   0                   0                   0
                   0                   0                   0                   0
                   0                   0                   0                   0
                   0                   0                   0                   0
                   0                   0                   0                   0
                   0                   0                   0                   0
                   0                   0                   0                   0
                   0                   0                   0                   0
                   0                   0                   0                   0
                   0                   0                   0                   0
                   0                   0                   0                   0
                   0                   0                   0                   0
                   0                   0                   0                   0
                   0                   0                   0                   0
                   0                   0                   0                   0
                   0                   0                   0                   0
                   0                   0                   0                   0
                   0                   0                   0                   0
                   0                   0                   0                   0
                   0                   0                   0                   0
                   0                   0                   0
