 64160.00u  158.553200  0.0000E+00   06/19/20
Ace Gd160 IAEA-PD                                                        mat6449
      0         0.      0         0.      0         0.      0         0.
      0         0.      0         0.      0         0.      0         0.
      0         0.      0         0.      0         0.      0         0.
      0         0.      0         0.      0         0.      0         0.
   327702    64160       89        1        7        2       12        0
        0        0        0        0        0        0        0        1
        1       90       90        0      179      268      269      270
      271      362      446        0        0        0        0        0
        0        0        0        0        0        0        0        0
        0        0        0        0        0        0        0        0
   9.99999000000E-01   1.00000000000E+00   1.50000000000E+00   2.00000000000E+00
   2.50000000000E+00   3.00000000000E+00   3.50000000000E+00   4.00000000000E+00
   4.50000000000E+00   5.00000000000E+00   5.50000000000E+00   6.00000000000E+00
   6.50000000000E+00   7.00000000000E+00   7.50000000000E+00   8.00000000000E+00
   8.50000000000E+00   9.00000000000E+00   9.50000000000E+00   1.00000000000E+01
   1.05000000000E+01   1.10000000000E+01   1.15000000000E+01   1.20000000000E+01
   1.25000000000E+01   1.30000000000E+01   1.35000000000E+01   1.40000000000E+01
   1.45000000000E+01   1.50000000000E+01   1.55000000000E+01   1.60000000000E+01
   1.65000000000E+01   1.70000000000E+01   1.75000000000E+01   1.80000000000E+01
   1.85000000000E+01   1.90000000000E+01   1.95000000000E+01   2.00000000000E+01
   2.10000000000E+01   2.20000000000E+01   2.30000000000E+01   2.40000000000E+01
   2.50000000000E+01   2.60000000000E+01   2.70000000000E+01   2.80000000000E+01
   2.90000000000E+01   3.00000000000E+01   3.20000000000E+01   3.40000000000E+01
   3.60000000000E+01   3.80000000000E+01   4.00000000000E+01   4.20000000000E+01
   4.40000000000E+01   4.60000000000E+01   4.80000000000E+01   5.00000000000E+01
   5.20000000000E+01   5.40000000000E+01   5.60000000000E+01   5.80000000000E+01
   6.00000000000E+01   6.20000000000E+01   6.40000000000E+01   6.60000000000E+01
   6.80000000000E+01   7.00000000000E+01   7.20000000000E+01   7.40000000000E+01
   7.60000000000E+01   7.80000000000E+01   8.00000000000E+01   8.50000000000E+01
   9.00000000000E+01   9.50000000000E+01   1.00000000000E+02   1.10000000000E+02
   1.20000000000E+02   1.30000000000E+02   1.40000000000E+02   1.50000000000E+02
   1.60000000000E+02   1.70000000000E+02   1.80000000000E+02   1.90000000000E+02
   2.00000000000E+02   0.00000000000E+00   2.73630300000E-05   7.87486100000E-05
   1.73003800000E-04   3.26999000000E-04   5.62094300000E-04   9.06120200000E-04
   1.39616700000E-03   2.08242800000E-03   3.03302900000E-03   4.33836700000E-03
   6.11000300000E-03   8.46649600000E-03   1.15192700000E-02   1.54365300000E-02
   2.06310300000E-02   2.79050300000E-02   3.84921200000E-02   5.41983400000E-02
   7.76619800000E-02   1.12350800000E-01   1.61049400000E-01   2.20188100000E-01
   2.71244800000E-01   2.88781100000E-01   2.71422700000E-01   2.42590400000E-01
   2.23240000000E-01   2.23763200000E-01   2.44381200000E-01   2.64811000000E-01
   2.62609900000E-01   2.50798900000E-01   2.35791200000E-01   2.08776400000E-01
   1.73512900000E-01   1.40546200000E-01   1.14418200000E-01   9.48302200000E-02
   8.02142400000E-02   6.03261800000E-02   4.78867800000E-02   3.94994300000E-02
   3.35096500000E-02   2.90461900000E-02   2.56141400000E-02   2.29133500000E-02
   2.07514700000E-02   1.89992800000E-02   1.75663600000E-02   1.54130100000E-02
   1.39376500000E-02   1.29260200000E-02   1.22389100000E-02   1.17815500000E-02
   1.14873300000E-02   1.13085600000E-02   1.12105900000E-02   1.11681100000E-02
   1.11625100000E-02   1.11801000000E-02   1.12108100000E-02   1.12472800000E-02
   1.12841300000E-02   1.13175000000E-02   1.13446400000E-02   1.13636600000E-02
   1.13733000000E-02   1.13727700000E-02   1.13616700000E-02   1.13398600000E-02
   1.13074100000E-02   1.12645400000E-02   1.12115900000E-02   1.11489800000E-02
   1.09535600000E-02   1.07096300000E-02   1.04265600000E-02   1.01138400000E-02
   9.43634900000E-03   8.74732400000E-03   8.11048400000E-03   7.58338800000E-03
   6.92675500000E-03   6.35929600000E-03   5.86499100000E-03   5.43132800000E-03
   5.04841300000E-03   4.70832800000E-03   0.00000000000E+00   1.00000000000E+00
   5.72856600000E-01   1.45713800000E-01   2.29636200000E-01   2.58876800000E-01
   2.62844400000E-01   2.39160400000E-01   2.65018500000E-01   2.59325800000E-01
   2.22038700000E-01   1.58485900000E-01   1.42850600000E+00   2.85712200000E+00
   7.13714000000E+00   7.43483800000E+00   7.51173700000E+00   7.51381900000E+00
   7.49729200000E+00   7.45790300000E+00   7.48127300000E+00   7.48338500000E+00
   7.47084900000E+00   7.44423400000E+00   7.58040800000E+00   7.70669100000E+00
   7.84302800000E+00   8.40102000000E+00   9.59150400000E+00   1.04279300000E+01
   1.10164800000E+01   1.15582100000E+01   1.17487600000E+01   1.19246200000E+01
   1.20950700000E+01   1.22609000000E+01   1.23502200000E+01   1.24431300000E+01
   1.25202000000E+01   1.25914800000E+01   1.27364600000E+01   1.28828000000E+01
   1.37603500000E+01   1.47512600000E+01   1.55880300000E+01   1.63689600000E+01
   1.68906100000E+01   1.74187100000E+01   1.78765300000E+01   1.83358400000E+01
   1.95340400000E+01   2.07950100000E+01   2.20371800000E+01   2.31819700000E+01
   2.43651600000E+01   2.56988100000E+01   2.70297600000E+01   2.83167500000E+01
   2.95837200000E+01   3.07950400000E+01   3.20546700000E+01   3.31756700000E+01
   3.42775900000E+01   3.54024000000E+01   3.65127100000E+01   3.76276000000E+01
   3.87156800000E+01   3.97849700000E+01   4.08666100000E+01   4.19366800000E+01
   4.29693600000E+01   4.40305700000E+01   4.50415500000E+01   4.60769200000E+01
   4.71309100000E+01   4.97955500000E+01   5.23393800000E+01   5.49766500000E+01
   5.74715200000E+01   6.26414600000E+01   6.77000300000E+01   7.29767300000E+01
   7.79290600000E+01   8.31524700000E+01   8.82336700000E+01   9.34283700000E+01
   9.86067300000E+01   1.03904400000E+02   1.08961200000E+02                   5
   0.00000000000E+00                   1                   1                  89
   0.00000000000E+00   2.73630300000E-05   7.87486100000E-05   1.73003800000E-04
   3.26999000000E-04   5.62094300000E-04   9.06120200000E-04   1.39616700000E-03
   2.08242800000E-03   3.03302900000E-03   4.33836700000E-03   6.11000300000E-03
   8.46649600000E-03   1.15192700000E-02   1.54365300000E-02   2.06310300000E-02
   2.79050300000E-02   3.84921200000E-02   5.41983400000E-02   7.76619800000E-02
   1.12350800000E-01   1.61049400000E-01   2.20188100000E-01   2.71244800000E-01
   2.88781100000E-01   2.71422700000E-01   2.42590400000E-01   2.23240000000E-01
   2.23763200000E-01   2.44381200000E-01   2.64811000000E-01   2.62609900000E-01
   2.50798900000E-01   2.35791200000E-01   2.08776400000E-01   1.73512900000E-01
   1.40546200000E-01   1.14418200000E-01   9.48302200000E-02   8.02142400000E-02
   6.03261800000E-02   4.78867800000E-02   3.94994300000E-02   3.35096500000E-02
   2.90461900000E-02   2.56141400000E-02   2.29133500000E-02   2.07514700000E-02
   1.89992800000E-02   1.75663600000E-02   1.54130100000E-02   1.39376500000E-02
   1.29260200000E-02   1.22389100000E-02   1.17815500000E-02   1.14873300000E-02
   1.13085600000E-02   1.12105900000E-02   1.11681100000E-02   1.11625100000E-02
   1.11801000000E-02   1.12108100000E-02   1.12472800000E-02   1.12841300000E-02
   1.13175000000E-02   1.13446400000E-02   1.13636600000E-02   1.13733000000E-02
   1.13727700000E-02   1.13616700000E-02   1.13398600000E-02   1.13074100000E-02
   1.12645400000E-02   1.12115900000E-02   1.11489800000E-02   1.09535600000E-02
   1.07096300000E-02   1.04265600000E-02   1.01138400000E-02   9.43634900000E-03
   8.74732400000E-03   8.11048400000E-03   7.58338800000E-03   6.92675500000E-03
   6.35929600000E-03   5.86499100000E-03   5.43132800000E-03   5.04841300000E-03
   4.70832800000E-03                   1                   1                 446
                 524                 602                 603                 604
                 605                 761                 762                 762
                 763                   2                   1               55183
               55274               55365               55366               55367
               55368               55546               55547               55547
               55548                   9                   1               69270
               69344               69418               69419               69420
               69421               69571               69572               69572
               69573                  31                   1              122451
              122516              122581              122582              122583
              122584              122714              122715              122715
              122716                  32                   1              169225
              169290              169355              169356              169357
              169358              169490              169491              169491
              169492                  33                   1              216192
              216249              216306              216307              216308
              216309              216429              216430              216430
              216431                  34                   1              259887
              259974              260061              260062              260063
              260064              260244              260245              260245
              260246                  14                  76   0.00000000000E+00
   1.34371400000E-03   2.03568300000E-02   2.76606900000E-02   3.81234400000E-02
   5.36094400000E-02   7.67598600000E-02   1.11028700000E-01   1.59214400000E-01
   2.17850500000E-01   2.68645400000E-01   2.86344200000E-01   2.69442200000E-01
   2.43373000000E-01   2.56846500000E-01   3.04220200000E-01   3.70625600000E-01
   4.27957300000E-01   4.41694900000E-01   4.33419400000E-01   4.14801300000E-01
   3.72102400000E-01   3.12212900000E-01   2.54908900000E-01   2.08936200000E-01
   1.74069500000E-01   1.48047600000E-01   1.12344800000E-01   9.00343300000E-02
   7.77846900000E-02   7.05339600000E-02   6.41600400000E-02   5.83740900000E-02
   5.33304100000E-02   4.89484400000E-02   4.53114200000E-02   4.24748100000E-02
   3.86122300000E-02   3.61934100000E-02   3.43864100000E-02   3.31850700000E-02
   3.24917000000E-02   3.25338400000E-02   3.28853000000E-02   3.34940800000E-02
   3.43068600000E-02   3.52613400000E-02   3.63481800000E-02   3.74306600000E-02
   3.84996800000E-02   3.96127000000E-02   4.06863600000E-02   4.17662500000E-02
   4.27638800000E-02   4.37438400000E-02   4.46772200000E-02   4.55547900000E-02
   4.63886900000E-02   4.71184300000E-02   4.78312500000E-02   4.84915300000E-02
   4.90215700000E-02   5.02011200000E-02   5.11020200000E-02   5.16169600000E-02
   5.18837800000E-02   5.17506400000E-02   5.09105400000E-02   4.98701100000E-02
   4.91828100000E-02   4.71236700000E-02   4.52369100000E-02   4.34914500000E-02
   4.18394800000E-02   4.03486300000E-02   3.89950400000E-02                  14
                  76   0.00000000000E+00   2.80490000000E-03   3.60392200000E-01
   5.64303000000E-01   7.65921800000E-01   9.66750300000E-01   1.16768800000E+00
   1.21558900000E+00   1.26414600000E+00   1.31327600000E+00   1.36283400000E+00
   1.35403900000E+00   1.34521700000E+00   1.34898400000E+00   1.53503700000E+00
   1.79875800000E+00   1.98960300000E+00   2.10212000000E+00   2.16903500000E+00
   2.34052100000E+00   2.49645300000E+00   2.64464800000E+00   2.78646900000E+00
   2.93220900000E+00   3.07659200000E+00   3.21765200000E+00   3.36100100000E+00
   3.64257500000E+00   3.93119800000E+00   4.23199200000E+00   4.64580800000E+00
   5.07832300000E+00   5.44882800000E+00   5.83423300000E+00   6.18578500000E+00
   6.51741600000E+00   6.87457700000E+00   7.67186100000E+00   8.43652500000E+00
   9.13847800000E+00   9.87362900000E+00   1.06114800000E+01   1.13646400000E+01
   1.21487700000E+01   1.29359700000E+01   1.37672200000E+01   1.46123200000E+01
   1.54678100000E+01   1.63444000000E+01   1.72278600000E+01   1.81186600000E+01
   1.90163500000E+01   1.99046500000E+01   2.07858000000E+01   2.16936000000E+01
   2.26166400000E+01   2.35520100000E+01   2.44718300000E+01   2.53789500000E+01
   2.63203200000E+01   2.72775900000E+01   2.82063000000E+01   3.04974900000E+01
   3.28941900000E+01   3.52198400000E+01   3.76282600000E+01   4.23176300000E+01
   4.71293100000E+01   5.17119200000E+01   5.65699800000E+01   6.11870800000E+01
   6.59102300000E+01   7.05324900000E+01   7.51667700000E+01   7.96685100000E+01
   8.43002800000E+01                   5                  -1                   1
                   6                   5                   0                  76
   1.00000000000E+00   7.45162200000E+00   8.00000000000E+00   8.50000000000E+00
   9.00000000000E+00   9.50000000000E+00   1.00000000000E+01   1.05000000000E+01
   1.10000000000E+01   1.15000000000E+01   1.20000000000E+01   1.25000000000E+01
   1.30000000000E+01   1.35000000000E+01   1.40000000000E+01   1.45000000000E+01
   1.50000000000E+01   1.55000000000E+01   1.60000000000E+01   1.65000000000E+01
   1.70000000000E+01   1.75000000000E+01   1.80000000000E+01   1.85000000000E+01
   1.90000000000E+01   1.95000000000E+01   2.00000000000E+01   2.10000000000E+01
   2.20000000000E+01   2.30000000000E+01   2.40000000000E+01   2.50000000000E+01
   2.60000000000E+01   2.70000000000E+01   2.80000000000E+01   2.90000000000E+01
   3.00000000000E+01   3.20000000000E+01   3.40000000000E+01   3.60000000000E+01
   3.80000000000E+01   4.00000000000E+01   4.20000000000E+01   4.40000000000E+01
   4.60000000000E+01   4.80000000000E+01   5.00000000000E+01   5.20000000000E+01
   5.40000000000E+01   5.60000000000E+01   5.80000000000E+01   6.00000000000E+01
   6.20000000000E+01   6.40000000000E+01   6.60000000000E+01   6.80000000000E+01
   7.00000000000E+01   7.20000000000E+01   7.40000000000E+01   7.60000000000E+01
   7.80000000000E+01   8.00000000000E+01   8.50000000000E+01   9.00000000000E+01
   9.50000000000E+01   1.00000000000E+02   1.10000000000E+02   1.20000000000E+02
   1.30000000000E+02   1.40000000000E+02   1.50000000000E+02   1.60000000000E+02
   1.70000000000E+02   1.80000000000E+02   1.90000000000E+02   2.00000000000E+02
   0.00000000000E+00   0.00000000000E+00   9.86709300000E-01   9.91243900000E-01
   9.90421900000E-01   9.89134400000E-01   9.88384000000E-01   9.88232400000E-01
   9.88606000000E-01   9.89383600000E-01   9.90416800000E-01   9.91561400000E-01
   9.92703300000E-01   1.00322600000E+00   1.15054000000E+00   1.35956300000E+00
   1.51658800000E+00   1.61608600000E+00   1.68194300000E+00   1.72815500000E+00
   1.75918900000E+00   1.78230100000E+00   1.79936400000E+00   1.81370200000E+00
   1.82607500000E+00   1.83559100000E+00   1.84565200000E+00   1.86228900000E+00
   1.88015000000E+00   1.96926100000E+00   2.10488500000E+00   2.20889700000E+00
   2.27897900000E+00   2.32748200000E+00   2.35879400000E+00   2.38490200000E+00
   2.41796300000E+00   2.50517100000E+00   2.59680900000E+00   2.66024700000E+00
   2.71144000000E+00   2.75784600000E+00   2.83215000000E+00   2.90800100000E+00
   2.98771800000E+00   3.07185900000E+00   3.15890800000E+00   3.25115000000E+00
   3.33880100000E+00   3.42302100000E+00   3.51047900000E+00   3.59499500000E+00
   3.68158400000E+00   3.76321400000E+00   3.84618700000E+00   3.92843800000E+00
   4.00951500000E+00   4.09076400000E+00   4.16704000000E+00   4.24617900000E+00
   4.32512500000E+00   4.39695600000E+00   4.58308700000E+00   4.77159500000E+00
   4.95052600000E+00   5.12997800000E+00   5.48418000000E+00   5.82012700000E+00
   6.14884500000E+00   6.48559900000E+00   6.80313800000E+00   7.11350900000E+00
   7.41543300000E+00   7.70336100000E+00   7.99233900000E+00   8.28214200000E+00
                   0                   1                   0                   4
                  10                   0                   2   1.00000000000E+00
   2.00000000000E+02   1.00000000000E+00   1.00000000000E+00                   0
                  32   1.00000000000E+00   7.45162200000E+00   8.00000000000E+00
   1.00000000000E+01   1.20000000000E+01   1.40000000000E+01   1.60000000000E+01
   1.80000000000E+01   2.00000000000E+01   2.20000000000E+01   2.40000000000E+01
   2.60000000000E+01   2.80000000000E+01   3.00000000000E+01   3.20000000000E+01
   3.60000000000E+01   4.00000000000E+01   4.40000000000E+01   4.80000000000E+01
   5.00000000000E+01   5.20000000000E+01   5.60000000000E+01   6.00000000000E+01
   7.00000000000E+01   8.00000000000E+01   9.00000000000E+01   1.00000000000E+02
   1.20000000000E+02   1.40000000000E+02   1.60000000000E+02   1.80000000000E+02
   2.00000000000E+02                  76                  87                  98
                 121                 366                 791                1530
                2434                3426                4484                5597
                6964                8383                9841               11338
               12861               14436               16298               18205
               20142               22094               24061               26043
               28040               30354               32702               35364
               38045               41050               44364               47701
               51061                   2                   3   0.00000000000E+00
   5.00000000000E-07   1.00000000000E-06   0.00000000000E+00   2.00000000000E+06
   0.00000000000E+00   0.00000000000E+00   5.00000000000E-01   1.00000000000E+00
                   2                   3   0.00000000000E+00   5.00000000000E-07
   1.00000000000E-06   0.00000000000E+00   2.00000000000E+06   0.00000000000E+00
   0.00000000000E+00   5.00000000000E-01   1.00000000000E+00                   2
                   7   0.00000000000E+00   2.50000000000E-02   1.00000000000E-01
   2.00000000000E-01   3.00000000000E-01   4.00000000000E-01   5.00000000000E-01
   0.00000000000E+00   6.13648600000E-01   2.45282500000E+00   3.39862000000E-04
   4.13422100000E-01   2.60517100000E+00   9.05604100000E+00   0.00000000000E+00
   7.67060778000E-03   1.22663372000E-01   2.45321620000E-01   2.66009718000E-01
   4.16939379000E-01   1.00000000000E+00                   2                  27
   0.00000000000E+00   2.50000000000E-02   1.00000000000E-01   2.00000000000E-01
   3.00000000000E-01   4.00000000000E-01   5.00000000000E-01   6.00000000000E-01
   7.00000000000E-01   8.00000000000E-01   9.00000000000E-01   1.00000000000E+00
   1.10000000000E+00   1.20000000000E+00   1.30000000000E+00   1.40000000000E+00
   1.50000000000E+00   1.60000000000E+00   1.70000000000E+00   1.80000000000E+00
   1.90000000000E+00   2.00000000000E+00   2.10000000000E+00   2.20000000000E+00
   2.30000000000E+00   2.40000000000E+00   2.50000000000E+00   0.00000000000E+00
   8.19498200000E-02   2.99477100000E-01   3.34931200000E-01   3.87995400000E-01
   4.55531800000E-01   5.19535400000E-01   5.64365500000E-01   5.84524900000E-01
   5.81812100000E-01   5.62025600000E-01   5.31168000000E-01   4.94144500000E-01
   4.54661100000E-01   4.15194600000E-01   3.77225900000E-01   3.41532000000E-01
   2.21658700000E-01   5.71800600000E-01   3.44218700000E-01   1.84050100000E-01
   7.49029000000E-01   1.55387400000E-02   5.64678900000E-02   1.91705900000E-01
   4.45383300000E-01   6.24963200000E-01   0.00000000000E+00   1.02437276000E-03
   1.53278824000E-02   4.70482977000E-02   8.31946281000E-02   1.25370988000E-01
   1.74124349000E-01   2.28319394000E-01   2.85763915000E-01   3.44080766000E-01
   4.01272651000E-01   4.55932332000E-01   5.07197957000E-01   5.54638238000E-01
   5.98131023000E-01   6.37752048000E-01   6.73689944000E-01   7.01849479000E-01
   7.41522444000E-01   7.87323410000E-01   8.13736850000E-01   8.60390806000E-01
   8.98619193000E-01   9.02219525000E-01   9.14628214000E-01   9.46482674000E-01
   1.00000000000E+00                   0                   0                   0
                   0                   0                   0                   0
                   0                   0                   0                   0
                   0                   0                   0                   0
                   0                   0                   0                   0
                   0                   0                   0                   0
                   0                   0                   0                   0
                   0                   0                   0                   0
                   0                   0                   0                   0
                   0                   0                   0                   0
                   0                   0                   0                   0
                   0                   0                   0                   0
                   0                   0                   0                   0
                   0                   0                   0                   0
                   0                   0                   0                   0
                   0                   0                   0                   0
                   0                   0                   0                   0
                   0                   0                   0                   0
                   0                   0                   0                   0
                   0                   0                   0                   0
                   0                   0                   0                   0
                   0                   0                   0                   0
                   0                   0                   0                   0
                   0                   0                   0                   0
                   0                   0                   0                   0
                   0                   0                   0                   0
                   0                   0                   0                   0
                   0                   0                   0                   0
                   0                   0                   0                   0
                   0                   0                   0                   0
                   0                   0                   0                   0
                   0                   0                   0                   0
                   0                   0                   0                   0
                   0                   0                   0
