 32070.00u   69.323570  0.0000E+00   02/26/20
Ace Ge70 IAEA-PD                                                         mat3225
      0         0.      0         0.      0         0.      0         0.
      0         0.      0         0.      0         0.      0         0.
      0         0.      0         0.      0         0.      0         0.
      0         0.      0         0.      0         0.      0         0.
   302802    32070       89        1        7        2       12        0
        0        0        0        0        0        0        0        1
        1       90       90        0      179      268      269      270
      271      362      446        0        0        0        0        0
        0        0        0        0        0        0        0        0
        0        0        0        0        0        0        0        0
   9.99999000000E-01   1.00000000000E+00   1.50000000000E+00   2.00000000000E+00
   2.50000000000E+00   3.00000000000E+00   3.50000000000E+00   4.00000000000E+00
   4.50000000000E+00   5.00000000000E+00   5.50000000000E+00   6.00000000000E+00
   6.50000000000E+00   7.00000000000E+00   7.50000000000E+00   8.00000000000E+00
   8.50000000000E+00   9.00000000000E+00   9.50000000000E+00   1.00000000000E+01
   1.05000000000E+01   1.10000000000E+01   1.15000000000E+01   1.20000000000E+01
   1.25000000000E+01   1.30000000000E+01   1.35000000000E+01   1.40000000000E+01
   1.45000000000E+01   1.50000000000E+01   1.55000000000E+01   1.60000000000E+01
   1.65000000000E+01   1.70000000000E+01   1.75000000000E+01   1.80000000000E+01
   1.85000000000E+01   1.90000000000E+01   1.95000000000E+01   2.00000000000E+01
   2.10000000000E+01   2.20000000000E+01   2.30000000000E+01   2.40000000000E+01
   2.50000000000E+01   2.60000000000E+01   2.70000000000E+01   2.80000000000E+01
   2.90000000000E+01   3.00000000000E+01   3.20000000000E+01   3.40000000000E+01
   3.60000000000E+01   3.80000000000E+01   4.00000000000E+01   4.20000000000E+01
   4.40000000000E+01   4.60000000000E+01   4.80000000000E+01   5.00000000000E+01
   5.20000000000E+01   5.40000000000E+01   5.60000000000E+01   5.80000000000E+01
   6.00000000000E+01   6.20000000000E+01   6.40000000000E+01   6.60000000000E+01
   6.80000000000E+01   7.00000000000E+01   7.20000000000E+01   7.40000000000E+01
   7.60000000000E+01   7.80000000000E+01   8.00000000000E+01   8.50000000000E+01
   9.00000000000E+01   9.50000000000E+01   1.00000000000E+02   1.10000000000E+02
   1.20000000000E+02   1.30000000000E+02   1.40000000000E+02   1.50000000000E+02
   1.60000000000E+02   1.70000000000E+02   1.80000000000E+02   1.90000000000E+02
   2.00000000000E+02   0.00000000000E+00   8.50539300000E-06   2.30347500000E-05
   4.83075200000E-05   8.78146700000E-05   1.45714300000E-04   2.27071300000E-04
   3.38183400000E-04   4.87039500000E-04   6.83978700000E-04   9.42636300000E-04
   1.28127700000E-03   1.72460600000E-03   2.30598200000E-03   3.06925200000E-03
   4.06708000000E-03   5.34744100000E-03   6.91737700000E-03   8.70558400000E-03
   1.06274600000E-02   1.27737900000E-02   1.54633400000E-02   1.91039000000E-02
   2.41182200000E-02   3.09728300000E-02   4.01872700000E-02   5.22134200000E-02
   6.70576900000E-02   8.35774200000E-02   9.88717200000E-02   1.09030500000E-01
   1.11759300000E-01   1.08239200000E-01   1.01779800000E-01   9.53142000000E-02
   9.02772400000E-02   8.67306400000E-02   8.38634400000E-02   8.05889400000E-02
   7.61624900000E-02   6.40402600000E-02   5.13430600000E-02   4.09215800000E-02
   3.31042700000E-02   2.73350100000E-02   2.30274900000E-02   1.97469600000E-02
   1.71969400000E-02   1.51778900000E-02   1.35539400000E-02   1.11410200000E-02
   9.47941000000E-03   8.30668700000E-03   7.46675800000E-03   6.86039800000E-03
   6.42123600000E-03   6.10319200000E-03   5.87340600000E-03   5.70801600000E-03
   5.58947000000E-03   5.50475200000E-03   5.44415600000E-03   5.40041800000E-03
   5.36809800000E-03   5.34312100000E-03   5.32244000000E-03   5.30378800000E-03
   5.28549100000E-03   5.26632400000E-03   5.24541000000E-03   5.22213600000E-03
   5.19609200000E-03   5.16702500000E-03   5.13480200000E-03   5.09938300000E-03
   4.99719100000E-03   4.87711700000E-03   4.74205300000E-03   4.59543600000E-03
   4.28218000000E-03   3.96645600000E-03   3.67584100000E-03   3.43573800000E-03
   3.13756000000E-03   2.88005400000E-03   2.65585800000E-03   2.45924200000E-03
   2.28568400000E-03   2.13157500000E-03   0.00000000000E+00   1.00000000000E+00
   9.26014200000E-01   8.52029300000E-01   7.78044300000E-01   7.04059400000E-01
   6.30074400000E-01   5.56089400000E-01   6.04232200000E-01   6.20718800000E-01
   6.21767600000E-01   6.18729200000E-01   5.97534600000E-01   5.73490600000E-01
   5.42708900000E-01   5.01088500000E-01   4.81416800000E-01   4.57707800000E-01
   4.69721700000E-01   7.12479000000E-01   4.64303400000E+00   8.54265000000E+00
   1.05612800000E+01   1.14182400000E+01   1.16695300000E+01   1.17626300000E+01
   1.17805800000E+01   1.18228700000E+01   1.18995800000E+01   1.19405600000E+01
   1.19348900000E+01   1.18855500000E+01   1.19129300000E+01   1.19183300000E+01
   1.19132200000E+01   1.18904800000E+01   1.19294200000E+01   1.19623500000E+01
   1.19888500000E+01   1.21061000000E+01   1.37308200000E+01   1.50432400000E+01
   1.60407700000E+01   1.69299800000E+01   1.76465800000E+01   1.83729200000E+01
   1.89577800000E+01   1.95667700000E+01   2.00718300000E+01   2.05800000000E+01
   2.16584300000E+01   2.31592900000E+01   2.46415800000E+01   2.61080300000E+01
   2.75313600000E+01   2.88147300000E+01   3.00922100000E+01   3.13427900000E+01
   3.25505400000E+01   3.38427600000E+01   3.51414200000E+01   3.63604100000E+01
   3.75785700000E+01   3.87690700000E+01   3.99477900000E+01   4.11467000000E+01
   4.23915000000E+01   4.35734900000E+01   4.48058700000E+01   4.59529700000E+01
   4.71637500000E+01   4.83323800000E+01   4.94729600000E+01   5.06157400000E+01
   5.17301600000E+01   5.46949900000E+01   5.75140300000E+01   6.03131600000E+01
   6.32092500000E+01   6.90532300000E+01   7.46366200000E+01   8.05043300000E+01
   8.62280000000E+01   9.20637900000E+01   9.78150400000E+01   1.05169300000E+02
   1.17326400000E+02   1.23775200000E+02   1.30400600000E+02                   5
   0.00000000000E+00                   1                   1                  89
   0.00000000000E+00   8.50539300000E-06   2.30347500000E-05   4.83075200000E-05
   8.78146700000E-05   1.45714300000E-04   2.27071300000E-04   3.38183400000E-04
   4.87039500000E-04   6.83978700000E-04   9.42636300000E-04   1.28127700000E-03
   1.72460600000E-03   2.30598200000E-03   3.06925200000E-03   4.06708000000E-03
   5.34744100000E-03   6.91737700000E-03   8.70558400000E-03   1.06274600000E-02
   1.27737900000E-02   1.54633400000E-02   1.91039000000E-02   2.41182200000E-02
   3.09728300000E-02   4.01872700000E-02   5.22134200000E-02   6.70576900000E-02
   8.35774200000E-02   9.88717200000E-02   1.09030500000E-01   1.11759300000E-01
   1.08239200000E-01   1.01779800000E-01   9.53142000000E-02   9.02772400000E-02
   8.67306400000E-02   8.38634400000E-02   8.05889400000E-02   7.61624900000E-02
   6.40402600000E-02   5.13430600000E-02   4.09215800000E-02   3.31042700000E-02
   2.73350100000E-02   2.30274900000E-02   1.97469600000E-02   1.71969400000E-02
   1.51778900000E-02   1.35539400000E-02   1.11410200000E-02   9.47941000000E-03
   8.30668700000E-03   7.46675800000E-03   6.86039800000E-03   6.42123600000E-03
   6.10319200000E-03   5.87340600000E-03   5.70801600000E-03   5.58947000000E-03
   5.50475200000E-03   5.44415600000E-03   5.40041800000E-03   5.36809800000E-03
   5.34312100000E-03   5.32244000000E-03   5.30378800000E-03   5.28549100000E-03
   5.26632400000E-03   5.24541000000E-03   5.22213600000E-03   5.19609200000E-03
   5.16702500000E-03   5.13480200000E-03   5.09938300000E-03   4.99719100000E-03
   4.87711700000E-03   4.74205300000E-03   4.59543600000E-03   4.28218000000E-03
   3.96645600000E-03   3.67584100000E-03   3.43573800000E-03   3.13756000000E-03
   2.88005400000E-03   2.65585800000E-03   2.45924200000E-03   2.28568400000E-03
   2.13157500000E-03                   1                   1                 446
                 515                 584                 585                 586
                 587                 727                 728                 728
                 729                   2                   1               48859
               48950               49041               49042               49043
               49044               49214               49215               49215
               49216                   9                   1               62880
               62955               63030               63031               63032
               63033               63185               63186               63186
               63187                  31                   1              115998
              116057              116116              116117              116118
              116119              116239              116240              116240
              116241                  32                   1              158464
              158519              158574              158575              158576
              158577              158689              158690              158690
              158691                  33                   1              198831
              198888              198945              198946              198947
              198948              199064              199065              199065
              199066                  34                   1              240087
              240171              240255              240256              240257
              240258              240428              240429              240429
              240430                  23                  67   0.00000000000E+00
   1.80220800000E-02   2.20518500000E-02   2.96500100000E-02   4.01025500000E-02
   5.22469500000E-02   6.56063200000E-02   7.81826300000E-02   8.68997500000E-02
   9.00059200000E-02   8.77919000000E-02   8.34381600000E-02   7.87572500000E-02
   7.51204700000E-02   7.25452400000E-02   7.03250700000E-02   6.77166200000E-02
   6.56957900000E-02   6.67836200000E-02   6.06324600000E-02   5.07885500000E-02
   4.13172100000E-02   3.38254600000E-02   2.84282700000E-02   2.41368300000E-02
   2.08630400000E-02   1.83126400000E-02   1.63637400000E-02   1.35534400000E-02
   1.17594000000E-02   1.07077800000E-02   1.00078900000E-02   9.48460300000E-03
   9.10190900000E-03   8.83766000000E-03   8.67617800000E-03   8.59733900000E-03
   8.57543200000E-03   8.62680500000E-03   8.71446600000E-03   8.80608400000E-03
   8.90903000000E-03   9.01324700000E-03   9.17991600000E-03   9.29698900000E-03
   9.44302700000E-03   9.54839800000E-03   9.69332400000E-03   9.80882200000E-03
   9.91936600000E-03   1.00355700000E-02   1.01376000000E-02   1.02225100000E-02
   1.03644600000E-02   1.04863300000E-02   1.05988200000E-02   1.05918300000E-02
   1.04664300000E-02   1.02515400000E-02   1.00127200000E-02   9.82423200000E-03
   9.39577800000E-03   9.00270000000E-03   9.29861800000E-03   8.92880700000E-03
   8.61572400000E-03   8.28979300000E-03                  23                  67
   0.00000000000E+00   2.05191800000E-01   3.64289000000E-01   5.52403600000E-01
   7.57130400000E-01   9.52758800000E-01   1.05118600000E+00   1.15087000000E+00
   1.25268600000E+00   1.35943500000E+00   1.40002700000E+00   1.44628300000E+00
   1.48923700000E+00   1.53143200000E+00   1.58631900000E+00   1.63737600000E+00
   1.68783000000E+00   1.78100400000E+00   2.16592100000E+00   2.46712700000E+00
   2.84759000000E+00   3.11973700000E+00   3.39200600000E+00   3.68223600000E+00
   3.97457800000E+00   4.27127900000E+00   4.55245400000E+00   4.86014200000E+00
   5.48636700000E+00   6.06074200000E+00   6.78231400000E+00   7.49125800000E+00
   8.18006600000E+00   8.88367800000E+00   9.58276700000E+00   1.02948700000E+01
   1.10262400000E+01   1.17602100000E+01   1.24799800000E+01   1.32543000000E+01
   1.40187800000E+01   1.47993400000E+01   1.55824600000E+01   1.63972500000E+01
   1.71373400000E+01   1.79484500000E+01   1.87035900000E+01   1.95613800000E+01
   2.03543800000E+01   2.11663500000E+01   2.20225400000E+01   2.28818400000E+01
   2.37371900000E+01   2.57480700000E+01   2.79249000000E+01   3.01271600000E+01
   3.22009700000E+01   3.63152000000E+01   4.06931300000E+01   4.48389600000E+01
   4.91180400000E+01   5.32234300000E+01   5.74177600000E+01   5.99903600000E+01
   5.77291000000E+01   6.11976700000E+01   6.44427500000E+01                   5
                  -1                   1                   6                   5
                   0                  68   1.00000000000E+00   1.15325300000E+01
   1.20000000000E+01   1.25000000000E+01   1.30000000000E+01   1.35000000000E+01
   1.40000000000E+01   1.45000000000E+01   1.50000000000E+01   1.55000000000E+01
   1.60000000000E+01   1.65000000000E+01   1.70000000000E+01   1.75000000000E+01
   1.80000000000E+01   1.85000000000E+01   1.90000000000E+01   1.95000000000E+01
   2.00000000000E+01   2.10000000000E+01   2.20000000000E+01   2.30000000000E+01
   2.40000000000E+01   2.50000000000E+01   2.60000000000E+01   2.70000000000E+01
   2.80000000000E+01   2.90000000000E+01   3.00000000000E+01   3.20000000000E+01
   3.40000000000E+01   3.60000000000E+01   3.80000000000E+01   4.00000000000E+01
   4.20000000000E+01   4.40000000000E+01   4.60000000000E+01   4.80000000000E+01
   5.00000000000E+01   5.20000000000E+01   5.40000000000E+01   5.60000000000E+01
   5.80000000000E+01   6.00000000000E+01   6.20000000000E+01   6.40000000000E+01
   6.60000000000E+01   6.80000000000E+01   7.00000000000E+01   7.20000000000E+01
   7.40000000000E+01   7.60000000000E+01   7.80000000000E+01   8.00000000000E+01
   8.50000000000E+01   9.00000000000E+01   9.50000000000E+01   1.00000000000E+02
   1.10000000000E+02   1.20000000000E+02   1.30000000000E+02   1.40000000000E+02
   1.50000000000E+02   1.60000000000E+02   1.70000000000E+02   1.80000000000E+02
   1.90000000000E+02   2.00000000000E+02   0.00000000000E+00   0.00000000000E+00
   7.47239200000E-01   7.11974000000E-01   7.37796100000E-01   7.68050600000E-01
   7.79134400000E-01   7.84976600000E-01   7.90748200000E-01   7.97022400000E-01
   8.05355100000E-01   8.11091500000E-01   8.19791000000E-01   8.26290800000E-01
   8.32108600000E-01   8.36443000000E-01   8.38566500000E-01   8.40271900000E-01
   8.62574100000E-01   1.04283800000E+00   1.18092800000E+00   1.24111900000E+00
   1.24809300000E+00   1.23744100000E+00   1.23453600000E+00   1.22230600000E+00
   1.21318300000E+00   1.20653400000E+00   1.20730500000E+00   1.21653500000E+00
   1.24052000000E+00   1.28905500000E+00   1.34032600000E+00   1.38251500000E+00
   1.41747000000E+00   1.44803900000E+00   1.47719700000E+00   1.50618700000E+00
   1.53421200000E+00   1.56715600000E+00   1.60070100000E+00   1.63063000000E+00
   1.65962500000E+00   1.68688800000E+00   1.72475700000E+00   1.75289600000E+00
   1.78659400000E+00   1.81310500000E+00   1.84796300000E+00   1.87831600000E+00
   1.90900500000E+00   1.94223400000E+00   1.97429200000E+00   2.00465600000E+00
   2.07405700000E+00   2.15010800000E+00   2.23507000000E+00   2.30485900000E+00
   2.44418300000E+00   2.58455900000E+00   2.72392600000E+00   2.85942400000E+00
   2.99461300000E+00   3.12587900000E+00   3.50117300000E+00   3.63071500000E+00
   3.76942900000E+00   3.88904600000E+00                   0                   1
                   0                   4                  10                   0
                   2   1.00000000000E+00   2.00000000000E+02   1.00000000000E+00
   1.00000000000E+00                   0                  30   1.00000000000E+00
   1.15325300000E+01   1.20000000000E+01   1.40000000000E+01   1.60000000000E+01
   1.80000000000E+01   2.00000000000E+01   2.20000000000E+01   2.40000000000E+01
   2.60000000000E+01   2.80000000000E+01   3.00000000000E+01   3.20000000000E+01
   3.60000000000E+01   4.00000000000E+01   4.40000000000E+01   4.80000000000E+01
   5.00000000000E+01   5.20000000000E+01   5.60000000000E+01   6.00000000000E+01
   7.00000000000E+01   8.00000000000E+01   9.00000000000E+01   1.00000000000E+02
   1.20000000000E+02   1.40000000000E+02   1.60000000000E+02   1.80000000000E+02
   2.00000000000E+02                  72                  83                  94
                 117                 362                 848                1466
                2326                3277                4319                5426
                6598                7822                9098               10452
               12089               13786               15528               17285
               19072               20889               22736               24897
               27109               29638               32205               35105
               38327               41572               44840                   2
                   3   0.00000000000E+00   5.00000000000E-07   1.00000000000E-06
   0.00000000000E+00   2.00000000000E+06   0.00000000000E+00   0.00000000000E+00
   5.00000000000E-01   1.00000000000E+00                   2                   3
   0.00000000000E+00   5.00000000000E-07   1.00000000000E-06   0.00000000000E+00
   2.00000000000E+06   0.00000000000E+00   0.00000000000E+00   5.00000000000E-01
   1.00000000000E+00                   2                   7   0.00000000000E+00
   2.50000000000E-02   1.00000000000E-01   2.00000000000E-01   3.00000000000E-01
   4.00000000000E-01   5.00000000000E-01   0.00000000000E+00   5.25988800000E-01
   2.10395300000E+00   3.30020400000E+00   1.85644000000E-06   4.02633400000E+00
   1.13901300000E+00   0.00000000000E+00   6.57486024000E-03   1.05197681000E-01
   3.75405541000E-01   5.40415840000E-01   7.41732640000E-01   1.00000000000E+00
                   2                  27   0.00000000000E+00   2.50000000000E-02
   1.00000000000E-01   2.00000000000E-01   3.00000000000E-01   4.00000000000E-01
   5.00000000000E-01   6.00000000000E-01   7.00000000000E-01   8.00000000000E-01
   9.00000000000E-01   1.00000000000E+00   1.10000000000E+00   1.20000000000E+00
   1.30000000000E+00   1.40000000000E+00   1.50000000000E+00   1.60000000000E+00
   1.70000000000E+00   1.80000000000E+00   1.90000000000E+00   2.00000000000E+00
   2.10000000000E+00   2.20000000000E+00   2.30000000000E+00   2.40000000000E+00
   2.50000000000E+00   0.00000000000E+00   3.50971600000E-02   1.39982500000E-01
   2.10040100000E-01   2.66482900000E-01   1.58842200000E-01   4.36538500000E-01
   5.98575900000E-01   9.57126200000E-01   3.00806700000E-01   7.88612500000E-01
   8.77567700000E-01   1.77982800000E-01   9.19526500000E-01   7.40182300000E-01
   2.74619200000E-01   6.68897500000E-01   1.42277000000E-01   3.21520200000E-01
   7.05997000000E-06   3.82580000000E-06   1.89381000000E-06   6.90538100000E-01
   6.50899700000E-01   7.60229000000E-08   4.80358400000E-01   3.97118800000E-01
   0.00000000000E+00   4.38714503000E-04   7.00420180000E-03   2.45053319000E-02
   4.83314821000E-02   6.95977373000E-02   9.93667725000E-02   1.51122493000E-01
   2.28907599000E-01   2.91804244000E-01   3.46275204000E-01   4.29584215000E-01
   4.82361740000E-01   5.37237206000E-01   6.20222647000E-01   6.70962722000E-01
   7.18138557000E-01   7.58697283000E-01   7.81887143000E-01   7.97963506000E-01
   7.97964050000E-01   7.97964336000E-01   8.32491336000E-01   8.99563227000E-01
   9.32108216000E-01   9.56126140000E-01   1.00000000000E+00                   0
                   0                   0                   0                   0
                   0                   0                   0                   0
                   0                   0                   0                   0
                   0                   0                   0                   0
                   0                   0                   0                   0
                   0                   0                   0                   0
                   0                   0                   0                   0
                   0                   0                   0                   0
                   0                   0                   0                   0
                   0                   0                   0                   0
                   0                   0                   0                   0
                   0                   0                   0                   0
                   0                   0                   0                   0
                   0                   0                   0                   0
                   0                   0                   0                   0
                   0                   0                   0                   0
                   0                   0                   0                   0
                   0                   0                   0                   0
                   0                   0                   0                   0
                   0                   0                   0                   0
                   0                   0                   0                   0
                   0                   0                   0                   0
                   0                   0                   0                   0
                   0                   0                   0                   0
                   0                   0                   0                   0
                   0                   0                   0                   0
                   0                   0                   0                   0
                   0                   0                   0                   0
                   0                   0                   0                   0
                   0                   0                   0                   0
                   0                   0                   0                   0
                   0                   0                   0                   0
                   0
