 32072.00u   71.304230  0.0000E+00   02/26/20
Ace Ge72 IAEA-PD                                                         mat3231
      0         0.      0         0.      0         0.      0         0.
      0         0.      0         0.      0         0.      0         0.
      0         0.      0         0.      0         0.      0         0.
      0         0.      0         0.      0         0.      0         0.
   299907    32072       89        1        7        2       12        0
        0        0        0        0        0        0        0        1
        1       90       90        0      179      268      269      270
      271      362      446        0        0        0        0        0
        0        0        0        0        0        0        0        0
        0        0        0        0        0        0        0        0
   9.99999000000E-01   1.00000000000E+00   1.50000000000E+00   2.00000000000E+00
   2.50000000000E+00   3.00000000000E+00   3.50000000000E+00   4.00000000000E+00
   4.50000000000E+00   5.00000000000E+00   5.50000000000E+00   6.00000000000E+00
   6.50000000000E+00   7.00000000000E+00   7.50000000000E+00   8.00000000000E+00
   8.50000000000E+00   9.00000000000E+00   9.50000000000E+00   1.00000000000E+01
   1.05000000000E+01   1.10000000000E+01   1.15000000000E+01   1.20000000000E+01
   1.25000000000E+01   1.30000000000E+01   1.35000000000E+01   1.40000000000E+01
   1.45000000000E+01   1.50000000000E+01   1.55000000000E+01   1.60000000000E+01
   1.65000000000E+01   1.70000000000E+01   1.75000000000E+01   1.80000000000E+01
   1.85000000000E+01   1.90000000000E+01   1.95000000000E+01   2.00000000000E+01
   2.10000000000E+01   2.20000000000E+01   2.30000000000E+01   2.40000000000E+01
   2.50000000000E+01   2.60000000000E+01   2.70000000000E+01   2.80000000000E+01
   2.90000000000E+01   3.00000000000E+01   3.20000000000E+01   3.40000000000E+01
   3.60000000000E+01   3.80000000000E+01   4.00000000000E+01   4.20000000000E+01
   4.40000000000E+01   4.60000000000E+01   4.80000000000E+01   5.00000000000E+01
   5.20000000000E+01   5.40000000000E+01   5.60000000000E+01   5.80000000000E+01
   6.00000000000E+01   6.20000000000E+01   6.40000000000E+01   6.60000000000E+01
   6.80000000000E+01   7.00000000000E+01   7.20000000000E+01   7.40000000000E+01
   7.60000000000E+01   7.80000000000E+01   8.00000000000E+01   8.50000000000E+01
   9.00000000000E+01   9.50000000000E+01   1.00000000000E+02   1.10000000000E+02
   1.20000000000E+02   1.30000000000E+02   1.40000000000E+02   1.50000000000E+02
   1.60000000000E+02   1.70000000000E+02   1.80000000000E+02   1.90000000000E+02
   2.00000000000E+02   0.00000000000E+00   1.13937200000E-05   3.11717900000E-05
   6.58409800000E-05   1.20309400000E-04   2.00394900000E-04   3.13149300000E-04
   4.67295800000E-04   6.73838800000E-04   9.46931400000E-04   1.30511200000E-03
   1.77303100000E-03   2.38375300000E-03   3.18140900000E-03   4.22276700000E-03
   5.57260000000E-03   7.28039300000E-03   9.32637800000E-03   1.15820700000E-02
   1.39284600000E-02   1.64891400000E-02   1.96229400000E-02   2.37161300000E-02
   2.90917700000E-02   3.60261700000E-02   4.47427300000E-02   5.53283500000E-02
   6.75622400000E-02   8.06962600000E-02   9.33297600000E-02   1.03610800000E-01
   1.09864100000E-01   1.11335500000E-01   1.08485200000E-01   1.02618600000E-01
   9.52392000000E-02   8.75917200000E-02   8.05235500000E-02   7.45294800000E-02
   6.97981900000E-02   6.26911400000E-02   5.37708700000E-02   4.34979000000E-02
   3.54501900000E-02   2.96539000000E-02   2.53625200000E-02   2.20594500000E-02
   1.94368200000E-02   1.73063100000E-02   1.55465400000E-02   1.28343800000E-02
   1.08829600000E-02   9.45619600000E-03   8.40526200000E-03   7.62909300000E-03
   7.05579200000E-03   6.63285600000E-03   6.32140800000E-03   6.09245900000E-03
   5.92432000000E-03   5.80072800000E-03   5.70947600000E-03   5.64139500000E-03
   5.58959000000E-03   5.54888200000E-03   5.51538400000E-03   5.48618700000E-03
   5.45912100000E-03   5.43258200000E-03   5.40539800000E-03   5.37672500000E-03
   5.34597500000E-03   5.31275100000E-03   5.27681100000E-03   5.23802600000E-03
   5.12853200000E-03   5.00220000000E-03   4.86150200000E-03   4.70964400000E-03
   4.38669100000E-03   4.06218900000E-03   3.76391500000E-03   3.51764000000E-03
   3.21211500000E-03   2.94832700000E-03   2.71870200000E-03   2.51735200000E-03
   2.33963400000E-03   2.18184300000E-03   0.00000000000E+00   1.00000000000E+00
   9.49813000000E-01   8.99626800000E-01   8.49440600000E-01   7.99254400000E-01
   7.49068200000E-01   4.32890300000E-01   4.67642200000E-01   4.69624700000E-01
   4.58200900000E-01   4.41757700000E-01   4.37254000000E-01   4.23767800000E-01
   3.95293300000E-01   3.47069400000E-01   3.44413400000E-01   3.22455800000E-01
   2.81501500000E-01   2.28666000000E-01   2.38814800000E+00   1.04604500000E+01
   1.03327500000E+01   1.07071900000E+01   1.06420400000E+01   1.06779300000E+01
   1.07432400000E+01   1.07850300000E+01   1.08271800000E+01   1.08340200000E+01
   1.08154900000E+01   1.07760100000E+01   1.08169900000E+01   1.08481000000E+01
   1.08659700000E+01   1.08700700000E+01   1.13386400000E+01   1.22264200000E+01
   1.31872600000E+01   1.39362600000E+01   1.50285300000E+01   1.57490800000E+01
   1.61080800000E+01   1.65700000000E+01   1.68819800000E+01   1.72287800000E+01
   1.75183600000E+01   1.78242500000E+01   1.82154400000E+01   1.86342800000E+01
   1.99115600000E+01   2.17172600000E+01   2.34529000000E+01   2.48579500000E+01
   2.62225300000E+01   2.73801100000E+01   2.85210900000E+01   2.98423400000E+01
   3.11487900000E+01   3.24316900000E+01   3.37149800000E+01   3.49273100000E+01
   3.61346200000E+01   3.73603200000E+01   3.85705400000E+01   3.97980800000E+01
   4.10747600000E+01   4.22676200000E+01   4.35016900000E+01   4.46995600000E+01
   4.58742800000E+01   4.70124900000E+01   4.82172100000E+01   4.93494300000E+01
   5.04725800000E+01   5.33978600000E+01   5.62747700000E+01   5.91336600000E+01
   6.18818100000E+01   6.77487700000E+01   7.34618600000E+01   7.92391400000E+01
   8.49361400000E+01   9.08853300000E+01   9.67400500000E+01   1.03728400000E+02
   1.15490900000E+02   1.21999400000E+02   1.28650200000E+02                   5
   0.00000000000E+00                   1                   1                  89
   0.00000000000E+00   1.13937200000E-05   3.11717900000E-05   6.58409800000E-05
   1.20309400000E-04   2.00394900000E-04   3.13149300000E-04   4.67295800000E-04
   6.73838800000E-04   9.46931400000E-04   1.30511200000E-03   1.77303100000E-03
   2.38375300000E-03   3.18140900000E-03   4.22276700000E-03   5.57260000000E-03
   7.28039300000E-03   9.32637800000E-03   1.15820700000E-02   1.39284600000E-02
   1.64891400000E-02   1.96229400000E-02   2.37161300000E-02   2.90917700000E-02
   3.60261700000E-02   4.47427300000E-02   5.53283500000E-02   6.75622400000E-02
   8.06962600000E-02   9.33297600000E-02   1.03610800000E-01   1.09864100000E-01
   1.11335500000E-01   1.08485200000E-01   1.02618600000E-01   9.52392000000E-02
   8.75917200000E-02   8.05235500000E-02   7.45294800000E-02   6.97981900000E-02
   6.26911400000E-02   5.37708700000E-02   4.34979000000E-02   3.54501900000E-02
   2.96539000000E-02   2.53625200000E-02   2.20594500000E-02   1.94368200000E-02
   1.73063100000E-02   1.55465400000E-02   1.28343800000E-02   1.08829600000E-02
   9.45619600000E-03   8.40526200000E-03   7.62909300000E-03   7.05579200000E-03
   6.63285600000E-03   6.32140800000E-03   6.09245900000E-03   5.92432000000E-03
   5.80072800000E-03   5.70947600000E-03   5.64139500000E-03   5.58959000000E-03
   5.54888200000E-03   5.51538400000E-03   5.48618700000E-03   5.45912100000E-03
   5.43258200000E-03   5.40539800000E-03   5.37672500000E-03   5.34597500000E-03
   5.31275100000E-03   5.27681100000E-03   5.23802600000E-03   5.12853200000E-03
   5.00220000000E-03   4.86150200000E-03   4.70964400000E-03   4.38669100000E-03
   4.06218900000E-03   3.76391500000E-03   3.51764000000E-03   3.21211500000E-03
   2.94832700000E-03   2.71870200000E-03   2.51735200000E-03   2.33963400000E-03
   2.18184300000E-03                   1                   1                 446
                 517                 588                 589                 590
                 591                 735                 736                 736
                 737                   2                   1               49632
               49723               49814               49815               49816
               49817               49989               49990               49990
               49991                   9                   1               63655
               63728               63801               63802               63803
               63804               63952               63953               63953
               63954                  31                   1              115471
              115530              115589              115590              115591
              115592              115710              115711              115711
              115712                  32                   1              157724
              157780              157836              157837              157838
              157839              157953              157954              157954
              157955                  33                   1              198971
              199025              199079              199080              199081
              199082              199192              199193              199193
              199194                  34                   1              238702
              238784              238866              238867              238868
              238869              239035              239036              239036
              239037                  21                  69   0.00000000000E+00
   1.83589800000E-02   2.30107400000E-02   2.86545600000E-02   3.55313400000E-02
   4.39535400000E-02   5.40598300000E-02   6.57537700000E-02   7.84213300000E-02
   9.07375800000E-02   1.00861000000E-01   1.07127600000E-01   1.08667100000E-01
   1.05933700000E-01   1.00207200000E-01   9.29519700000E-02   8.84946200000E-02
   9.17399200000E-02   9.50553500000E-02   9.61574800000E-02   9.54025000000E-02
   8.53248500000E-02   7.04706900000E-02   5.79200800000E-02   4.84815500000E-02
   4.13994700000E-02   3.58764700000E-02   3.14383000000E-02   2.78424400000E-02
   2.48893700000E-02   2.07226300000E-02   1.83487000000E-02   1.66876000000E-02
   1.53072300000E-02   1.42064200000E-02   1.33707500000E-02   1.27964000000E-02
   1.24489200000E-02   1.22519500000E-02   1.21630300000E-02   1.21272200000E-02
   1.21402400000E-02   1.22072000000E-02   1.22731700000E-02   1.23906500000E-02
   1.25399300000E-02   1.26532000000E-02   1.28023600000E-02   1.29114700000E-02
   1.30482000000E-02   1.31645600000E-02   1.32738600000E-02   1.33384800000E-02
   1.34210300000E-02   1.34942200000E-02   1.36595700000E-02   1.37694400000E-02
   1.37730400000E-02   1.37492900000E-02   1.35408900000E-02   1.31871500000E-02
   1.28465200000E-02   1.25674400000E-02   1.19759000000E-02   1.14352600000E-02
   1.17785300000E-02   1.12960000000E-02   1.08507600000E-02   1.04217200000E-02
                  21                  69   0.00000000000E+00   1.03705000000E-01
   3.23263900000E-01   5.47153800000E-01   7.67086400000E-01   9.82397200000E-01
   1.19427900000E+00   1.40590300000E+00   1.46506300000E+00   1.52693500000E+00
   1.59019600000E+00   1.65428500000E+00   1.69636900000E+00   1.73765400000E+00
   1.77819800000E+00   1.81774300000E+00   1.84516800000E+00   2.03957700000E+00
   2.23717000000E+00   2.36674100000E+00   2.81627700000E+00   3.14718200000E+00
   3.48993100000E+00   3.79866000000E+00   4.11789800000E+00   4.42758700000E+00
   4.73652600000E+00   5.03394100000E+00   5.31612800000E+00   5.59783400000E+00
   6.20217500000E+00   6.86031700000E+00   7.58250900000E+00   8.33205400000E+00
   9.03812000000E+00   9.73542000000E+00   1.04588300000E+01   1.11749400000E+01
   1.19208000000E+01   1.26614500000E+01   1.34299100000E+01   1.41871500000E+01
   1.49748300000E+01   1.57365400000E+01   1.65541600000E+01   1.73579200000E+01
   1.81177200000E+01   1.89405400000E+01   1.97206200000E+01   2.05632500000E+01
   2.13856500000E+01   2.22230700000E+01   2.30127200000E+01   2.38617300000E+01
   2.47254500000E+01   2.67736200000E+01   2.89220000000E+01   3.09879900000E+01
   3.31903900000E+01   3.73539800000E+01   4.16611300000E+01   4.58369100000E+01
   5.01114400000E+01   5.41461200000E+01   5.82534400000E+01   6.11752600000E+01
   5.93278300000E+01   6.27027900000E+01   6.60048300000E+01                   5
                  -1                   1                   6                   5
                   0                  70   1.00000000000E+00   1.07507200000E+01
   1.10000000000E+01   1.15000000000E+01   1.20000000000E+01   1.25000000000E+01
   1.30000000000E+01   1.35000000000E+01   1.40000000000E+01   1.45000000000E+01
   1.50000000000E+01   1.55000000000E+01   1.60000000000E+01   1.65000000000E+01
   1.70000000000E+01   1.75000000000E+01   1.80000000000E+01   1.85000000000E+01
   1.90000000000E+01   1.95000000000E+01   2.00000000000E+01   2.10000000000E+01
   2.20000000000E+01   2.30000000000E+01   2.40000000000E+01   2.50000000000E+01
   2.60000000000E+01   2.70000000000E+01   2.80000000000E+01   2.90000000000E+01
   3.00000000000E+01   3.20000000000E+01   3.40000000000E+01   3.60000000000E+01
   3.80000000000E+01   4.00000000000E+01   4.20000000000E+01   4.40000000000E+01
   4.60000000000E+01   4.80000000000E+01   5.00000000000E+01   5.20000000000E+01
   5.40000000000E+01   5.60000000000E+01   5.80000000000E+01   6.00000000000E+01
   6.20000000000E+01   6.40000000000E+01   6.60000000000E+01   6.80000000000E+01
   7.00000000000E+01   7.20000000000E+01   7.40000000000E+01   7.60000000000E+01
   7.80000000000E+01   8.00000000000E+01   8.50000000000E+01   9.00000000000E+01
   9.50000000000E+01   1.00000000000E+02   1.10000000000E+02   1.20000000000E+02
   1.30000000000E+02   1.40000000000E+02   1.50000000000E+02   1.60000000000E+02
   1.70000000000E+02   1.80000000000E+02   1.90000000000E+02   2.00000000000E+02
   0.00000000000E+00   0.00000000000E+00   9.35587600000E-01   9.70257000000E-01
   9.84971400000E-01   9.86264700000E-01   9.82361600000E-01   9.77072900000E-01
   9.73232500000E-01   9.71808700000E-01   9.72225600000E-01   9.73460300000E-01
   9.75092000000E-01   9.76032800000E-01   9.76480700000E-01   9.76501300000E-01
   9.75984400000E-01   1.01030800000E+00   1.13929300000E+00   1.27540600000E+00
   1.37765000000E+00   1.52178600000E+00   1.58682300000E+00   1.62009400000E+00
   1.63384400000E+00   1.63491300000E+00   1.63230900000E+00   1.62635400000E+00
   1.61746100000E+00   1.60880300000E+00   1.60095900000E+00   1.61461900000E+00
   1.68600300000E+00   1.76472700000E+00   1.82114800000E+00   1.86213700000E+00
   1.89500300000E+00   1.92924400000E+00   1.96932700000E+00   2.01100200000E+00
   2.05306800000E+00   2.09063800000E+00   2.12633200000E+00   2.16386200000E+00
   2.19571900000E+00   2.23299900000E+00   2.27362800000E+00   2.30637400000E+00
   2.34513200000E+00   2.37667300000E+00   2.41392000000E+00   2.44843500000E+00
   2.48296300000E+00   2.51065400000E+00   2.54339800000E+00   2.57620300000E+00
   2.66344600000E+00   2.75267700000E+00   2.83308300000E+00   2.91939100000E+00
   3.08681200000E+00   3.24631600000E+00   3.41307400000E+00   3.57269100000E+00
   3.72835300000E+00   3.87855900000E+00   4.33240900000E+00   4.48725500000E+00
   4.63780200000E+00   4.77656700000E+00                   0                   1
                   0                   4                  10                   0
                   2   1.00000000000E+00   2.00000000000E+02   1.00000000000E+00
   1.00000000000E+00                   0                  30   1.00000000000E+00
   1.07507200000E+01   1.20000000000E+01   1.40000000000E+01   1.60000000000E+01
   1.80000000000E+01   2.00000000000E+01   2.20000000000E+01   2.40000000000E+01
   2.60000000000E+01   2.80000000000E+01   3.00000000000E+01   3.20000000000E+01
   3.60000000000E+01   4.00000000000E+01   4.40000000000E+01   4.80000000000E+01
   5.00000000000E+01   5.20000000000E+01   5.60000000000E+01   6.00000000000E+01
   7.00000000000E+01   8.00000000000E+01   9.00000000000E+01   1.00000000000E+02
   1.20000000000E+02   1.40000000000E+02   1.60000000000E+02   1.80000000000E+02
   2.00000000000E+02                  72                  83                  94
                 138                 446                1009                1693
                2476                3505                4612                5784
                7008                8284                9612               11005
               12463               14190               15962               17764
               19581               21428               23305               25500
               27746               30294               32880               35801
               39023               42291               45582                   2
                   3   0.00000000000E+00   5.00000000000E-07   1.00000000000E-06
   0.00000000000E+00   2.00000000000E+06   0.00000000000E+00   0.00000000000E+00
   5.00000000000E-01   1.00000000000E+00                   2                   3
   0.00000000000E+00   5.00000000000E-07   1.00000000000E-06   0.00000000000E+00
   2.00000000000E+06   0.00000000000E+00   0.00000000000E+00   5.00000000000E-01
   1.00000000000E+00                   2                  14   0.00000000000E+00
   2.50000000000E-02   1.00000000000E-01   2.00000000000E-01   3.00000000000E-01
   4.00000000000E-01   5.00000000000E-01   6.00000000000E-01   7.00000000000E-01
   8.00000000000E-01   9.00000000000E-01   1.00000000000E+00   1.10000000000E+00
   1.20000000000E+00   0.00000000000E+00   1.67364100000E-01   6.67973900000E-01
   6.06242500000E-01   1.51747000000E-04   3.83894400000E+00   1.32643700000E+00
   3.40719000000E-05   2.04285100000E+00   6.90580000000E-06   2.20004000000E-06
   5.04703000000E-07   7.62368200000E-01   1.50960600000E+00   0.00000000000E+00
   2.09205118000E-03   3.34172251000E-02   9.71280429000E-02   1.27447754000E-01
   3.19402535000E-01   5.77671576000E-01   6.43995128000E-01   7.46139378000E-01
   8.48282269000E-01   8.48282725000E-01   8.48282860000E-01   8.86401294000E-01
   1.00000000000E+00                   2                  34   0.00000000000E+00
   2.50000000000E-02   1.00000000000E-01   2.00000000000E-01   3.00000000000E-01
   4.00000000000E-01   5.00000000000E-01   6.00000000000E-01   7.00000000000E-01
   8.00000000000E-01   9.00000000000E-01   1.00000000000E+00   1.10000000000E+00
   1.20000000000E+00   1.30000000000E+00   1.40000000000E+00   1.50000000000E+00
   1.60000000000E+00   1.70000000000E+00   1.80000000000E+00   1.90000000000E+00
   2.00000000000E+00   2.10000000000E+00   2.20000000000E+00   2.30000000000E+00
   2.40000000000E+00   2.50000000000E+00   2.60000000000E+00   2.70000000000E+00
   2.80000000000E+00   2.90000000000E+00   3.00000000000E+00   3.10000000000E+00
   3.20000000000E+00   0.00000000000E+00   3.96196500000E-02   1.53431300000E-01
   2.34354600000E-01   3.00211500000E-01   3.52119900000E-01   3.90520800000E-01
   4.16509100000E-01   4.31589000000E-01   4.37478900000E-01   4.35957500000E-01
   4.28637200000E-01   4.16922000000E-01   4.02011900000E-01   3.84896700000E-01
   3.66358400000E-01   3.47009300000E-01   1.65923000000E-01   2.69847700000E-01
   6.84365900000E-01   4.19264900000E-01   5.63832100000E-01   4.23741100000E-01
   3.16418600000E-01   4.48218000000E-06   7.53919500000E-01   2.70499300000E-01
   9.86192000000E-07   4.04106900000E-01   2.35940000000E-07   8.48336000000E-08
   1.99249000000E-08   1.63448600000E-01   1.31974700000E-01   0.00000000000E+00
   4.95245636000E-04   7.73465643000E-03   2.71239519000E-02   5.38522575000E-02
   8.64688282000E-02   1.23600864000E-01   1.63952360000E-01   2.06357266000E-01
   2.49810662000E-01   2.93482483000E-01   3.36712219000E-01   3.78990180000E-01
   4.19936876000E-01   4.59282307000E-01   4.96845063000E-01   5.32513448000E-01
   5.58160064000E-01   5.79948600000E-01   6.27659281000E-01   6.82840822000E-01
   7.31995673000E-01   7.81374334000E-01   8.18382320000E-01   8.34203474000E-01
   8.71899674000E-01   9.23120616000E-01   9.36645630000E-01   9.56851025000E-01
   9.77056382000E-01   9.77056398000E-01   9.77056403000E-01   9.85228835000E-01
   1.00000000000E+00                   0                   0                   0
                   0                   0                   0                   0
                   0                   0                   0                   0
                   0                   0                   0                   0
                   0                   0                   0                   0
                   0                   0                   0                   0
                   0                   0                   0                   0
                   0                   0                   0                   0
                   0                   0                   0                   0
                   0                   0                   0                   0
                   0                   0                   0                   0
                   0                   0                   0                   0
                   0                   0                   0                   0
                   0                   0                   0                   0
                   0                   0                   0                   0
                   0                   0                   0                   0
                   0                   0                   0                   0
                   0                   0                   0                   0
                   0                   0                   0                   0
                   0                   0                   0                   0
                   0                   0                   0                   0
                   0                   0                   0                   0
                   0                   0                   0                   0
                   0                   0                   0                   0
                   0                   0                   0                   0
                   0                   0                   0                   0
                   0                   0                   0                   0
                   0                   0                   0                   0
                   0                   0                   0                   0
                   0                   0                   0                   0
                   0                   0                   0                   0
                   0                   0                   0                   0
                   0                   0                   0
