 32073.00u   72.297010  0.0000E+00   06/19/20
Ace Ge73 IAEA-PD                                                         mat3234
      0         0.      0         0.      0         0.      0         0.
      0         0.      0         0.      0         0.      0         0.
      0         0.      0         0.      0         0.      0         0.
      0         0.      0         0.      0         0.      0         0.
   318044    32073       89        1        7        2       12        0
        0        0        0        0        0        0        0        1
        1       90       90        0      179      268      269      270
      271      362      446        0        0        0        0        0
        0        0        0        0        0        0        0        0
        0        0        0        0        0        0        0        0
   9.99999000000E-01   1.00000000000E+00   1.50000000000E+00   2.00000000000E+00
   2.50000000000E+00   3.00000000000E+00   3.50000000000E+00   4.00000000000E+00
   4.50000000000E+00   5.00000000000E+00   5.50000000000E+00   6.00000000000E+00
   6.50000000000E+00   7.00000000000E+00   7.50000000000E+00   8.00000000000E+00
   8.50000000000E+00   9.00000000000E+00   9.50000000000E+00   1.00000000000E+01
   1.05000000000E+01   1.10000000000E+01   1.15000000000E+01   1.20000000000E+01
   1.25000000000E+01   1.30000000000E+01   1.35000000000E+01   1.40000000000E+01
   1.45000000000E+01   1.50000000000E+01   1.55000000000E+01   1.60000000000E+01
   1.65000000000E+01   1.70000000000E+01   1.75000000000E+01   1.80000000000E+01
   1.85000000000E+01   1.90000000000E+01   1.95000000000E+01   2.00000000000E+01
   2.10000000000E+01   2.20000000000E+01   2.30000000000E+01   2.40000000000E+01
   2.50000000000E+01   2.60000000000E+01   2.70000000000E+01   2.80000000000E+01
   2.90000000000E+01   3.00000000000E+01   3.20000000000E+01   3.40000000000E+01
   3.60000000000E+01   3.80000000000E+01   4.00000000000E+01   4.20000000000E+01
   4.40000000000E+01   4.60000000000E+01   4.80000000000E+01   5.00000000000E+01
   5.20000000000E+01   5.40000000000E+01   5.60000000000E+01   5.80000000000E+01
   6.00000000000E+01   6.20000000000E+01   6.40000000000E+01   6.60000000000E+01
   6.80000000000E+01   7.00000000000E+01   7.20000000000E+01   7.40000000000E+01
   7.60000000000E+01   7.80000000000E+01   8.00000000000E+01   8.50000000000E+01
   9.00000000000E+01   9.50000000000E+01   1.00000000000E+02   1.10000000000E+02
   1.20000000000E+02   1.30000000000E+02   1.40000000000E+02   1.50000000000E+02
   1.60000000000E+02   1.70000000000E+02   1.80000000000E+02   1.90000000000E+02
   2.00000000000E+02   0.00000000000E+00   3.71348600000E-06   1.12991100000E-05
   2.55246000000E-05   4.88042300000E-05   8.39127400000E-05   1.34112400000E-04
   2.03314700000E-04   2.96296400000E-04   4.18997200000E-04   5.78929000000E-04
   7.85721900000E-04   1.05184900000E-03   1.39362000000E-03   1.83261100000E-03
   2.39787800000E-03   3.12962700000E-03   4.08597300000E-03   5.35735300000E-03
   7.10401900000E-03   9.67383900000E-03   1.38434800000E-02   1.84493000000E-02
   2.12324900000E-02   2.63699600000E-02   3.41785200000E-02   4.45672300000E-02
   5.71150300000E-02   7.02454700000E-02   8.11715400000E-02   8.76056500000E-02
   8.97932800000E-02   8.98888200000E-02   8.95685300000E-02   8.88104800000E-02
   8.64646300000E-02   8.16551500000E-02   7.46602000000E-02   6.65852900000E-02
   5.85427800000E-02   4.47398500000E-02   3.47685000000E-02   2.77809400000E-02
   2.28127800000E-02   1.91856900000E-02   1.64650300000E-02   1.43744500000E-02
   1.27350200000E-02   1.14277800000E-02   1.03713500000E-02   8.79806200000E-03
   7.71945800000E-03   6.96837100000E-03   6.44246100000E-03   6.07505600000E-03
   5.82068300000E-03   5.64732400000E-03   5.53195300000E-03   5.45778500000E-03
   5.41248500000E-03   5.38694500000E-03   5.37442500000E-03   5.36993900000E-03
   5.36980700000E-03   5.37132500000E-03   5.37252200000E-03   5.37197900000E-03
   5.36869500000E-03   5.36198200000E-03   5.35139300000E-03   5.33666300000E-03
   5.31766500000E-03   5.29437700000E-03   5.26685400000E-03   5.23521600000E-03
   5.13925500000E-03   5.02195900000E-03   4.88724700000E-03   4.73927000000E-03
   4.42010500000E-03   4.09641900000E-03   3.79762900000E-03   3.55046700000E-03
   3.24283600000E-03   2.97703800000E-03   2.74554000000E-03   2.54246600000E-03
   2.36317000000E-03   2.20394100000E-03   0.00000000000E+00   1.00000000000E+00
   6.14185500000E-01   2.28372000000E-01   2.59039200000E-01   2.78482700000E-01
   2.73649900000E-01   2.30032500000E-01   2.69200200000E-01   2.69337700000E-01
   2.32903900000E-01   1.65908700000E-01   3.21967700000E-01   5.93986700000E-01
   1.73849600000E+00   2.78003600000E+00   5.11382300000E+00   5.42013200000E+00
   5.94667200000E+00   6.77555900000E+00   6.72860600000E+00   6.73538000000E+00
   6.77127600000E+00   6.80503900000E+00   6.82975000000E+00   6.83853700000E+00
   6.83866300000E+00   6.83255900000E+00   6.84293100000E+00   6.84743100000E+00
   6.84687400000E+00   6.83865900000E+00   6.89178200000E+00   6.94280600000E+00
   6.99119400000E+00   7.17621300000E+00   8.61961500000E+00   1.00476500000E+01
   1.13328000000E+01   1.23948100000E+01   1.38737300000E+01   1.50755800000E+01
   1.56278700000E+01   1.61495500000E+01   1.64281400000E+01   1.66972700000E+01
   1.70971600000E+01   1.75305900000E+01   1.82931500000E+01   1.90404500000E+01
   2.05884400000E+01   2.19212300000E+01   2.32999900000E+01   2.43249500000E+01
   2.54103700000E+01   2.68068100000E+01   2.82361100000E+01   2.98244900000E+01
   3.13647500000E+01   3.27228600000E+01   3.39604300000E+01   3.52111600000E+01
   3.64631400000E+01   3.75168600000E+01   3.88044200000E+01   4.00701400000E+01
   4.13812200000E+01   4.26200700000E+01   4.38486300000E+01   4.51416700000E+01
   4.63835000000E+01   4.76355300000E+01   4.88552700000E+01   5.01100100000E+01
   5.12719300000E+01   5.42948700000E+01   5.72723300000E+01   6.03558500000E+01
   6.33166400000E+01   6.95218700000E+01   7.55003200000E+01   8.17936000000E+01
   8.78708900000E+01   9.50083700000E+01   1.05106300000E+02   1.11988300000E+02
   1.18830100000E+02   1.25742100000E+02   1.32589300000E+02                   5
   0.00000000000E+00                   1                   1                  89
   0.00000000000E+00   3.71348600000E-06   1.12991100000E-05   2.55246000000E-05
   4.88042300000E-05   8.39127400000E-05   1.34112400000E-04   2.03314700000E-04
   2.96296400000E-04   4.18997200000E-04   5.78929000000E-04   7.85721900000E-04
   1.05184900000E-03   1.39362000000E-03   1.83261100000E-03   2.39787800000E-03
   3.12962700000E-03   4.08597300000E-03   5.35735300000E-03   7.10401900000E-03
   9.67383900000E-03   1.38434800000E-02   1.84493000000E-02   2.12324900000E-02
   2.63699600000E-02   3.41785200000E-02   4.45672300000E-02   5.71150300000E-02
   7.02454700000E-02   8.11715400000E-02   8.76056500000E-02   8.97932800000E-02
   8.98888200000E-02   8.95685300000E-02   8.88104800000E-02   8.64646300000E-02
   8.16551500000E-02   7.46602000000E-02   6.65852900000E-02   5.85427800000E-02
   4.47398500000E-02   3.47685000000E-02   2.77809400000E-02   2.28127800000E-02
   1.91856900000E-02   1.64650300000E-02   1.43744500000E-02   1.27350200000E-02
   1.14277800000E-02   1.03713500000E-02   8.79806200000E-03   7.71945800000E-03
   6.96837100000E-03   6.44246100000E-03   6.07505600000E-03   5.82068300000E-03
   5.64732400000E-03   5.53195300000E-03   5.45778500000E-03   5.41248500000E-03
   5.38694500000E-03   5.37442500000E-03   5.36993900000E-03   5.36980700000E-03
   5.37132500000E-03   5.37252200000E-03   5.37197900000E-03   5.36869500000E-03
   5.36198200000E-03   5.35139300000E-03   5.33666300000E-03   5.31766500000E-03
   5.29437700000E-03   5.26685400000E-03   5.23521600000E-03   5.13925500000E-03
   5.02195900000E-03   4.88724700000E-03   4.73927000000E-03   4.42010500000E-03
   4.09641900000E-03   3.79762900000E-03   3.55046700000E-03   3.24283600000E-03
   2.97703800000E-03   2.74554000000E-03   2.54246600000E-03   2.36317000000E-03
   2.20394100000E-03                   1                   1                 446
                 525                 604                 605                 606
                 607                 767                 768                 768
                 769                   2                   1               56622
               56713               56804               56805               56806
               56807               56985               56986               56986
               56987                   9                   1               70706
               70779               70852               70853               70854
               70855               71001               71002               71002
               71003                  31                   1              122828
              122892              122956              122957              122958
              122959              123089              123090              123090
              123091                  32                   1              169393
              169451              169509              169510              169511
              169512              169628              169629              169629
              169630                  33                   1              212189
              212248              212307              212308              212309
              212310              212430              212431              212431
              212432                  34                   1              255628
              255709              255790              255791              255792
              255793              255957              255958              255958
              255959                  13                  77   0.00000000000E+00
   2.39753900000E-05   3.04026900000E-04   9.58261600000E-04   2.30618800000E-03
   4.00608100000E-03   5.29781500000E-03   7.04684300000E-03   9.61330000000E-03
   1.37779000000E-02   1.83800300000E-02   2.11666500000E-02   2.62957200000E-02
   3.40765200000E-02   4.44088700000E-02   5.68685600000E-02   6.98854900000E-02
   8.06881500000E-02   8.69979900000E-02   8.90856900000E-02   8.90754700000E-02
   8.86277100000E-02   8.77221800000E-02   8.72397000000E-02   9.16837900000E-02
   9.34455300000E-02   9.15686900000E-02   8.60964700000E-02   7.19968900000E-02
   5.85967100000E-02   4.79056200000E-02   3.97312600000E-02   3.34967800000E-02
   2.87368400000E-02   2.51909200000E-02   2.26771500000E-02   2.09535500000E-02
   1.97269900000E-02   1.78522700000E-02   1.64104700000E-02   1.51988300000E-02
   1.42278600000E-02   1.35391200000E-02   1.32050900000E-02   1.31641100000E-02
   1.32912000000E-02   1.34481400000E-02   1.36436100000E-02   1.38142500000E-02
   1.40149900000E-02   1.42653600000E-02   1.45163600000E-02   1.45815500000E-02
   1.48135200000E-02   1.49988000000E-02   1.52112300000E-02   1.54071700000E-02
   1.55735000000E-02   1.57579900000E-02   1.59146500000E-02   1.60707600000E-02
   1.61837700000E-02   1.63258100000E-02   1.64992300000E-02   1.65978700000E-02
   1.66045000000E-02   1.65870400000E-02   1.62890800000E-02   1.58585300000E-02
   1.54031600000E-02   1.50652900000E-02   1.51697600000E-02   1.44703700000E-02
   1.38440500000E-02   1.32703700000E-02   1.27235500000E-02   1.22310900000E-02
                  13                  77   0.00000000000E+00   1.34286400000E-03
   4.27785500000E-02   1.74903100000E-01   4.48080900000E-01   7.63257100000E-01
   9.38340600000E-01   1.11028500000E+00   1.19610700000E+00   1.28188500000E+00
   1.36718000000E+00   1.45216200000E+00   1.51785500000E+00   1.58286400000E+00
   1.64719000000E+00   1.71110900000E+00   1.75209400000E+00   1.79297200000E+00
   1.83350100000E+00   1.87401700000E+00   1.92009000000E+00   1.96547800000E+00
   2.01012500000E+00   2.10246200000E+00   2.28509300000E+00   2.48632800000E+00
   2.66496400000E+00   2.77839900000E+00   3.22553000000E+00   3.57217000000E+00
   3.95253000000E+00   4.29251900000E+00   4.58686600000E+00   4.86893900000E+00
   5.09562800000E+00   5.38772400000E+00   5.65443300000E+00   5.97641300000E+00
   6.65693800000E+00   7.39441600000E+00   8.01763300000E+00   8.63955500000E+00
   9.24475000000E+00   9.81076100000E+00   1.04915900000E+01   1.11789400000E+01
   1.18391300000E+01   1.25084900000E+01   1.31684500000E+01   1.38106300000E+01
   1.44966500000E+01   1.54571600000E+01   1.62302300000E+01   1.69843000000E+01
   1.77043100000E+01   1.84793600000E+01   1.92614200000E+01   2.00351300000E+01
   2.07823200000E+01   2.15239400000E+01   2.22972700000E+01   2.30437300000E+01
   2.38658200000E+01   2.57728900000E+01   2.77712000000E+01   2.96499800000E+01
   3.16787200000E+01   3.54734600000E+01   3.94891100000E+01   4.31921900000E+01
   4.70888200000E+01   4.98662000000E+01   4.96869100000E+01   5.27828500000E+01
   5.59186800000E+01   5.88804800000E+01   6.19259000000E+01                   5
                  -1                   1                   6                   5
                   0                  78   1.00000000000E+00   6.78294000000E+00
   7.00000000000E+00   7.50000000000E+00   8.00000000000E+00   8.50000000000E+00
   9.00000000000E+00   9.50000000000E+00   1.00000000000E+01   1.05000000000E+01
   1.10000000000E+01   1.15000000000E+01   1.20000000000E+01   1.25000000000E+01
   1.30000000000E+01   1.35000000000E+01   1.40000000000E+01   1.45000000000E+01
   1.50000000000E+01   1.55000000000E+01   1.60000000000E+01   1.65000000000E+01
   1.70000000000E+01   1.75000000000E+01   1.80000000000E+01   1.85000000000E+01
   1.90000000000E+01   1.95000000000E+01   2.00000000000E+01   2.10000000000E+01
   2.20000000000E+01   2.30000000000E+01   2.40000000000E+01   2.50000000000E+01
   2.60000000000E+01   2.70000000000E+01   2.80000000000E+01   2.90000000000E+01
   3.00000000000E+01   3.20000000000E+01   3.40000000000E+01   3.60000000000E+01
   3.80000000000E+01   4.00000000000E+01   4.20000000000E+01   4.40000000000E+01
   4.60000000000E+01   4.80000000000E+01   5.00000000000E+01   5.20000000000E+01
   5.40000000000E+01   5.60000000000E+01   5.80000000000E+01   6.00000000000E+01
   6.20000000000E+01   6.40000000000E+01   6.60000000000E+01   6.80000000000E+01
   7.00000000000E+01   7.20000000000E+01   7.40000000000E+01   7.60000000000E+01
   7.80000000000E+01   8.00000000000E+01   8.50000000000E+01   9.00000000000E+01
   9.50000000000E+01   1.00000000000E+02   1.10000000000E+02   1.20000000000E+02
   1.30000000000E+02   1.40000000000E+02   1.50000000000E+02   1.60000000000E+02
   1.70000000000E+02   1.80000000000E+02   1.90000000000E+02   2.00000000000E+02
   0.00000000000E+00   0.00000000000E+00   1.72036800000E-02   1.65898200000E-01
   3.99629000000E-01   7.36889100000E-01   9.80447300000E-01   9.88886700000E-01
   9.91951600000E-01   9.93742000000E-01   9.95262800000E-01   9.96245400000E-01
   9.96899100000E-01   9.97184700000E-01   9.97015700000E-01   9.96446700000E-01
   9.95684700000E-01   9.94875400000E-01   9.94044800000E-01   9.93063700000E-01
   9.92119800000E-01   9.90951600000E-01   9.89496100000E-01   9.87745800000E-01
   1.00896400000E+00   1.12281700000E+00   1.25161100000E+00   1.37520900000E+00
   1.47065900000E+00   1.60923400000E+00   1.68533900000E+00   1.72440600000E+00
   1.74162300000E+00   1.74592500000E+00   1.74532600000E+00   1.75247900000E+00
   1.78069200000E+00   1.83356300000E+00   1.90206600000E+00   2.02911400000E+00
   2.12585800000E+00   2.18111700000E+00   2.20845100000E+00   2.22864100000E+00
   2.26865000000E+00   2.33103500000E+00   2.40262300000E+00   2.46402900000E+00
   2.52076600000E+00   2.56439400000E+00   2.60771900000E+00   2.65652200000E+00
   2.70333000000E+00   2.71470300000E+00   2.75727500000E+00   2.79204400000E+00
   2.83332000000E+00   2.87340900000E+00   2.91017700000E+00   2.95278000000E+00
   2.99278900000E+00   3.03543900000E+00   3.07275800000E+00   3.11846000000E+00
   3.21043200000E+00   3.30505900000E+00   3.39751600000E+00   3.49991500000E+00
   3.68522500000E+00   3.87131500000E+00   4.05599400000E+00   4.24318500000E+00
   4.67793000000E+00   4.86066000000E+00   5.04237800000E+00   5.21948800000E+00
   5.38410300000E+00   5.54964500000E+00                   0                   1
                   0                   4                  10                   0
                   2   1.00000000000E+00   2.00000000000E+02   1.00000000000E+00
   1.00000000000E+00                   0                  32   1.00000000000E+00
   6.78294000000E+00   8.00000000000E+00   1.00000000000E+01   1.20000000000E+01
   1.40000000000E+01   1.60000000000E+01   1.80000000000E+01   2.00000000000E+01
   2.20000000000E+01   2.40000000000E+01   2.60000000000E+01   2.80000000000E+01
   3.00000000000E+01   3.20000000000E+01   3.60000000000E+01   4.00000000000E+01
   4.40000000000E+01   4.80000000000E+01   5.00000000000E+01   5.20000000000E+01
   5.60000000000E+01   6.00000000000E+01   7.00000000000E+01   8.00000000000E+01
   9.00000000000E+01   1.00000000000E+02   1.20000000000E+02   1.40000000000E+02
   1.60000000000E+02   1.80000000000E+02   2.00000000000E+02                  76
                  87                  98                 142                 450
                1046                1862                2832                3879
                4992                6372                7804                9275
               10785               12321               13883               15497
               17404               19341               21308               23290
               25272               27284               29311               31642
               34007               36688               39388               42414
               45751               49111               52471                   2
                   3   0.00000000000E+00   5.00000000000E-07   1.00000000000E-06
   0.00000000000E+00   2.00000000000E+06   0.00000000000E+00   0.00000000000E+00
   5.00000000000E-01   1.00000000000E+00                   2                   3
   0.00000000000E+00   5.00000000000E-07   1.00000000000E-06   0.00000000000E+00
   2.00000000000E+06   0.00000000000E+00   0.00000000000E+00   5.00000000000E-01
   1.00000000000E+00                   2                  14   0.00000000000E+00
   2.50000000000E-02   1.00000000000E-01   2.00000000000E-01   3.00000000000E-01
   4.00000000000E-01   5.00000000000E-01   6.00000000000E-01   7.00000000000E-01
   8.00000000000E-01   9.00000000000E-01   1.00000000000E+00   1.10000000000E+00
   1.20000000000E+00   0.00000000000E+00   2.80452000000E-04   6.74963000000E-04
   5.19496000000E-04   3.54621000000E-04   9.48150900000E+00   5.10333900000E-02
   5.55998000000E-04   5.02454000000E-04   3.76432000000E-04   1.30899000000E-04
   2.35967000000E-05   2.15739000000E-06   9.28522200000E-01   0.00000000000E+00
   3.50565001000E-06   3.93337126000E-05   9.90566629000E-05   1.42762513000E-04
   4.74235945000E-01   9.50863067000E-01   9.53442536000E-01   9.53495459000E-01
   9.53539403000E-01   9.53564769000E-01   9.53572494000E-01   9.53573782000E-01
   1.00000000000E+00                   2                  34   0.00000000000E+00
   2.50000000000E-02   1.00000000000E-01   2.00000000000E-01   3.00000000000E-01
   4.00000000000E-01   5.00000000000E-01   6.00000000000E-01   7.00000000000E-01
   8.00000000000E-01   9.00000000000E-01   1.00000000000E+00   1.10000000000E+00
   1.20000000000E+00   1.30000000000E+00   1.40000000000E+00   1.50000000000E+00
   1.60000000000E+00   1.70000000000E+00   1.80000000000E+00   1.90000000000E+00
   2.00000000000E+00   2.10000000000E+00   2.20000000000E+00   2.30000000000E+00
   2.40000000000E+00   2.50000000000E+00   2.60000000000E+00   2.70000000000E+00
   2.80000000000E+00   2.90000000000E+00   3.00000000000E+00   3.10000000000E+00
   3.20000000000E+00   0.00000000000E+00   1.73893100000E-01   6.95363600000E-01
   2.92186400000E-02   1.77347100000E-01   7.65385700000E-01   1.90849200000E-03
   8.77559000000E-01   4.39451100000E-01   1.35421700000E+00   5.52659000000E-04
   2.84877000000E-04   2.41322400000E-02   2.28182900000E+00   1.01956000000E-04
   7.51712000000E-05   1.97067600000E+00   4.30669000000E-05   3.18965000000E-05
   4.16794300000E-01   1.32188000000E-05   9.16050000000E-06   5.91470000000E-06
   3.87891000000E-06   2.68104000000E-06   8.33200200000E-01   6.75721200000E-02
   7.20858000000E-07   4.03229000000E-07   2.03761000000E-07   8.58280000000E-08
   2.52285000000E-08   3.08879000000E-09   1.28387800000E-01   0.00000000000E+00
   2.17366366000E-03   3.47707886000E-02   7.09998991000E-02   8.13281856000E-02
   1.28464824000E-01   1.66829532000E-01   2.10802904000E-01   2.76653407000E-01
   3.66336808000E-01   4.34075288000E-01   4.34117165000E-01   4.35338021000E-01
   5.50636078000E-01   6.64732621000E-01   6.64741477000E-01   7.63279032000E-01
   8.61814981000E-01   8.61818729000E-01   8.82660038000E-01   9.03500413000E-01
   9.03501532000E-01   9.03502286000E-01   9.03502776000E-01   9.03503104000E-01
   9.45163246000E-01   9.90201860000E-01   9.93580502000E-01   9.93580558000E-01
   9.93580589000E-01   9.93580603000E-01   9.93580609000E-01   9.93580610000E-01
   1.00000000000E+00                   0                   0                   0
                   0                   0                   0                   0
                   0                   0                   0                   0
                   0                   0                   0                   0
                   0                   0                   0                   0
                   0                   0                   0                   0
                   0                   0                   0                   0
                   0                   0                   0                   0
                   0                   0                   0                   0
                   0                   0                   0                   0
                   0                   0                   0                   0
                   0                   0                   0                   0
                   0                   0                   0                   0
                   0                   0                   0                   0
                   0                   0                   0                   0
                   0                   0                   0                   0
                   0                   0                   0                   0
                   0                   0                   0                   0
                   0                   0                   0                   0
                   0                   0                   0                   0
                   0                   0                   0                   0
                   0                   0                   0                   0
                   0                   0                   0                   0
                   0                   0                   0                   0
                   0                   0                   0                   0
                   0                   0                   0                   0
                   0                   0                   0                   0
                   0                   0                   0                   0
                   0                   0                   0                   0
                   0                   0                   0                   0
                   0                   0                   0                   0
                   0                   0                   0                   0
                   0                   0                   0                   0
                   0                   0                   0
