 32074.00u   73.286160  0.0000E+00   05/27/20
Ace Ge74 IAEA-PD                                                         mat3237
      0         0.      0         0.      0         0.      0         0.
      0         0.      0         0.      0         0.      0         0.
      0         0.      0         0.      0         0.      0         0.
      0         0.      0         0.      0         0.      0         0.
   293119    32074       89        1        7        2       12        0
        0        0        0        0        0        0        0        1
        1       90       90        0      179      268      269      270
      271      362      446        0        0        0        0        0
        0        0        0        0        0        0        0        0
        0        0        0        0        0        0        0        0
   9.99999000000E-01   1.00000000000E+00   1.50000000000E+00   2.00000000000E+00
   2.50000000000E+00   3.00000000000E+00   3.50000000000E+00   4.00000000000E+00
   4.50000000000E+00   5.00000000000E+00   5.50000000000E+00   6.00000000000E+00
   6.50000000000E+00   7.00000000000E+00   7.50000000000E+00   8.00000000000E+00
   8.50000000000E+00   9.00000000000E+00   9.50000000000E+00   1.00000000000E+01
   1.05000000000E+01   1.10000000000E+01   1.15000000000E+01   1.20000000000E+01
   1.25000000000E+01   1.30000000000E+01   1.35000000000E+01   1.40000000000E+01
   1.45000000000E+01   1.50000000000E+01   1.55000000000E+01   1.60000000000E+01
   1.65000000000E+01   1.70000000000E+01   1.75000000000E+01   1.80000000000E+01
   1.85000000000E+01   1.90000000000E+01   1.95000000000E+01   2.00000000000E+01
   2.10000000000E+01   2.20000000000E+01   2.30000000000E+01   2.40000000000E+01
   2.50000000000E+01   2.60000000000E+01   2.70000000000E+01   2.80000000000E+01
   2.90000000000E+01   3.00000000000E+01   3.20000000000E+01   3.40000000000E+01
   3.60000000000E+01   3.80000000000E+01   4.00000000000E+01   4.20000000000E+01
   4.40000000000E+01   4.60000000000E+01   4.80000000000E+01   5.00000000000E+01
   5.20000000000E+01   5.40000000000E+01   5.60000000000E+01   5.80000000000E+01
   6.00000000000E+01   6.20000000000E+01   6.40000000000E+01   6.60000000000E+01
   6.80000000000E+01   7.00000000000E+01   7.20000000000E+01   7.40000000000E+01
   7.60000000000E+01   7.80000000000E+01   8.00000000000E+01   8.50000000000E+01
   9.00000000000E+01   9.50000000000E+01   1.00000000000E+02   1.10000000000E+02
   1.20000000000E+02   1.30000000000E+02   1.40000000000E+02   1.50000000000E+02
   1.60000000000E+02   1.70000000000E+02   1.80000000000E+02   1.90000000000E+02
   2.00000000000E+02   0.00000000000E+00   5.36762600000E-06   1.65403100000E-05
   3.76316900000E-05   7.22640800000E-05   1.24574700000E-04   1.99395400000E-04
   3.02480000000E-04   4.40803100000E-04   6.22967500000E-04   8.59758100000E-04
   1.16488900000E-03   1.55601300000E-03   2.05613600000E-03   2.69571100000E-03
   3.51596400000E-03   4.57464400000E-03   5.95718400000E-03   7.80200200000E-03
   1.03702300000E-02   1.42735000000E-02   2.09447900000E-02   2.78840800000E-02
   3.03281100000E-02   3.62932800000E-02   4.59916500000E-02   5.88382000000E-02
   7.39355800000E-02   8.90239600000E-02   1.00644900000E-01   1.06290100000E-01
   1.06432900000E-01   1.03595000000E-01   1.00004400000E-01   9.65838500000E-02
   9.32711100000E-02   8.96552100000E-02   8.54227100000E-02   8.05253600000E-02
   7.51404900000E-02   6.38904100000E-02   5.36100800000E-02   4.50303700000E-02
   3.81403600000E-02   3.26637200000E-02   2.82955900000E-02   2.47788500000E-02
   2.19152600000E-02   1.95567900000E-02   1.75937600000E-02   1.45480200000E-02
   1.23370200000E-02   1.06997200000E-02   9.47223600000E-03   8.54559900000E-03
   7.84370700000E-03   7.31136000000E-03   6.90746900000E-03   6.60095700000E-03
   6.36810800000E-03   6.19074800000E-03   6.05492500000E-03   5.94992200000E-03
   5.86751700000E-03   5.80140100000E-03   5.74674800000E-03   5.69987000000E-03
   5.65796100000E-03   5.61889500000E-03   5.58107400000E-03   5.54331100000E-03
   5.50473400000E-03   5.46472000000E-03   5.42284000000E-03   5.37881500000E-03
   5.25852500000E-03   5.12367400000E-03   4.97590000000E-03   4.81791100000E-03
   4.48447500000E-03   4.15111200000E-03   3.84539800000E-03   3.59326400000E-03
   3.28085000000E-03   3.01122000000E-03   2.77657400000E-03   2.57086000000E-03
   2.38931700000E-03   2.22814600000E-03   0.00000000000E+00   1.00000000000E+00
   9.67880100000E-01   9.35761200000E-01   9.03642200000E-01   8.71523200000E-01
   8.39404300000E-01   4.69365300000E-01   4.62125200000E-01   4.55000000000E-01
   4.48205500000E-01   4.37666800000E-01   4.35297100000E-01   4.19051400000E-01
   3.84259600000E-01   3.28055800000E-01   3.20115500000E-01   2.95585000000E-01
   2.55603700000E-01   2.01317200000E-01   1.00817700000E+01   9.43736100000E+00
   9.40816100000E+00   1.02271000000E+01   1.02779300000E+01   1.03040000000E+01
   1.02888100000E+01   1.02329700000E+01   1.02643800000E+01   1.02697300000E+01
   1.02533800000E+01   1.02167900000E+01   1.03850900000E+01   1.05436100000E+01
   1.11036700000E+01   1.19420300000E+01   1.28493900000E+01   1.34723400000E+01
   1.40221000000E+01   1.44097100000E+01   1.48081600000E+01   1.52033900000E+01
   1.54218400000E+01   1.56772700000E+01   1.58957600000E+01   1.61314400000E+01
   1.64054500000E+01   1.66939500000E+01   1.71513300000E+01   1.76615300000E+01
   1.92218200000E+01   2.08638600000E+01   2.24620300000E+01   2.37239000000E+01
   2.49660000000E+01   2.61708500000E+01   2.73048400000E+01   2.85021100000E+01
   2.96578500000E+01   3.08873800000E+01   3.20575400000E+01   3.32099700000E+01
   3.43468800000E+01   3.54923800000E+01   3.66353000000E+01   3.78075800000E+01
   3.89902500000E+01   4.01183400000E+01   4.13288100000E+01   4.24194600000E+01
   4.35327600000E+01   4.45898400000E+01   4.57200000000E+01   4.67806300000E+01
   4.78511300000E+01   5.07103600000E+01   5.34002700000E+01   5.60653600000E+01
   5.88198800000E+01   6.44274900000E+01   6.98065600000E+01   7.54208900000E+01
   8.08672200000E+01   8.64200600000E+01   9.18568300000E+01   9.80222200000E+01
   1.09696200000E+02   1.15866700000E+02   1.22272500000E+02                   5
   0.00000000000E+00                   1                   1                  89
   0.00000000000E+00   5.36762600000E-06   1.65403100000E-05   3.76316900000E-05
   7.22640800000E-05   1.24574700000E-04   1.99395400000E-04   3.02480000000E-04
   4.40803100000E-04   6.22967500000E-04   8.59758100000E-04   1.16488900000E-03
   1.55601300000E-03   2.05613600000E-03   2.69571100000E-03   3.51596400000E-03
   4.57464400000E-03   5.95718400000E-03   7.80200200000E-03   1.03702300000E-02
   1.42735000000E-02   2.09447900000E-02   2.78840800000E-02   3.03281100000E-02
   3.62932800000E-02   4.59916500000E-02   5.88382000000E-02   7.39355800000E-02
   8.90239600000E-02   1.00644900000E-01   1.06290100000E-01   1.06432900000E-01
   1.03595000000E-01   1.00004400000E-01   9.65838500000E-02   9.32711100000E-02
   8.96552100000E-02   8.54227100000E-02   8.05253600000E-02   7.51404900000E-02
   6.38904100000E-02   5.36100800000E-02   4.50303700000E-02   3.81403600000E-02
   3.26637200000E-02   2.82955900000E-02   2.47788500000E-02   2.19152600000E-02
   1.95567900000E-02   1.75937600000E-02   1.45480200000E-02   1.23370200000E-02
   1.06997200000E-02   9.47223600000E-03   8.54559900000E-03   7.84370700000E-03
   7.31136000000E-03   6.90746900000E-03   6.60095700000E-03   6.36810800000E-03
   6.19074800000E-03   6.05492500000E-03   5.94992200000E-03   5.86751700000E-03
   5.80140100000E-03   5.74674800000E-03   5.69987000000E-03   5.65796100000E-03
   5.61889500000E-03   5.58107400000E-03   5.54331100000E-03   5.50473400000E-03
   5.46472000000E-03   5.42284000000E-03   5.37881500000E-03   5.25852500000E-03
   5.12367400000E-03   4.97590000000E-03   4.81791100000E-03   4.48447500000E-03
   4.15111200000E-03   3.84539800000E-03   3.59326400000E-03   3.28085000000E-03
   3.01122000000E-03   2.77657400000E-03   2.57086000000E-03   2.38931700000E-03
   2.22814600000E-03                   1                   1                 446
                 518                 590                 591                 592
                 593                 739                 740                 740
                 741                   2                   1               50434
               50525               50616               50617               50618
               50619               50791               50792               50792
               50793                   9                   1               64442
               64512               64582               64583               64584
               64585               64727               64728               64728
               64729                  31                   1              114241
              114298              114355              114356              114357
              114358              114472              114473              114473
              114474                  32                   1              154704
              154760              154816              154817              154818
              154819              154933              154934              154934
              154935                  33                   1              195728
              195779              195830              195831              195832
              195833              195937              195938              195938
              195939                  34                   1              233553
              233633              233713              233714              233715
              233716              233876              233877              233877
              233878                  20                  70   0.00000000000E+00
   1.38489000000E-02   2.07564000000E-02   2.77519100000E-02   3.02090600000E-02
   3.61576800000E-02   4.58269800000E-02   5.86278500000E-02   7.36570100000E-02
   8.86665500000E-02   1.00228000000E-01   1.05855300000E-01   1.06015200000E-01
   1.03212300000E-01   9.96577900000E-02   1.05977200000E-01   1.16712900000E-01
   1.24670600000E-01   1.26576600000E-01   1.25510400000E-01   1.20437700000E-01
   1.06069100000E-01   9.09244100000E-02   7.71402700000E-02   6.55979500000E-02
   5.62859600000E-02   4.87053100000E-02   4.25681800000E-02   3.75754900000E-02
   3.35649700000E-02   3.06255500000E-02   2.65265500000E-02   2.35649000000E-02
   2.11797900000E-02   1.92128000000E-02   1.77359800000E-02   1.66346300000E-02
   1.58726700000E-02   1.53358000000E-02   1.50045000000E-02   1.47752400000E-02
   1.46413300000E-02   1.45763500000E-02   1.45778500000E-02   1.46273300000E-02
   1.47110200000E-02   1.48276800000E-02   1.49444500000E-02   1.50843500000E-02
   1.51747500000E-02   1.53260200000E-02   1.54402400000E-02   1.55794600000E-02
   1.56633300000E-02   1.57637100000E-02   1.58331000000E-02   1.59523800000E-02
   1.60557900000E-02   1.60727200000E-02   1.59725400000E-02   1.56960100000E-02
   1.52896800000E-02   1.48279200000E-02   1.44784500000E-02   1.38028000000E-02
   1.31860300000E-02   1.36390200000E-02   1.30558300000E-02   1.25734400000E-02
   1.20787100000E-02                  20                  70   0.00000000000E+00
   1.64074400000E-01   4.43431900000E-01   7.22368100000E-01   1.00021800000E+00
   1.14378300000E+00   1.28735900000E+00   1.43076300000E+00   1.57385600000E+00
   1.59749100000E+00   1.62130900000E+00   1.64541600000E+00   1.66971800000E+00
   1.65296300000E+00   1.63619600000E+00   1.78269200000E+00   2.01148400000E+00
   2.30090700000E+00   2.52175600000E+00   2.72614000000E+00   2.87906700000E+00
   3.29776900000E+00   3.69152900000E+00   4.09252100000E+00   4.47420900000E+00
   4.83676800000E+00   5.18508200000E+00   5.52586100000E+00   5.86538700000E+00
   6.15996100000E+00   6.54048300000E+00   7.31773300000E+00   8.13707500000E+00
   8.92104700000E+00   9.69040600000E+00   1.04774700000E+01   1.12304100000E+01
   1.20328600000E+01   1.28084500000E+01   1.36284400000E+01   1.44270700000E+01
   1.52366700000E+01   1.60376300000E+01   1.68600300000E+01   1.77089100000E+01
   1.85767900000E+01   1.94197700000E+01   2.02596400000E+01   2.11355800000E+01
   2.19518300000E+01   2.28717700000E+01   2.37250900000E+01   2.46411200000E+01
   2.54963300000E+01   2.64067200000E+01   2.72958200000E+01   2.94336900000E+01
   3.17502800000E+01   3.40336500000E+01   3.62710100000E+01   4.06707800000E+01
   4.53015100000E+01   4.96314100000E+01   5.41665600000E+01   5.85554600000E+01
   6.30289200000E+01   6.67779700000E+01   6.49789700000E+01   6.87766000000E+01
   7.23368400000E+01                   5                  -1                   1
                   6                   5                   0                  71
   1.00000000000E+00   1.01962400000E+01   1.05000000000E+01   1.10000000000E+01
   1.15000000000E+01   1.20000000000E+01   1.25000000000E+01   1.30000000000E+01
   1.35000000000E+01   1.40000000000E+01   1.45000000000E+01   1.50000000000E+01
   1.55000000000E+01   1.60000000000E+01   1.65000000000E+01   1.70000000000E+01
   1.75000000000E+01   1.80000000000E+01   1.85000000000E+01   1.90000000000E+01
   1.95000000000E+01   2.00000000000E+01   2.10000000000E+01   2.20000000000E+01
   2.30000000000E+01   2.40000000000E+01   2.50000000000E+01   2.60000000000E+01
   2.70000000000E+01   2.80000000000E+01   2.90000000000E+01   3.00000000000E+01
   3.20000000000E+01   3.40000000000E+01   3.60000000000E+01   3.80000000000E+01
   4.00000000000E+01   4.20000000000E+01   4.40000000000E+01   4.60000000000E+01
   4.80000000000E+01   5.00000000000E+01   5.20000000000E+01   5.40000000000E+01
   5.60000000000E+01   5.80000000000E+01   6.00000000000E+01   6.20000000000E+01
   6.40000000000E+01   6.60000000000E+01   6.80000000000E+01   7.00000000000E+01
   7.20000000000E+01   7.40000000000E+01   7.60000000000E+01   7.80000000000E+01
   8.00000000000E+01   8.50000000000E+01   9.00000000000E+01   9.50000000000E+01
   1.00000000000E+02   1.10000000000E+02   1.20000000000E+02   1.30000000000E+02
   1.40000000000E+02   1.50000000000E+02   1.60000000000E+02   1.70000000000E+02
   1.80000000000E+02   1.90000000000E+02   2.00000000000E+02   0.00000000000E+00
   0.00000000000E+00   9.70252600000E-01   9.91005400000E-01   9.95260000000E-01
   9.96074600000E-01   9.96263800000E-01   9.96419600000E-01   9.96424900000E-01
   9.96232300000E-01   9.95985200000E-01   9.95857700000E-01   9.95909300000E-01
   9.96075500000E-01   9.96305800000E-01   9.96534100000E-01   1.09725600000E+00
   1.25133000000E+00   1.39055600000E+00   1.48176800000E+00   1.55864400000E+00
   1.60283400000E+00   1.66017200000E+00   1.69603200000E+00   1.71307200000E+00
   1.71990900000E+00   1.72319500000E+00   1.72130400000E+00   1.71792400000E+00
   1.71458100000E+00   1.71628200000E+00   1.74070500000E+00   1.82337900000E+00
   1.91009700000E+00   1.97947100000E+00   2.02832800000E+00   2.07545200000E+00
   2.12076100000E+00   2.17096000000E+00   2.22017600000E+00   2.27307900000E+00
   2.32019300000E+00   2.36503400000E+00   2.40735400000E+00   2.45009100000E+00
   2.49293400000E+00   2.53577000000E+00   2.58018600000E+00   2.62189300000E+00
   2.66604000000E+00   2.70066400000E+00   2.74607000000E+00   2.78538200000E+00
   2.83019300000E+00   2.86626400000E+00   2.90691000000E+00   2.94360400000E+00
   3.03362300000E+00   3.13364800000E+00   3.23011300000E+00   3.31524200000E+00
   3.50007700000E+00   3.68327300000E+00   3.85601700000E+00   4.02933100000E+00
   4.20708000000E+00   4.37896600000E+00   4.91217600000E+00   5.07839000000E+00
   5.26235700000E+00   5.42096900000E+00                   0                   1
                   0                   4                  10                   0
                   2   1.00000000000E+00   2.00000000000E+02   1.00000000000E+00
   1.00000000000E+00                   0                  30   1.00000000000E+00
   1.01962400000E+01   1.20000000000E+01   1.40000000000E+01   1.60000000000E+01
   1.80000000000E+01   2.00000000000E+01   2.20000000000E+01   2.40000000000E+01
   2.60000000000E+01   2.80000000000E+01   3.00000000000E+01   3.20000000000E+01
   3.60000000000E+01   4.00000000000E+01   4.40000000000E+01   4.80000000000E+01
   5.00000000000E+01   5.20000000000E+01   5.60000000000E+01   6.00000000000E+01
   7.00000000000E+01   8.00000000000E+01   9.00000000000E+01   1.00000000000E+02
   1.20000000000E+02   1.40000000000E+02   1.60000000000E+02   1.80000000000E+02
   2.00000000000E+02                  72                 101                 130
                 312                 674                1292                2031
                2869                3773                4919                6130
                7393                8708               10062               11494
               12978               14735               16537               18354
               20201               22078               23985               26197
               28460               31027               33632               36553
               39798               43066               46380                   2
                   3   0.00000000000E+00   5.00000000000E-07   1.00000000000E-06
   0.00000000000E+00   2.00000000000E+06   0.00000000000E+00   0.00000000000E+00
   5.00000000000E-01   1.00000000000E+00                   0                   0
                   0                   0                   0                   0
                   0                   0                   0                   0
                   0                   0                   0                   0
                   0                   0                   0                   0
                   2                   3   0.00000000000E+00   5.00000000000E-07
   1.00000000000E-06   0.00000000000E+00   2.00000000000E+06   0.00000000000E+00
   0.00000000000E+00   5.00000000000E-01   1.00000000000E+00                   0
                   0                   0                   0                   0
                   0                   0                   0                   0
                   0                   0                   0                   0
                   0                   0                   0                   0
                   0                   2                  20   0.00000000000E+00
   2.50000000000E-02   1.00000000000E-01   2.00000000000E-01   3.00000000000E-01
   4.00000000000E-01   5.00000000000E-01   6.00000000000E-01   7.00000000000E-01
   8.00000000000E-01   9.00000000000E-01   1.00000000000E+00   1.10000000000E+00
   1.20000000000E+00   1.30000000000E+00   1.40000000000E+00   1.50000000000E+00
   1.60000000000E+00   1.70000000000E+00   1.80000000000E+00   0.00000000000E+00
   3.95189500000E-02   1.57166500000E-01   1.21994500000E-01   1.64985000000E-01
   2.63563300000E-01   7.54398300000E-01   3.78576700000E-01   5.98412800000E-01
   1.12193900000E+00   1.98493400000E+00   5.36685700000E-01   1.08769500000E-01
   7.43926500000E-01   4.72567400000E-01   1.30529200000E+00   3.24781200000E-01
   6.68792900000E-08   6.85621500000E-01   5.52545700000E-01   0.00000000000E+00
   4.93986829000E-04   7.86969052000E-03   2.18277392000E-02   3.61767129000E-02
   5.76041259000E-02   1.08502206000E-01   1.65150956000E-01   2.14000431000E-01
   3.00018018000E-01   4.55361654000E-01   5.81442627000E-01   6.13715384000E-01
   6.56350185000E-01   7.17174880000E-01   8.06067841000E-01   8.87571494000E-01
   9.03810556000E-01   9.38091636000E-01   1.00000000000E+00                   0
                   0                   0                   0                   0
                   0                   0                   0                   0
                   0                   0                   0                   0
                   0                   0                   0                   0
                   0                   0                   0                   0
                   0                   0                   0                   0
                   0                   0                   0                   0
                   0                   0                   0                   0
                   0                   0                   0                   0
                   0                   0                   0                   0
                   0                   0                   0                   0
                   0                   0                   0                   0
                   0                   0                   0                   0
                   0                   0                   0                   0
                   0                   0                   0                   0
                   0                   0                   0                   0
                   0                   0                   0                   0
                   0                   0                   0                   0
                   0                   0                   0                   0
                   0                   0                   0                   0
                   0                   0                   0                   0
                   0                   0                   0                   0
                   0                   0                   0                   0
                   0                   0                   0
