 32076.00u   75.269200  0.0000E+00   06/19/20
Ace Ge76 IAEA-PD                                                         mat3243
      0         0.      0         0.      0         0.      0         0.
      0         0.      0         0.      0         0.      0         0.
      0         0.      0         0.      0         0.      0         0.
      0         0.      0         0.      0         0.      0         0.
   289305    32076       89        1        7        2       12        0
        0        0        0        0        0        0        0        1
        1       90       90        0      179      268      269      270
      271      362      446        0        0        0        0        0
        0        0        0        0        0        0        0        0
        0        0        0        0        0        0        0        0
   9.99999000000E-01   1.00000000000E+00   1.50000000000E+00   2.00000000000E+00
   2.50000000000E+00   3.00000000000E+00   3.50000000000E+00   4.00000000000E+00
   4.50000000000E+00   5.00000000000E+00   5.50000000000E+00   6.00000000000E+00
   6.50000000000E+00   7.00000000000E+00   7.50000000000E+00   8.00000000000E+00
   8.50000000000E+00   9.00000000000E+00   9.50000000000E+00   1.00000000000E+01
   1.05000000000E+01   1.10000000000E+01   1.15000000000E+01   1.20000000000E+01
   1.25000000000E+01   1.30000000000E+01   1.35000000000E+01   1.40000000000E+01
   1.45000000000E+01   1.50000000000E+01   1.55000000000E+01   1.60000000000E+01
   1.65000000000E+01   1.70000000000E+01   1.75000000000E+01   1.80000000000E+01
   1.85000000000E+01   1.90000000000E+01   1.95000000000E+01   2.00000000000E+01
   2.10000000000E+01   2.20000000000E+01   2.30000000000E+01   2.40000000000E+01
   2.50000000000E+01   2.60000000000E+01   2.70000000000E+01   2.80000000000E+01
   2.90000000000E+01   3.00000000000E+01   3.20000000000E+01   3.40000000000E+01
   3.60000000000E+01   3.80000000000E+01   4.00000000000E+01   4.20000000000E+01
   4.40000000000E+01   4.60000000000E+01   4.80000000000E+01   5.00000000000E+01
   5.20000000000E+01   5.40000000000E+01   5.60000000000E+01   5.80000000000E+01
   6.00000000000E+01   6.20000000000E+01   6.40000000000E+01   6.60000000000E+01
   6.80000000000E+01   7.00000000000E+01   7.20000000000E+01   7.40000000000E+01
   7.60000000000E+01   7.80000000000E+01   8.00000000000E+01   8.50000000000E+01
   9.00000000000E+01   9.50000000000E+01   1.00000000000E+02   1.10000000000E+02
   1.20000000000E+02   1.30000000000E+02   1.40000000000E+02   1.50000000000E+02
   1.60000000000E+02   1.70000000000E+02   1.80000000000E+02   1.90000000000E+02
   2.00000000000E+02   0.00000000000E+00   1.02832400000E-05   2.83209400000E-05
   6.00918900000E-05   1.10157700000E-04   1.83910800000E-04   2.87875200000E-04
   4.30115600000E-04   6.20811900000E-04   8.73083900000E-04   1.20417000000E-03
   1.63706600000E-03   2.20266300000E-03   2.94200300000E-03   3.90681700000E-03
   5.15249700000E-03   6.71177200000E-03   8.54805000000E-03   1.05573900000E-02
   1.27229700000E-02   1.52689700000E-02   1.85777100000E-02   2.30533300000E-02
   2.91104800000E-02   3.71993300000E-02   4.77452400000E-02   6.08954600000E-02
   7.59921800000E-02   9.10001300000E-02   1.02807400000E-01   1.09107800000E-01
   1.10176200000E-01   1.08193700000E-01   1.05243100000E-01   1.02298000000E-01
   9.93998600000E-02   9.61981800000E-02   9.23723000000E-02   8.78225900000E-02
   8.26712600000E-02   7.14551300000E-02   6.07410800000E-02   5.15013300000E-02
   4.39061800000E-02   3.77680800000E-02   3.28127900000E-02   2.87864300000E-02
   2.54834900000E-02   2.27458900000E-02   2.04542100000E-02   1.68703600000E-02
   1.42405100000E-02   1.22710400000E-02   1.07769000000E-02   9.63475900000E-03
   8.75815100000E-03   8.08399000000E-03   7.56493900000E-03   7.16486200000E-03
   6.85591700000E-03   6.61656400000E-03   6.43011200000E-03   6.28363100000E-03
   6.16711400000E-03   6.07282100000E-03   5.99477600000E-03   5.92837200000E-03
   5.87006700000E-03   5.81714600000E-03   5.76753700000E-03   5.71967100000E-03
   5.67237100000E-03   5.62476600000E-03   5.57622700000E-03   5.52631000000E-03
   5.39384800000E-03   5.24938200000E-03   5.09365300000E-03   4.92882200000E-03
   4.58385900000E-03   4.24093600000E-03   3.92729200000E-03   3.66892300000E-03
   3.34944300000E-03   3.07384100000E-03   2.83407800000E-03   2.62393300000E-03
   2.43851500000E-03   2.27393000000E-03   0.00000000000E+00   1.00000000000E+00
   9.66105400000E-01   9.32211500000E-01   8.98317700000E-01   8.64423800000E-01
   8.30530000000E-01   4.74487400000E-01   4.81736200000E-01   4.70837800000E-01
   4.64995600000E-01   4.68789200000E-01   4.52496300000E-01   4.29859300000E-01
   3.94191300000E-01   3.41559200000E-01   2.24481500000E+00   4.29158800000E+00
   9.32776400000E+00   9.42795500000E+00   9.44745700000E+00   9.48990600000E+00
   9.50631400000E+00   9.48612000000E+00   9.55879600000E+00   9.59457500000E+00
   9.59658900000E+00   9.48640900000E+00   9.52755600000E+00   9.53518500000E+00
   9.52768500000E+00   9.51207600000E+00   1.03077900000E+01   1.11515200000E+01
   1.18610100000E+01   1.23569500000E+01   1.26651000000E+01   1.29406000000E+01
   1.32158500000E+01   1.35108400000E+01   1.38742900000E+01   1.41844200000E+01
   1.44043500000E+01   1.46620900000E+01   1.48907500000E+01   1.51499700000E+01
   1.54501400000E+01   1.57935700000E+01   1.64718300000E+01   1.71773500000E+01
   1.87103200000E+01   2.01272000000E+01   2.14795400000E+01   2.27008100000E+01
   2.38743500000E+01   2.50641400000E+01   2.62362600000E+01   2.74018400000E+01
   2.85547500000E+01   2.96654500000E+01   3.07727600000E+01   3.19071700000E+01
   3.30235300000E+01   3.41574300000E+01   3.52951300000E+01   3.64312900000E+01
   3.75300800000E+01   3.85935100000E+01   3.96370700000E+01   4.06983400000E+01
   4.18646500000E+01   4.28393600000E+01   4.38749100000E+01   4.49290100000E+01
   4.59186300000E+01   4.85898600000E+01   5.11701300000E+01   5.38364000000E+01
   5.63186300000E+01   6.18471600000E+01   6.66470800000E+01   7.19303700000E+01
   7.69705700000E+01   8.24236500000E+01   8.74258000000E+01   9.24944800000E+01
   1.04364100000E+02   1.10437800000E+02   1.16289500000E+02                   5
   0.00000000000E+00                   1                   1                  89
   0.00000000000E+00   1.02832400000E-05   2.83209400000E-05   6.00918900000E-05
   1.10157700000E-04   1.83910800000E-04   2.87875200000E-04   4.30115600000E-04
   6.20811900000E-04   8.73083900000E-04   1.20417000000E-03   1.63706600000E-03
   2.20266300000E-03   2.94200300000E-03   3.90681700000E-03   5.15249700000E-03
   6.71177200000E-03   8.54805000000E-03   1.05573900000E-02   1.27229700000E-02
   1.52689700000E-02   1.85777100000E-02   2.30533300000E-02   2.91104800000E-02
   3.71993300000E-02   4.77452400000E-02   6.08954600000E-02   7.59921800000E-02
   9.10001300000E-02   1.02807400000E-01   1.09107800000E-01   1.10176200000E-01
   1.08193700000E-01   1.05243100000E-01   1.02298000000E-01   9.93998600000E-02
   9.61981800000E-02   9.23723000000E-02   8.78225900000E-02   8.26712600000E-02
   7.14551300000E-02   6.07410800000E-02   5.15013300000E-02   4.39061800000E-02
   3.77680800000E-02   3.28127900000E-02   2.87864300000E-02   2.54834900000E-02
   2.27458900000E-02   2.04542100000E-02   1.68703600000E-02   1.42405100000E-02
   1.22710400000E-02   1.07769000000E-02   9.63475900000E-03   8.75815100000E-03
   8.08399000000E-03   7.56493900000E-03   7.16486200000E-03   6.85591700000E-03
   6.61656400000E-03   6.43011200000E-03   6.28363100000E-03   6.16711400000E-03
   6.07282100000E-03   5.99477600000E-03   5.92837200000E-03   5.87006700000E-03
   5.81714600000E-03   5.76753700000E-03   5.71967100000E-03   5.67237100000E-03
   5.62476600000E-03   5.57622700000E-03   5.52631000000E-03   5.39384800000E-03
   5.24938200000E-03   5.09365300000E-03   4.92882200000E-03   4.58385900000E-03
   4.24093600000E-03   3.92729200000E-03   3.66892300000E-03   3.34944300000E-03
   3.07384100000E-03   2.83407800000E-03   2.62393300000E-03   2.43851500000E-03
   2.27393000000E-03                   1                   1                 446
                 520                 594                 595                 596
                 597                 745                 746                 746
                 747                   2                   1               51436
               51527               51618               51619               51620
               51621               51793               51794               51794
               51795                   9                   1               65441
               65509               65577               65578               65579
               65580               65718               65719               65719
               65720                  31                   1              114042
              114098              114154              114155              114156
              114157              114269              114270              114270
              114271                  32                   1              154703
              154759              154815              154816              154817
              154818              154930              154931              154931
              154932                  33                   1              195464
              195514              195564              195565              195566
              195567              195669              195670              195670
              195671                  34                   1              231843
              231920              231997              231998              231999
              232000              232156              232157              232157
              232158                  18                  72   0.00000000000E+00
   1.33489200000E-03   1.26637800000E-02   1.52298400000E-02   1.85354900000E-02
   2.30055700000E-02   2.90567200000E-02   3.71388900000E-02   4.76777900000E-02
   6.08214500000E-02   7.59168100000E-02   9.09211700000E-02   1.02725900000E-01
   1.09026200000E-01   1.10099400000E-01   1.19270500000E-01   1.30371900000E-01
   1.39119400000E-01   1.43230500000E-01   1.43920000000E-01   1.42825800000E-01
   1.38876500000E-01   1.33326100000E-01   1.18850500000E-01   1.03049600000E-01
   8.86013900000E-02   7.60316300000E-02   6.55732400000E-02   5.69922400000E-02
   5.00151800000E-02   4.45940700000E-02   4.04903700000E-02   3.73404900000E-02
   3.22431400000E-02   2.82033900000E-02   2.50257200000E-02   2.25070400000E-02
   2.06624500000E-02   1.93170800000E-02   1.82855500000E-02   1.75447400000E-02
   1.70104400000E-02   1.66007200000E-02   1.63357900000E-02   1.61958500000E-02
   1.61134800000E-02   1.61522500000E-02   1.61935700000E-02   1.62739900000E-02
   1.63759100000E-02   1.65228800000E-02   1.66621400000E-02   1.67710800000E-02
   1.68414600000E-02   1.69850900000E-02   1.71010900000E-02   1.71660800000E-02
   1.72739500000E-02   1.74284900000E-02   1.75234900000E-02   1.74883200000E-02
   1.74543300000E-02   1.71334800000E-02   1.68546600000E-02   1.63670800000E-02
   1.60254400000E-02   1.52068400000E-02   1.45529200000E-02   1.52416500000E-02
   1.46191600000E-02   1.40296900000E-02   1.35116200000E-02                  18
                  72   0.00000000000E+00   7.07818500000E-03   4.38620500000E-01
   6.64094700000E-01   8.88906500000E-01   1.11374900000E+00   1.33871500000E+00
   1.39778000000E+00   1.45685600000E+00   1.51593600000E+00   1.57507900000E+00
   1.63354800000E+00   1.69194800000E+00   1.75030300000E+00   1.80867500000E+00
   1.97717500000E+00   2.20150200000E+00   2.39456700000E+00   2.51359900000E+00
   2.76572300000E+00   3.01956400000E+00   3.25302600000E+00   3.48573700000E+00
   3.93783100000E+00   4.36621100000E+00   4.84893000000E+00   5.30497200000E+00
   5.73721400000E+00   6.15801900000E+00   6.52244700000E+00   6.93425300000E+00
   7.28934300000E+00   7.71687900000E+00   8.60983700000E+00   9.44954100000E+00
   1.02739400000E+01   1.10457200000E+01   1.18813900000E+01   1.27049500000E+01
   1.35272400000E+01   1.43516600000E+01   1.51849000000E+01   1.60231100000E+01
   1.68851000000E+01   1.77480100000E+01   1.86009500000E+01   1.95126700000E+01
   2.03903500000E+01   2.12564300000E+01   2.21359200000E+01   2.30728300000E+01
   2.40044500000E+01   2.49027000000E+01   2.57455600000E+01   2.67196800000E+01
   2.76761400000E+01   2.85763000000E+01   2.95772600000E+01   3.18945300000E+01
   3.43144600000E+01   3.66010100000E+01   3.91010600000E+01   4.35218600000E+01
   4.86690200000E+01   5.32642300000E+01   5.81609300000E+01   6.26240900000E+01
   6.75673900000E+01   7.23576900000E+01   7.04086100000E+01   7.42727700000E+01
   7.83240700000E+01                   5                  -1                   1
                   6                   5                   0                  72
   1.00000000000E+00   9.42724100000E+00   1.00000000000E+01   1.05000000000E+01
   1.10000000000E+01   1.15000000000E+01   1.20000000000E+01   1.25000000000E+01
   1.30000000000E+01   1.35000000000E+01   1.40000000000E+01   1.45000000000E+01
   1.50000000000E+01   1.55000000000E+01   1.60000000000E+01   1.65000000000E+01
   1.70000000000E+01   1.75000000000E+01   1.80000000000E+01   1.85000000000E+01
   1.90000000000E+01   1.95000000000E+01   2.00000000000E+01   2.10000000000E+01
   2.20000000000E+01   2.30000000000E+01   2.40000000000E+01   2.50000000000E+01
   2.60000000000E+01   2.70000000000E+01   2.80000000000E+01   2.90000000000E+01
   3.00000000000E+01   3.20000000000E+01   3.40000000000E+01   3.60000000000E+01
   3.80000000000E+01   4.00000000000E+01   4.20000000000E+01   4.40000000000E+01
   4.60000000000E+01   4.80000000000E+01   5.00000000000E+01   5.20000000000E+01
   5.40000000000E+01   5.60000000000E+01   5.80000000000E+01   6.00000000000E+01
   6.20000000000E+01   6.40000000000E+01   6.60000000000E+01   6.80000000000E+01
   7.00000000000E+01   7.20000000000E+01   7.40000000000E+01   7.60000000000E+01
   7.80000000000E+01   8.00000000000E+01   8.50000000000E+01   9.00000000000E+01
   9.50000000000E+01   1.00000000000E+02   1.10000000000E+02   1.20000000000E+02
   1.30000000000E+02   1.40000000000E+02   1.50000000000E+02   1.60000000000E+02
   1.70000000000E+02   1.80000000000E+02   1.90000000000E+02   2.00000000000E+02
   0.00000000000E+00   0.00000000000E+00   9.95347800000E-01   9.97437300000E-01
   9.97727400000E-01   9.97928300000E-01   9.98153200000E-01   9.98375200000E-01
   9.98587300000E-01   9.98784600000E-01   9.99008200000E-01   9.99132300000E-01
   9.99207300000E-01   9.99252100000E-01   9.99302900000E-01   1.10237900000E+00
   1.23876900000E+00   1.35994300000E+00   1.44095300000E+00   1.49607800000E+00
   1.54619700000E+00   1.58133000000E+00   1.61272600000E+00   1.66328900000E+00
   1.69653900000E+00   1.72037100000E+00   1.73168400000E+00   1.73620800000E+00
   1.73689100000E+00   1.73745700000E+00   1.74992000000E+00   1.78011800000E+00
   1.82556500000E+00   1.91123000000E+00   1.98050400000E+00   2.03941300000E+00
   2.08845200000E+00   2.14457400000E+00   2.20561200000E+00   2.26194600000E+00
   2.31921800000E+00   2.37414800000E+00   2.42137100000E+00   2.46892300000E+00
   2.51875100000E+00   2.56435800000E+00   2.61909400000E+00   2.66656500000E+00
   2.71469500000E+00   2.76229500000E+00   2.81476900000E+00   2.86431500000E+00
   2.90784100000E+00   2.94448100000E+00   2.99435500000E+00   3.04032000000E+00
   3.07844000000E+00   3.12576600000E+00   3.23117900000E+00   3.33820100000E+00
   3.43335500000E+00   3.54127800000E+00   3.73778500000E+00   3.97427800000E+00
   4.16752300000E+00   4.36788700000E+00   4.54011000000E+00   4.73444100000E+00
   5.37799200000E+00   5.57146800000E+00   5.75337400000E+00   5.94196800000E+00
                   0                   1                   0                   4
                  10                   0                   2   1.00000000000E+00
   2.00000000000E+02   1.00000000000E+00   1.00000000000E+00                   0
                  31   1.00000000000E+00   9.42724100000E+00   1.00000000000E+01
   1.20000000000E+01   1.40000000000E+01   1.60000000000E+01   1.80000000000E+01
   2.00000000000E+01   2.20000000000E+01   2.40000000000E+01   2.60000000000E+01
   2.80000000000E+01   3.00000000000E+01   3.20000000000E+01   3.60000000000E+01
   4.00000000000E+01   4.40000000000E+01   4.80000000000E+01   5.00000000000E+01
   5.20000000000E+01   5.60000000000E+01   6.00000000000E+01   7.00000000000E+01
   8.00000000000E+01   9.00000000000E+01   1.00000000000E+02   1.20000000000E+02
   1.40000000000E+02   1.60000000000E+02   1.80000000000E+02   2.00000000000E+02
                  74                  85                  96                 122
                 208                 642                1348                2153
                3046                4016                5227                6503
                7818                9185               10591               12062
               13585               15387               17234               19096
               20973               22880               24802               27048
               29328               31914               34538               37480
               40748               44039               47353                   2
                   3   0.00000000000E+00   5.00000000000E-07   1.00000000000E-06
   0.00000000000E+00   2.00000000000E+06   0.00000000000E+00   0.00000000000E+00
   5.00000000000E-01   1.00000000000E+00                   2                   3
   0.00000000000E+00   5.00000000000E-07   1.00000000000E-06   0.00000000000E+00
   2.00000000000E+06   0.00000000000E+00   0.00000000000E+00   5.00000000000E-01
   1.00000000000E+00                   2                   8   0.00000000000E+00
   2.50000000000E-02   1.00000000000E-01   2.00000000000E-01   3.00000000000E-01
   4.00000000000E-01   5.00000000000E-01   6.00000000000E-01   0.00000000000E+00
   2.31743500000E-02   9.26610000000E-02   6.88412900000E-06   3.02399400000E+00
   1.33589400000E+00   3.71713400000E+00   3.66061300000E+00   0.00000000000E+00
   2.89679348000E-04   4.63350494000E-03   9.26689921000E-03   1.60466929000E-01
   3.78461309000E-01   6.31112685000E-01   1.00000000000E+00                   2
                  28   0.00000000000E+00   2.50000000000E-02   1.00000000000E-01
   2.00000000000E-01   3.00000000000E-01   4.00000000000E-01   5.00000000000E-01
   6.00000000000E-01   7.00000000000E-01   8.00000000000E-01   9.00000000000E-01
   1.00000000000E+00   1.10000000000E+00   1.20000000000E+00   1.30000000000E+00
   1.40000000000E+00   1.50000000000E+00   1.60000000000E+00   1.70000000000E+00
   1.80000000000E+00   1.90000000000E+00   2.00000000000E+00   2.10000000000E+00
   2.20000000000E+00   2.30000000000E+00   2.40000000000E+00   2.50000000000E+00
   2.60000000000E+00   0.00000000000E+00   4.33477900000E-02   1.72842700000E-01
   2.72707300000E-01   3.53256900000E-01   4.14606600000E-01   4.57657300000E-01
   4.84455000000E-01   4.97592600000E-01   4.99754100000E-01   4.93438400000E-01
   4.80830100000E-01   4.63759600000E-01   4.43707100000E-01   2.10935100000E-01
   4.49582000000E-01   7.29014600000E-02   1.22081800000E-01   6.30286100000E-01
   4.03729500000E-01   4.87985400000E-01   6.43605600000E-01   2.04594400000E-01
   2.70298000000E-07   6.01297000000E-01   5.91865200000E-01   4.00357800000E-01
   2.92204000000E-01   0.00000000000E+00   5.41847381000E-04   8.64899085000E-03
   3.09264911000E-02   6.22247014000E-02   1.00617877000E-01   1.44231072000E-01
   1.91336688000E-01   2.40439068000E-01   2.90306404000E-01   3.39966030000E-01
   3.88679455000E-01   4.35908941000E-01   4.81282276000E-01   5.14014387000E-01
   5.47040242000E-01   5.73164415000E-01   5.82913578000E-01   6.20531974000E-01
   6.72232754000E-01   7.16818500000E-01   7.73398050000E-01   8.15808051000E-01
   8.26037785000E-01   8.56102648000E-01   9.15760759000E-01   9.65371910000E-01
   1.00000000000E+00                   2                  48   0.00000000000E+00
   2.50000000000E-02   1.00000000000E-01   2.00000000000E-01   3.00000000000E-01
   4.00000000000E-01   5.00000000000E-01   6.00000000000E-01   7.00000000000E-01
   8.00000000000E-01   9.00000000000E-01   1.00000000000E+00   1.10000000000E+00
   1.20000000000E+00   1.30000000000E+00   1.40000000000E+00   1.50000000000E+00
   1.60000000000E+00   1.70000000000E+00   1.80000000000E+00   1.90000000000E+00
   2.00000000000E+00   2.10000000000E+00   2.20000000000E+00   2.30000000000E+00
   2.40000000000E+00   2.50000000000E+00   2.60000000000E+00   2.70000000000E+00
   2.80000000000E+00   2.90000000000E+00   3.00000000000E+00   3.10000000000E+00
   3.20000000000E+00   3.30000000000E+00   3.40000000000E+00   3.50000000000E+00
   3.60000000000E+00   3.70000000000E+00   3.80000000000E+00   3.90000000000E+00
   4.00000000000E+00   4.10000000000E+00   4.20000000000E+00   4.30000000000E+00
   4.40000000000E+00   4.50000000000E+00   4.60000000000E+00   0.00000000000E+00
   3.80147200000E-02   1.51447500000E-01   2.40468500000E-01   3.13312600000E-01
   3.69780100000E-01   4.10416700000E-01   4.36830800000E-01   4.51161000000E-01
   4.55673300000E-01   4.52506400000E-01   4.43547400000E-01   4.30391500000E-01
   4.14338400000E-01   3.96418600000E-01   3.77427100000E-01   3.57959200000E-01
   3.38446600000E-01   3.19188500000E-01   3.00380300000E-01   2.82136400000E-01
   2.64511200000E-01   2.47514800000E-01   2.31126800000E-01   2.15307200000E-01
   2.00005000000E-01   1.85164300000E-01   1.70729000000E-01   1.56645800000E-01
   1.42866200000E-01   1.29347100000E-01   1.16053100000E-01   1.02955700000E-01
   9.00306100000E-02   4.09110500000E-02   7.72264800000E-02   6.24875400000E-02
   4.73465600000E-02   7.09287800000E-02   7.50277900000E-02   5.66714600000E-02
   9.77107200000E-02   2.71812200000E-02   2.19779000000E-08   6.88758000000E-02
   1.25453600000E-01   4.16432800000E-02   2.87433000000E-02   0.00000000000E+00
   4.75183996000E-04   7.58001719000E-03   2.71758170000E-02   5.48648718000E-02
   8.90195065000E-02   1.28029346000E-01   1.70391721000E-01   2.14791310000E-01
   2.60133025000E-01   3.05542010000E-01   3.50344699000E-01   3.94041644000E-01
   4.36278139000E-01   4.76815988000E-01   5.15508273000E-01   5.52277588000E-01
   5.87097877000E-01   6.19979632000E-01   6.50958072000E-01   6.80083907000E-01
   7.07416286000E-01   7.33017586000E-01   7.56949666000E-01   7.79271366000E-01
   8.00036976000E-01   8.19295440000E-01   8.37090105000E-01   8.53458845000E-01
   8.68434445000E-01   8.82045110000E-01   8.94315120000E-01   9.05265560000E-01
   9.14914875000E-01   9.21461958000E-01   9.27368834000E-01   9.34354535000E-01
   9.39846240000E-01   9.45760007000E-01   9.53057836000E-01   9.59642798000E-01
   9.67361907000E-01   9.73606504000E-01   9.74965566000E-01   9.78409357000E-01
   9.88125827000E-01   9.96480671000E-01   1.00000000000E+00                   0
                   0                   0                   0                   0
                   0                   0                   0                   0
                   0                   0                   0                   0
                   0                   0                   0                   0
                   0                   0                   0                   0
                   0                   0                   0                   0
                   0                   0                   0                   0
                   0                   0                   0                   0
                   0                   0                   0                   0
                   0                   0                   0                   0
                   0                   0                   0                   0
                   0                   0                   0                   0
                   0                   0                   0                   0
                   0                   0                   0                   0
                   0                   0                   0                   0
                   0                   0                   0                   0
                   0                   0                   0                   0
                   0                   0                   0                   0
                   0                   0                   0                   0
                   0                   0                   0                   0
                   0                   0                   0                   0
                   0                   0                   0                   0
                   0                   0                   0                   0
                   0                   0                   0                   0
                   0                   0                   0                   0
                   0                   0                   0                   0
                   0                   0                   0                   0
                   0                   0                   0                   0
                   0                   0                   0                   0
                   0                   0                   0                   0
                   0                   0                   0                   0
                   0                   0                   0                   0
                   0
