 72176.00u  174.430000  0.0000E+00   05/27/20
Ace Hf176 IAEA-PD                                                        mat7231
      0         0.      0         0.      0         0.      0         0.
      0         0.      0         0.      0         0.      0         0.
      0         0.      0         0.      0         0.      0         0.
      0         0.      0         0.      0         0.      0         0.
   363428    72176       89        1        7        2       12        0
        0        0        0        0        0        0        0        1
        1       90       90        0      179      268      269      270
      271      362      446        0        0        0        0        0
        0        0        0        0        0        0        0        0
        0        0        0        0        0        0        0        0
   9.99999000000E-01   1.00000000000E+00   1.50000000000E+00   2.00000000000E+00
   2.50000000000E+00   3.00000000000E+00   3.50000000000E+00   4.00000000000E+00
   4.50000000000E+00   5.00000000000E+00   5.50000000000E+00   6.00000000000E+00
   6.50000000000E+00   7.00000000000E+00   7.50000000000E+00   8.00000000000E+00
   8.50000000000E+00   9.00000000000E+00   9.50000000000E+00   1.00000000000E+01
   1.05000000000E+01   1.10000000000E+01   1.15000000000E+01   1.20000000000E+01
   1.25000000000E+01   1.30000000000E+01   1.35000000000E+01   1.40000000000E+01
   1.45000000000E+01   1.50000000000E+01   1.55000000000E+01   1.60000000000E+01
   1.65000000000E+01   1.70000000000E+01   1.75000000000E+01   1.80000000000E+01
   1.85000000000E+01   1.90000000000E+01   1.95000000000E+01   2.00000000000E+01
   2.10000000000E+01   2.20000000000E+01   2.30000000000E+01   2.40000000000E+01
   2.50000000000E+01   2.60000000000E+01   2.70000000000E+01   2.80000000000E+01
   2.90000000000E+01   3.00000000000E+01   3.20000000000E+01   3.40000000000E+01
   3.60000000000E+01   3.80000000000E+01   4.00000000000E+01   4.20000000000E+01
   4.40000000000E+01   4.60000000000E+01   4.80000000000E+01   5.00000000000E+01
   5.20000000000E+01   5.40000000000E+01   5.60000000000E+01   5.80000000000E+01
   6.00000000000E+01   6.20000000000E+01   6.40000000000E+01   6.60000000000E+01
   6.80000000000E+01   7.00000000000E+01   7.20000000000E+01   7.40000000000E+01
   7.60000000000E+01   7.80000000000E+01   8.00000000000E+01   8.50000000000E+01
   9.00000000000E+01   9.50000000000E+01   1.00000000000E+02   1.10000000000E+02
   1.20000000000E+02   1.30000000000E+02   1.40000000000E+02   1.50000000000E+02
   1.60000000000E+02   1.70000000000E+02   1.80000000000E+02   1.90000000000E+02
   2.00000000000E+02   0.00000000000E+00   3.02971100000E-05   8.68210100000E-05
   1.90233900000E-04   3.58964700000E-04   6.16431200000E-04   9.93288200000E-04
   1.53060200000E-03   2.28415900000E-03   3.32950500000E-03   4.76524800000E-03
   6.70843600000E-03   9.28075900000E-03   1.26302100000E-02   1.70875400000E-02
   2.34314200000E-02   3.31489200000E-02   4.87593900000E-02   7.28071000000E-02
   1.01560700000E-01   1.34182700000E-01   1.86864800000E-01   2.66903200000E-01
   3.48891700000E-01   3.75426000000E-01   3.44019400000E-01   3.08048300000E-01
   2.96111600000E-01   3.08474000000E-01   3.31184000000E-01   3.42154600000E-01
   3.26204500000E-01   2.88287900000E-01   2.43540000000E-01   2.02503300000E-01
   1.68713200000E-01   1.42014500000E-01   1.21124500000E-01   1.04702600000E-01
   9.16515200000E-02   7.22856500000E-02   5.90234300000E-02   4.95136100000E-02
   4.24327600000E-02   3.69989100000E-02   3.27277400000E-02   2.93062400000E-02
   2.65243100000E-02   2.42361100000E-02   2.23372700000E-02   1.94196200000E-02
   1.73522900000E-02   1.58785100000E-02   1.48296900000E-02   1.40893700000E-02
   1.35741900000E-02   1.32231900000E-02   1.29911400000E-02   1.28442800000E-02
   1.27573400000E-02   1.27113400000E-02   1.26921100000E-02   1.26890200000E-02
   1.26942000000E-02   1.27018400000E-02   1.27076600000E-02   1.27085900000E-02
   1.27024800000E-02   1.26878400000E-02   1.26637200000E-02   1.26295700000E-02
   1.25851500000E-02   1.25304400000E-02   1.24656200000E-02   1.23909800000E-02
   1.21642400000E-02   1.18868200000E-02   1.15680800000E-02   1.12178800000E-02
   1.04624800000E-02   9.69632800000E-03   8.98908900000E-03   8.40404900000E-03
   7.67584400000E-03   7.04665200000E-03   6.49863700000E-03   6.01788800000E-03
   5.59340800000E-03   5.21640800000E-03   0.00000000000E+00   1.00000000000E+00
   5.67090300000E-01   1.34181100000E-01   2.35366700000E-01   2.59484900000E-01
   2.63051000000E-01   2.40525900000E-01   2.79605600000E-01   2.75234800000E-01
   2.29094700000E-01   1.52752300000E-01   1.26902500000E-01   1.01481400000E-01
   7.95425700000E-02   6.26402100000E-02   6.90921600000E+00   7.34591100000E+00
   7.39650600000E+00   7.72965200000E+00   7.83292400000E+00   7.92954100000E+00
   8.01431000000E+00   8.08900300000E+00   8.16232100000E+00   8.21633000000E+00
   8.24292600000E+00   8.23928000000E+00   8.40743700000E+00   8.59207200000E+00
   9.55299500000E+00   1.06539600000E+01   1.14511800000E+01   1.19731600000E+01
   1.24193400000E+01   1.28707600000E+01   1.30734000000E+01   1.32524300000E+01
   1.34065400000E+01   1.35445700000E+01   1.37647300000E+01   1.39369100000E+01
   1.40892700000E+01   1.42509700000E+01   1.52997900000E+01   1.64519800000E+01
   1.74493700000E+01   1.83521000000E+01   1.89251400000E+01   1.94735900000E+01
   2.04080100000E+01   2.16428000000E+01   2.28290800000E+01   2.40314100000E+01
   2.51551800000E+01   2.62176000000E+01   2.72490100000E+01   2.84853100000E+01
   2.97281500000E+01   3.09767100000E+01   3.21222300000E+01   3.32971000000E+01
   3.44257600000E+01   3.55694800000E+01   3.66569300000E+01   3.77453800000E+01
   3.88008200000E+01   3.98844100000E+01   4.09462000000E+01   4.20223100000E+01
   4.30996000000E+01   4.42503100000E+01   4.53580800000E+01   4.64656100000E+01
   4.74920600000E+01   5.01842800000E+01   5.27276700000E+01   5.53545400000E+01
   5.79473300000E+01   6.32982000000E+01   6.84520200000E+01   7.37547500000E+01
   7.89361400000E+01   8.42534300000E+01   8.95054200000E+01   9.50657000000E+01
   1.00325200000E+02   1.05734000000E+02   1.11055700000E+02                   5
   0.00000000000E+00                   1                   1                  89
   0.00000000000E+00   3.02971100000E-05   8.68210100000E-05   1.90233900000E-04
   3.58964700000E-04   6.16431200000E-04   9.93288200000E-04   1.53060200000E-03
   2.28415900000E-03   3.32950500000E-03   4.76524800000E-03   6.70843600000E-03
   9.28075900000E-03   1.26302100000E-02   1.70875400000E-02   2.34314200000E-02
   3.31489200000E-02   4.87593900000E-02   7.28071000000E-02   1.01560700000E-01
   1.34182700000E-01   1.86864800000E-01   2.66903200000E-01   3.48891700000E-01
   3.75426000000E-01   3.44019400000E-01   3.08048300000E-01   2.96111600000E-01
   3.08474000000E-01   3.31184000000E-01   3.42154600000E-01   3.26204500000E-01
   2.88287900000E-01   2.43540000000E-01   2.02503300000E-01   1.68713200000E-01
   1.42014500000E-01   1.21124500000E-01   1.04702600000E-01   9.16515200000E-02
   7.22856500000E-02   5.90234300000E-02   4.95136100000E-02   4.24327600000E-02
   3.69989100000E-02   3.27277400000E-02   2.93062400000E-02   2.65243100000E-02
   2.42361100000E-02   2.23372700000E-02   1.94196200000E-02   1.73522900000E-02
   1.58785100000E-02   1.48296900000E-02   1.40893700000E-02   1.35741900000E-02
   1.32231900000E-02   1.29911400000E-02   1.28442800000E-02   1.27573400000E-02
   1.27113400000E-02   1.26921100000E-02   1.26890200000E-02   1.26942000000E-02
   1.27018400000E-02   1.27076600000E-02   1.27085900000E-02   1.27024800000E-02
   1.26878400000E-02   1.26637200000E-02   1.26295700000E-02   1.25851500000E-02
   1.25304400000E-02   1.24656200000E-02   1.23909800000E-02   1.21642400000E-02
   1.18868200000E-02   1.15680800000E-02   1.12178800000E-02   1.04624800000E-02
   9.69632800000E-03   8.98908900000E-03   8.40404900000E-03   7.67584400000E-03
   7.04665200000E-03   6.49863700000E-03   6.01788800000E-03   5.59340800000E-03
   5.21640800000E-03                   1                   1                 446
                 523                 600                 601                 602
                 603                 763                 764                 764
                 765                   2                   1               58709
               58800               58891               58892               58893
               58894               59072               59073               59073
               59074                   9                   1               73864
               73943               74022               74023               74024
               74025               74185               74186               74186
               74187                  31                   1              133610
              133678              133746              133747              133748
              133749              133891              133892              133892
              133893                  32                   1              185339
              185405              185471              185472              185473
              185474              185614              185615              185615
              185616                  33                   1              237203
              237268              237333              237334              237335
              237336              237476              237477              237477
              237478                  34                   1              287781
              287872              287963              287964              287965
              287966              288146              288147              288147
              288148                  15                  75   0.00000000000E+00
   0.00000000000E+00   2.95955900000E-02   4.51812200000E-02   6.74946800000E-02
   9.48631700000E-02   1.26841300000E-01   1.78921400000E-01   2.58541600000E-01
   3.41179000000E-01   3.69773500000E-01   3.40587000000E-01   3.06048000000E-01
   2.94856600000E-01   3.07592600000E-01   3.32049700000E-01   3.98942300000E-01
   4.43534700000E-01   4.25086300000E-01   3.81725800000E-01   3.31117200000E-01
   2.84173100000E-01   2.44333100000E-01   2.11627200000E-01   1.84725100000E-01
   1.62969000000E-01   1.30001000000E-01   1.06959600000E-01   9.01235300000E-02
   7.75689100000E-02   7.11067300000E-02   6.73172300000E-02   6.33435900000E-02
   5.93151200000E-02   5.53640000000E-02   5.18403600000E-02   4.59674400000E-02
   4.24635200000E-02   4.05800300000E-02   3.92516200000E-02   3.83129100000E-02
   3.76222400000E-02   3.75145600000E-02   3.78328100000E-02   3.84767600000E-02
   3.91745400000E-02   3.98530800000E-02   4.07009100000E-02   4.15719700000E-02
   4.24020000000E-02   4.32965600000E-02   4.41568400000E-02   4.49924800000E-02
   4.57508500000E-02   4.65048200000E-02   4.71810600000E-02   4.79385000000E-02
   4.85320300000E-02   4.91084000000E-02   4.96417100000E-02   5.01984500000E-02
   5.11218700000E-02   5.17680900000E-02   5.20874800000E-02   5.21339600000E-02
   5.16106200000E-02   5.05467300000E-02   4.93072400000E-02   4.83453300000E-02
   4.62252600000E-02   4.42458900000E-02   4.24285800000E-02   4.08547400000E-02
   3.93894200000E-02   3.79973200000E-02                  15                  75
   0.00000000000E+00   0.00000000000E+00   2.08054400000E-01   4.06046300000E-01
   5.96429000000E-01   7.92584700000E-01   8.14128100000E-01   8.36804000000E-01
   8.58883300000E-01   8.79485200000E-01   9.08577300000E-01   9.36131300000E-01
   9.62374800000E-01   9.87560700000E-01   1.00814900000E+00   1.03300400000E+00
   1.22378400000E+00   1.45330700000E+00   1.66329700000E+00   1.86081500000E+00
   2.03795300000E+00   2.19898000000E+00   2.35549800000E+00   2.50311700000E+00
   2.63975200000E+00   2.77350100000E+00   3.04759800000E+00   3.31513700000E+00
   3.59425800000E+00   3.87537900000E+00   4.19470300000E+00   4.61831200000E+00
   5.04253300000E+00   5.41311300000E+00   5.78281000000E+00   6.13235300000E+00
   6.86938600000E+00   7.56224100000E+00   8.37845300000E+00   9.16470000000E+00
   9.91626000000E+00   1.06373800000E+01   1.14313200000E+01   1.21928600000E+01
   1.30139700000E+01   1.38110300000E+01   1.46229000000E+01   1.54356500000E+01
   1.62592600000E+01   1.70702100000E+01   1.79230400000E+01   1.87555900000E+01
   1.96030600000E+01   2.04455700000E+01   2.13178600000E+01   2.21888400000E+01
   2.30635500000E+01   2.38963400000E+01   2.47581100000E+01   2.56371300000E+01
   2.65691400000E+01   2.87725000000E+01   3.10703400000E+01   3.33197800000E+01
   3.56254500000E+01   4.00438200000E+01   4.46734100000E+01   4.91051400000E+01
   5.36998000000E+01   5.81590100000E+01   6.26651500000E+01   6.69286300000E+01
   7.14348300000E+01   7.58031200000E+01   8.01711900000E+01                   5
                  -1                   1                   6                   5
                   0                  78   1.00000000000E+00   6.50000000000E+00
   7.00000000000E+00   7.50000000000E+00   8.00000000000E+00   8.50000000000E+00
   9.00000000000E+00   9.50000000000E+00   1.00000000000E+01   1.05000000000E+01
   1.10000000000E+01   1.15000000000E+01   1.20000000000E+01   1.25000000000E+01
   1.30000000000E+01   1.35000000000E+01   1.40000000000E+01   1.45000000000E+01
   1.50000000000E+01   1.55000000000E+01   1.60000000000E+01   1.65000000000E+01
   1.70000000000E+01   1.75000000000E+01   1.80000000000E+01   1.85000000000E+01
   1.90000000000E+01   1.95000000000E+01   2.00000000000E+01   2.10000000000E+01
   2.20000000000E+01   2.30000000000E+01   2.40000000000E+01   2.50000000000E+01
   2.60000000000E+01   2.70000000000E+01   2.80000000000E+01   2.90000000000E+01
   3.00000000000E+01   3.20000000000E+01   3.40000000000E+01   3.60000000000E+01
   3.80000000000E+01   4.00000000000E+01   4.20000000000E+01   4.40000000000E+01
   4.60000000000E+01   4.80000000000E+01   5.00000000000E+01   5.20000000000E+01
   5.40000000000E+01   5.60000000000E+01   5.80000000000E+01   6.00000000000E+01
   6.20000000000E+01   6.40000000000E+01   6.60000000000E+01   6.80000000000E+01
   7.00000000000E+01   7.20000000000E+01   7.40000000000E+01   7.60000000000E+01
   7.80000000000E+01   8.00000000000E+01   8.50000000000E+01   9.00000000000E+01
   9.50000000000E+01   1.00000000000E+02   1.10000000000E+02   1.20000000000E+02
   1.30000000000E+02   1.40000000000E+02   1.50000000000E+02   1.60000000000E+02
   1.70000000000E+02   1.80000000000E+02   1.90000000000E+02   2.00000000000E+02
   0.00000000000E+00   0.00000000000E+00   0.00000000000E+00   0.00000000000E+00
   0.00000000000E+00   8.92807100000E-01   9.26615800000E-01   9.27034300000E-01
   9.34053900000E-01   9.45288000000E-01   9.57491200000E-01   9.68671800000E-01
   9.77893700000E-01   9.84943800000E-01   9.90022700000E-01   9.93506500000E-01
   9.95761700000E-01   9.97142700000E-01   1.00261400000E+00   1.16597100000E+00
   1.35968300000E+00   1.47452000000E+00   1.56740500000E+00   1.63512000000E+00
   1.68435600000E+00   1.72048000000E+00   1.74718700000E+00   1.76428400000E+00
   1.77813700000E+00   1.79843400000E+00   1.81215500000E+00   1.82017700000E+00
   1.82804300000E+00   1.92186000000E+00   2.05688600000E+00   2.16143700000E+00
   2.23625500000E+00   2.28436000000E+00   2.32080100000E+00   2.36706200000E+00
   2.44714200000E+00   2.55565700000E+00   2.64682700000E+00   2.71927800000E+00
   2.77160100000E+00   2.83702800000E+00   2.91220100000E+00   2.99563400000E+00
   3.07074500000E+00   3.13523800000E+00   3.20678800000E+00   3.27621600000E+00
   3.34026600000E+00   3.40868400000E+00   3.47482100000E+00   3.54032000000E+00
   3.60172600000E+00   3.66530600000E+00   3.72568700000E+00   3.79573500000E+00
   3.85629300000E+00   3.91912800000E+00   3.98229000000E+00   4.05120900000E+00
   4.20263600000E+00   4.35508300000E+00   4.50269000000E+00   4.64739900000E+00
   4.93292400000E+00   5.21297700000E+00   5.48523200000E+00   5.75262400000E+00
   6.02217300000E+00   6.27899500000E+00   6.52884300000E+00   6.78888300000E+00
   7.04211400000E+00   7.28419200000E+00                   0                   1
                   0                   4                  10                   0
                   2   1.00000000000E+00   2.00000000000E+02   1.00000000000E+00
   1.00000000000E+00                   0                  31   1.00000000000E+00
   8.00000000000E+00   1.00000000000E+01   1.20000000000E+01   1.40000000000E+01
   1.60000000000E+01   1.80000000000E+01   2.00000000000E+01   2.20000000000E+01
   2.40000000000E+01   2.60000000000E+01   2.80000000000E+01   3.00000000000E+01
   3.20000000000E+01   3.60000000000E+01   4.00000000000E+01   4.40000000000E+01
   4.80000000000E+01   5.00000000000E+01   5.20000000000E+01   5.60000000000E+01
   6.00000000000E+01   7.00000000000E+01   8.00000000000E+01   9.00000000000E+01
   1.00000000000E+02   1.20000000000E+02   1.40000000000E+02   1.60000000000E+02
   1.80000000000E+02   2.00000000000E+02                  74                  85
                 156                 459                1028                1943
                3012                4147                5337                6648
                8223                9837               11477               13130
               14809               16527               18524               20551
               22608               24665               26737               28824
               30926               33342               35758               38496
               41253               44321               47704               51110
               54516                   2                   3   0.00000000000E+00
   5.00000000000E-07   1.00000000000E-06   0.00000000000E+00   2.00000000000E+06
   0.00000000000E+00   0.00000000000E+00   5.00000000000E-01   1.00000000000E+00
                   2                  23   0.00000000000E+00   2.50000000000E-02
   1.00000000000E-01   2.00000000000E-01   3.00000000000E-01   4.00000000000E-01
   5.00000000000E-01   6.00000000000E-01   7.00000000000E-01   8.00000000000E-01
   9.00000000000E-01   1.00000000000E+00   1.10000000000E+00   1.20000000000E+00
   1.30000000000E+00   1.40000000000E+00   1.50000000000E+00   1.60000000000E+00
   1.70000000000E+00   1.80000000000E+00   1.90000000000E+00   2.00000000000E+00
   2.10000000000E+00   0.00000000000E+00   1.92488000000E+01   4.23882300000E-01
   4.66633900000E-03   3.46317100000E-05   2.00584000000E-07   5.61313100000E-10
   1.13470000000E-12   1.00000000000E-12   1.00000000000E-12   1.00000000000E-12
   1.00000000000E-12   1.00000000000E-12   0.00000000000E+00   0.00000000000E+00
   0.00000000000E+00   0.00000000000E+00   0.00000000000E+00   0.00000000000E+00
   0.00000000000E+00   0.00000000000E+00   0.00000000000E+00   0.00000000000E+00
   0.00000000000E+00   2.40610046000E-01   9.78335769000E-01   9.99763200000E-01
   9.99998248000E-01   9.99999990000E-01   1.00000000000E+00   1.00000000000E+00
   1.00000000000E+00   1.00000000000E+00   1.00000000000E+00   1.00000000000E+00
   1.00000000000E+00   1.00000000000E+00   1.00000000000E+00   1.00000000000E+00
   1.00000000000E+00   1.00000000000E+00   1.00000000000E+00   1.00000000000E+00
   1.00000000000E+00   1.00000000000E+00   1.00000000000E+00                   2
                  43   0.00000000000E+00   2.50000000000E-02   1.00000000000E-01
   2.00000000000E-01   3.00000000000E-01   4.00000000000E-01   5.00000000000E-01
   6.00000000000E-01   7.00000000000E-01   8.00000000000E-01   9.00000000000E-01
   1.00000000000E+00   1.10000000000E+00   1.20000000000E+00   1.30000000000E+00
   1.40000000000E+00   1.50000000000E+00   1.60000000000E+00   1.70000000000E+00
   1.80000000000E+00   1.90000000000E+00   2.00000000000E+00   2.10000000000E+00
   2.20000000000E+00   2.30000000000E+00   2.40000000000E+00   2.50000000000E+00
   2.60000000000E+00   2.70000000000E+00   2.80000000000E+00   2.90000000000E+00
   3.00000000000E+00   3.10000000000E+00   3.20000000000E+00   3.30000000000E+00
   3.40000000000E+00   3.50000000000E+00   3.60000000000E+00   3.70000000000E+00
   3.80000000000E+00   3.90000000000E+00   4.00000000000E+00   4.10000000000E+00
   0.00000000000E+00   1.33799700000E-01   5.01742600000E-01   6.62171300000E-01
   7.86720200000E-01   8.48381700000E-01   8.46101900000E-01   7.99193300000E-01
   7.28646100000E-01   6.49455700000E-01   5.70503300000E-01   4.96675400000E-01
   4.30782200000E-01   1.91591000000E-01   1.51289000000E-04   3.45029000000E-02
   3.98710700000E-01   1.05819600000E+00   3.98382800000E-01   5.93909200000E-01
   0.00000000000E+00   0.00000000000E+00   0.00000000000E+00   0.00000000000E+00
   0.00000000000E+00   0.00000000000E+00   0.00000000000E+00   0.00000000000E+00
   0.00000000000E+00   0.00000000000E+00   0.00000000000E+00   0.00000000000E+00
   0.00000000000E+00   0.00000000000E+00   0.00000000000E+00   0.00000000000E+00
   0.00000000000E+00   0.00000000000E+00   0.00000000000E+00   0.00000000000E+00
   0.00000000000E+00   0.00000000000E+00   0.00000000000E+00   0.00000000000E+00
   1.67249631000E-03   2.55053335000E-02   8.37010307000E-02   1.56145609000E-01
   2.37900707000E-01   3.22624890000E-01   4.04889653000E-01   4.81281626000E-01
   5.50186719000E-01   6.11184671000E-01   6.64543608000E-01   7.10916490000E-01
   7.42035151000E-01   7.51622266000E-01   7.53354975000E-01   7.75015656000E-01
   8.47860994000E-01   9.20689937000E-01   9.70304539000E-01   1.00000000000E+00
   1.00000000000E+00   1.00000000000E+00   1.00000000000E+00   1.00000000000E+00
   1.00000000000E+00   1.00000000000E+00   1.00000000000E+00   1.00000000000E+00
   1.00000000000E+00   1.00000000000E+00   1.00000000000E+00   1.00000000000E+00
   1.00000000000E+00   1.00000000000E+00   1.00000000000E+00   1.00000000000E+00
   1.00000000000E+00   1.00000000000E+00   1.00000000000E+00   1.00000000000E+00
   1.00000000000E+00   1.00000000000E+00                   0                   0
                   0                   0                   0                   0
                   0                   0                   0                   0
                   0                   0                   0                   0
                   0                   0                   0                   0
                   0                   0                   0                   0
                   0                   0                   0                   0
                   0                   0                   0                   0
                   0                   0                   0                   0
                   0                   0                   0                   0
                   0                   0                   0                   0
                   0                   0                   0                   0
                   0                   0                   0                   0
                   0                   0                   0                   0
                   0                   0                   0                   0
                   0                   0                   0                   0
                   0                   0                   0                   0
                   0                   0                   0                   0
                   0                   0                   0                   0
                   0                   0                   0                   0
                   0                   0                   0                   0
                   0                   0                   0                   0
                   0                   0                   0                   0
                   0                   0                   0                   0
                   0                   0                   0                   0
                   0                   0                   0                   0
                   0                   0                   0                   0
                   0                   0                   0                   0
                   0                   0                   0                   0
                   0                   0                   0                   0
                   0                   0                   0                   0
                   0                   0                   0                   0
                   0                   0                   0                   0
                   0                   0                   0                   0
