 72179.00u  177.408600  0.0000E+00   06/19/20
Ace Hf179 IAEA-PD                                                        mat7240
      0         0.      0         0.      0         0.      0         0.
      0         0.      0         0.      0         0.      0         0.
      0         0.      0         0.      0         0.      0         0.
      0         0.      0         0.      0         0.      0         0.
   363229    72179       89        1        7        2       12        0
        0        0        0        0        0        0        0        1
        1       90       90        0      179      268      269      270
      271      362      446        0        0        0        0        0
        0        0        0        0        0        0        0        0
        0        0        0        0        0        0        0        0
   9.99999000000E-01   1.00000000000E+00   1.50000000000E+00   2.00000000000E+00
   2.50000000000E+00   3.00000000000E+00   3.50000000000E+00   4.00000000000E+00
   4.50000000000E+00   5.00000000000E+00   5.50000000000E+00   6.00000000000E+00
   6.50000000000E+00   7.00000000000E+00   7.50000000000E+00   8.00000000000E+00
   8.50000000000E+00   9.00000000000E+00   9.50000000000E+00   1.00000000000E+01
   1.05000000000E+01   1.10000000000E+01   1.15000000000E+01   1.20000000000E+01
   1.25000000000E+01   1.30000000000E+01   1.35000000000E+01   1.40000000000E+01
   1.45000000000E+01   1.50000000000E+01   1.55000000000E+01   1.60000000000E+01
   1.65000000000E+01   1.70000000000E+01   1.75000000000E+01   1.80000000000E+01
   1.85000000000E+01   1.90000000000E+01   1.95000000000E+01   2.00000000000E+01
   2.10000000000E+01   2.20000000000E+01   2.30000000000E+01   2.40000000000E+01
   2.50000000000E+01   2.60000000000E+01   2.70000000000E+01   2.80000000000E+01
   2.90000000000E+01   3.00000000000E+01   3.20000000000E+01   3.40000000000E+01
   3.60000000000E+01   3.80000000000E+01   4.00000000000E+01   4.20000000000E+01
   4.40000000000E+01   4.60000000000E+01   4.80000000000E+01   5.00000000000E+01
   5.20000000000E+01   5.40000000000E+01   5.60000000000E+01   5.80000000000E+01
   6.00000000000E+01   6.20000000000E+01   6.40000000000E+01   6.60000000000E+01
   6.80000000000E+01   7.00000000000E+01   7.20000000000E+01   7.40000000000E+01
   7.60000000000E+01   7.80000000000E+01   8.00000000000E+01   8.50000000000E+01
   9.00000000000E+01   9.50000000000E+01   1.00000000000E+02   1.10000000000E+02
   1.20000000000E+02   1.30000000000E+02   1.40000000000E+02   1.50000000000E+02
   1.60000000000E+02   1.70000000000E+02   1.80000000000E+02   1.90000000000E+02
   2.00000000000E+02   0.00000000000E+00   3.00604000000E-05   8.59522500000E-05
   1.88139500000E-04   3.54938700000E-04   6.09766600000E-04   9.83456900000E-04
   1.51754100000E-03   2.26869400000E-03   3.31389900000E-03   4.75370500000E-03
   6.70748700000E-03   9.30172300000E-03   1.27029500000E-02   1.72957600000E-02
   2.39703800000E-02   3.44152500000E-02   5.12086000000E-02   7.46507700000E-02
   9.77509200000E-02   1.25789400000E-01   1.73146500000E-01   2.44485900000E-01
   3.24381700000E-01   3.68458200000E-01   3.53633200000E-01   3.14943500000E-01
   2.90194800000E-01   2.92799100000E-01   3.18565900000E-01   3.43862700000E-01
   3.35728900000E-01   2.91329700000E-01   2.36330400000E-01   1.88693700000E-01
   1.52274600000E-01   1.25314200000E-01   1.05270400000E-01   9.01084000000E-02
   7.83981000000E-02   6.14666100000E-02   5.01411600000E-02   4.21269200000E-02
   3.62069300000E-02   3.16885000000E-02   2.81526400000E-02   2.53325700000E-02
   2.30508100000E-02   2.11846800000E-02   1.96464800000E-02   1.73113900000E-02
   1.56913500000E-02   1.45676700000E-02   1.37959800000E-02   1.32764500000E-02
   1.29378800000E-02   1.27285500000E-02   1.26104700000E-02   1.25555800000E-02
   1.25430700000E-02   1.25575300000E-02   1.25875700000E-02   1.26248000000E-02
   1.26630800000E-02   1.26979700000E-02   1.27263000000E-02   1.27458800000E-02
   1.27552300000E-02   1.27534300000E-02   1.27399700000E-02   1.27146600000E-02
   1.26775600000E-02   1.26289000000E-02   1.25690300000E-02   1.24984200000E-02
   1.22785400000E-02   1.20045600000E-02   1.16868900000E-02   1.13361000000E-02
   1.05764400000E-02   9.80399900000E-03   9.09014000000E-03   8.49932300000E-03
   7.76334300000E-03   7.12732100000E-03   6.57329200000E-03   6.08723000000E-03
   5.65804400000E-03   5.27685500000E-03   0.00000000000E+00   1.00000000000E+00
   7.50866200000E-01   2.69900100000E-01   3.23576200000E-01   3.37165600000E-01
   3.03235300000E-01   2.26378900000E-01   2.40401200000E-01   2.37535400000E-01
   2.16326300000E-01   1.73593300000E-01   3.15866600000E+00   4.65408600000E+00
   5.31333000000E+00   5.87456400000E+00   5.97076100000E+00   6.06312400000E+00
   6.11954900000E+00   6.14514400000E+00   6.19529700000E+00   6.24365500000E+00
   6.25979200000E+00   6.25602400000E+00   6.29472100000E+00   6.33026700000E+00
   6.36259200000E+00   6.57183400000E+00   8.19394400000E+00   9.38711200000E+00
   1.01625700000E+01   1.07948000000E+01   1.10079900000E+01   1.12054700000E+01
   1.14107600000E+01   1.16090400000E+01   1.17349500000E+01   1.18675800000E+01
   1.19822300000E+01   1.21033600000E+01   1.24926600000E+01   1.29561200000E+01
   1.36637400000E+01   1.43413700000E+01   1.49344100000E+01   1.55071400000E+01
   1.59998800000E+01   1.64898300000E+01   1.69559300000E+01   1.74075700000E+01
   1.84893800000E+01   1.97132200000E+01   2.09206400000E+01   2.21376300000E+01
   2.32975000000E+01   2.45165300000E+01   2.56724200000E+01   2.68223900000E+01
   2.79239500000E+01   2.90213700000E+01   3.01410200000E+01   3.12784800000E+01
   3.23264600000E+01   3.34166200000E+01   3.45122200000E+01   3.55901900000E+01
   3.66605400000E+01   3.76845400000E+01   3.87623000000E+01   3.97636900000E+01
   4.08448800000E+01   4.18386300000E+01   4.28230200000E+01   4.37660300000E+01
   4.48286800000E+01   4.73226000000E+01   4.97996800000E+01   5.21960300000E+01
   5.47063400000E+01   5.96521500000E+01   6.44218200000E+01   6.94133800000E+01
   7.41092000000E+01   7.90153300000E+01   8.38672300000E+01   8.89350100000E+01
   9.36334400000E+01   9.86609500000E+01   1.03414000000E+02                   5
   0.00000000000E+00                   1                   1                  89
   0.00000000000E+00   3.00604000000E-05   8.59522500000E-05   1.88139500000E-04
   3.54938700000E-04   6.09766600000E-04   9.83456900000E-04   1.51754100000E-03
   2.26869400000E-03   3.31389900000E-03   4.75370500000E-03   6.70748700000E-03
   9.30172300000E-03   1.27029500000E-02   1.72957600000E-02   2.39703800000E-02
   3.44152500000E-02   5.12086000000E-02   7.46507700000E-02   9.77509200000E-02
   1.25789400000E-01   1.73146500000E-01   2.44485900000E-01   3.24381700000E-01
   3.68458200000E-01   3.53633200000E-01   3.14943500000E-01   2.90194800000E-01
   2.92799100000E-01   3.18565900000E-01   3.43862700000E-01   3.35728900000E-01
   2.91329700000E-01   2.36330400000E-01   1.88693700000E-01   1.52274600000E-01
   1.25314200000E-01   1.05270400000E-01   9.01084000000E-02   7.83981000000E-02
   6.14666100000E-02   5.01411600000E-02   4.21269200000E-02   3.62069300000E-02
   3.16885000000E-02   2.81526400000E-02   2.53325700000E-02   2.30508100000E-02
   2.11846800000E-02   1.96464800000E-02   1.73113900000E-02   1.56913500000E-02
   1.45676700000E-02   1.37959800000E-02   1.32764500000E-02   1.29378800000E-02
   1.27285500000E-02   1.26104700000E-02   1.25555800000E-02   1.25430700000E-02
   1.25575300000E-02   1.25875700000E-02   1.26248000000E-02   1.26630800000E-02
   1.26979700000E-02   1.27263000000E-02   1.27458800000E-02   1.27552300000E-02
   1.27534300000E-02   1.27399700000E-02   1.27146600000E-02   1.26775600000E-02
   1.26289000000E-02   1.25690300000E-02   1.24984200000E-02   1.22785400000E-02
   1.20045600000E-02   1.16868900000E-02   1.13361000000E-02   1.05764400000E-02
   9.80399900000E-03   9.09014000000E-03   8.49932300000E-03   7.76334300000E-03
   7.12732100000E-03   6.57329200000E-03   6.08723000000E-03   5.65804400000E-03
   5.27685500000E-03                   1                   1                 446
                 527                 608                 609                 610
                 611                 773                 774                 774
                 775                   2                   1               60761
               60852               60943               60944               60945
               60946               61126               61127               61127
               61128                   9                   1               75642
               75720               75798               75799               75800
               75801               75959               75960               75960
               75961                  31                   1              133513
              133583              133653              133654              133655
              133656              133800              133801              133801
              133802                  32                   1              186270
              186337              186404              186405              186406
              186407              186549              186550              186550
              186551                  33                   1              238270
              238334              238398              238399              238400
              238401              238541              238542              238542
              238543                  34                   1              288822
              288913              289004              289005              289006
              289007              289187              289188              289188
              289189                  11                  79   0.00000000000E+00
   0.00000000000E+00   4.60353400000E-03   9.80694200000E-03   1.34325800000E-02
   2.24765300000E-02   3.29987400000E-02   4.96098500000E-02   7.28795300000E-02
   9.60220600000E-02   1.24169100000E-01   1.71669500000E-01   2.43051400000E-01
   3.23083700000E-01   3.67453300000E-01   3.52957000000E-01   3.14495300000E-01
   3.00429700000E-01   3.62777200000E-01   4.52849400000E-01   5.26138100000E-01
   5.35503000000E-01   4.76271300000E-01   3.92805200000E-01   3.17593600000E-01
   2.59036900000E-01   2.15049900000E-01   1.82126200000E-01   1.57078400000E-01
   1.37561000000E-01   1.09248700000E-01   9.25081300000E-02   8.14192000000E-02
   7.29202100000E-02   6.57643200000E-02   5.98902900000E-02   5.49905200000E-02
   5.08858200000E-02   4.74154400000E-02   4.45612000000E-02   4.02460200000E-02
   3.77073700000E-02   3.61153500000E-02   3.51934900000E-02   3.48037100000E-02
   3.48147700000E-02   3.51956000000E-02   3.57048800000E-02   3.64044100000E-02
   3.72496800000E-02   3.81331200000E-02   3.90189400000E-02   4.00795600000E-02
   4.10394800000E-02   4.19515000000E-02   4.29100400000E-02   4.38256900000E-02
   4.47382800000E-02   4.55307100000E-02   4.63122600000E-02   4.69546500000E-02
   4.76753300000E-02   4.83002300000E-02   4.89395000000E-02   4.93132700000E-02
   5.03546100000E-02   5.10361600000E-02   5.15429100000E-02   5.15619900000E-02
   5.11601100000E-02   5.01559600000E-02   4.88923000000E-02   4.80240600000E-02
   4.59288000000E-02   4.39686600000E-02   4.22057900000E-02   4.07116900000E-02
   3.91988000000E-02   3.78796300000E-02                  11                  79
   0.00000000000E+00   0.00000000000E+00   7.89964800000E-02   2.19317100000E-01
   3.17293700000E-01   4.99793600000E-01   6.00482100000E-01   6.97042500000E-01
   7.93468800000E-01   8.89976300000E-01   9.32886100000E-01   9.75724000000E-01
   1.01717500000E+00   1.05798700000E+00   1.12773100000E+00   1.19709800000E+00
   1.26616500000E+00   1.38368500000E+00   1.69081700000E+00   1.97988000000E+00
   2.17410300000E+00   2.31126300000E+00   2.53985600000E+00   2.75605600000E+00
   2.96691400000E+00   3.17653700000E+00   3.37908100000E+00   3.58265100000E+00
   3.78720500000E+00   3.99055500000E+00   4.35980600000E+00   4.85525100000E+00
   5.32817500000E+00   5.80438400000E+00   6.26096500000E+00   6.70462800000E+00
   7.13688300000E+00   7.55837000000E+00   7.95911300000E+00   8.36541900000E+00
   9.28026600000E+00   1.00882000000E+01   1.09188800000E+01   1.17275900000E+01
   1.25573800000E+01   1.33508400000E+01   1.41922900000E+01   1.50096400000E+01
   1.58592600000E+01   1.67164200000E+01   1.75529400000E+01   1.83790100000E+01
   1.92952500000E+01   2.01856600000E+01   2.10750300000E+01   2.19633000000E+01
   2.28612200000E+01   2.37931800000E+01   2.46995100000E+01   2.56402800000E+01
   2.65223400000E+01   2.74915800000E+01   2.84508200000E+01   2.94651500000E+01
   3.03650500000E+01   3.27533700000E+01   3.51898900000E+01   3.76943900000E+01
   4.01015200000E+01   4.49300300000E+01   4.99333800000E+01   5.47004000000E+01
   5.97777200000E+01   6.46539300000E+01   6.95706900000E+01   7.42557200000E+01
   7.92689400000E+01   8.39915000000E+01   8.89748400000E+01                   5
                  -1                   1                   6                   5
                   0                  79   1.00000000000E+00   6.00000000000E+00
   6.50000000000E+00   7.00000000000E+00   7.50000000000E+00   8.00000000000E+00
   8.50000000000E+00   9.00000000000E+00   9.50000000000E+00   1.00000000000E+01
   1.05000000000E+01   1.10000000000E+01   1.15000000000E+01   1.20000000000E+01
   1.25000000000E+01   1.30000000000E+01   1.35000000000E+01   1.40000000000E+01
   1.45000000000E+01   1.50000000000E+01   1.55000000000E+01   1.60000000000E+01
   1.65000000000E+01   1.70000000000E+01   1.75000000000E+01   1.80000000000E+01
   1.85000000000E+01   1.90000000000E+01   1.95000000000E+01   2.00000000000E+01
   2.10000000000E+01   2.20000000000E+01   2.30000000000E+01   2.40000000000E+01
   2.50000000000E+01   2.60000000000E+01   2.70000000000E+01   2.80000000000E+01
   2.90000000000E+01   3.00000000000E+01   3.20000000000E+01   3.40000000000E+01
   3.60000000000E+01   3.80000000000E+01   4.00000000000E+01   4.20000000000E+01
   4.40000000000E+01   4.60000000000E+01   4.80000000000E+01   5.00000000000E+01
   5.20000000000E+01   5.40000000000E+01   5.60000000000E+01   5.80000000000E+01
   6.00000000000E+01   6.20000000000E+01   6.40000000000E+01   6.60000000000E+01
   6.80000000000E+01   7.00000000000E+01   7.20000000000E+01   7.40000000000E+01
   7.60000000000E+01   7.80000000000E+01   8.00000000000E+01   8.50000000000E+01
   9.00000000000E+01   9.50000000000E+01   1.00000000000E+02   1.10000000000E+02
   1.20000000000E+02   1.30000000000E+02   1.40000000000E+02   1.50000000000E+02
   1.60000000000E+02   1.70000000000E+02   1.80000000000E+02   1.90000000000E+02
   2.00000000000E+02   0.00000000000E+00   0.00000000000E+00   4.94912000000E-01
   7.72020800000E-01   7.76640100000E-01   9.37679300000E-01   9.58840600000E-01
   9.68779700000E-01   9.76273000000E-01   9.82313600000E-01   9.87118900000E-01
   9.91469700000E-01   9.94132600000E-01   9.95998500000E-01   9.97272700000E-01
   9.98087800000E-01   9.98576900000E-01   1.03526900000E+00   1.23899700000E+00
   1.42152500000E+00   1.53008200000E+00   1.59504600000E+00   1.63481900000E+00
   1.66210200000E+00   1.68311700000E+00   1.70111700000E+00   1.71608600000E+00
   1.73008000000E+00   1.74321600000E+00   1.75464700000E+00   1.77736700000E+00
   1.84495400000E+00   1.93271200000E+00   2.01398500000E+00   2.07533700000E+00
   2.12734200000E+00   2.17074400000E+00   2.20755000000E+00   2.23819500000E+00
   2.26815200000E+00   2.32482900000E+00   2.40306700000E+00   2.47914400000E+00
   2.55099600000E+00   2.62146200000E+00   2.69091800000E+00   2.76509100000E+00
   2.83136800000E+00   2.89946100000E+00   2.96974200000E+00   3.03667400000E+00
   3.09979900000E+00   3.17466900000E+00   3.24087700000E+00   3.30379600000E+00
   3.37176100000E+00   3.43842000000E+00   3.50744600000E+00   3.57007600000E+00
   3.63519400000E+00   3.69295400000E+00   3.76060800000E+00   3.82457900000E+00
   3.89365800000E+00   3.94556000000E+00   4.10102600000E+00   4.25139800000E+00
   4.41031900000E+00   4.54847700000E+00   4.83717700000E+00   5.11586800000E+00
   5.37860800000E+00   5.65033900000E+00   5.91611100000E+00   6.16903000000E+00
   6.42080000000E+00   6.68804800000E+00   6.92797800000E+00   7.17844900000E+00
                   0                   1                   0                   4
                  10                   0                   2   1.00000000000E+00
   2.00000000000E+02   1.00000000000E+00   1.00000000000E+00                   0
                  32   1.00000000000E+00   6.00000000000E+00   8.00000000000E+00
   1.00000000000E+01   1.20000000000E+01   1.40000000000E+01   1.60000000000E+01
   1.80000000000E+01   2.00000000000E+01   2.20000000000E+01   2.40000000000E+01
   2.60000000000E+01   2.80000000000E+01   3.00000000000E+01   3.20000000000E+01
   3.60000000000E+01   4.00000000000E+01   4.40000000000E+01   4.80000000000E+01
   5.00000000000E+01   5.20000000000E+01   5.60000000000E+01   6.00000000000E+01
   7.00000000000E+01   8.00000000000E+01   9.00000000000E+01   1.00000000000E+02
   1.20000000000E+02   1.40000000000E+02   1.60000000000E+02   1.80000000000E+02
   2.00000000000E+02                  76                  87                 152
                 277                 462                1355                2468
                3713                5013                6346                7701
                9341               11020               12725               14443
               16174               17944               20001               22088
               24190               26292               28409               30541
               32673               35123               37590               40366
               43161               46271               49677               53106
               56535                   2                   3   0.00000000000E+00
   5.00000000000E-07   1.00000000000E-06   0.00000000000E+00   2.00000000000E+06
   0.00000000000E+00   0.00000000000E+00   5.00000000000E-01   1.00000000000E+00
                   2                  21   0.00000000000E+00   2.50000000000E-02
   1.00000000000E-01   2.00000000000E-01   3.00000000000E-01   4.00000000000E-01
   5.00000000000E-01   6.00000000000E-01   7.00000000000E-01   8.00000000000E-01
   9.00000000000E-01   1.00000000000E+00   1.10000000000E+00   1.20000000000E+00
   1.30000000000E+00   1.40000000000E+00   1.50000000000E+00   1.60000000000E+00
   1.70000000000E+00   1.80000000000E+00   1.90000000000E+00   0.00000000000E+00
   1.73063000000E+01   1.53342900000E+00   5.07813900000E-03   1.99497000000E-05
   4.50477100000E-08   4.34654100000E-11   1.00000000000E-12   1.00000000000E-12
   1.00000000000E-12   1.00000000000E-12   1.00000000000E-12   0.00000000000E+00
   0.00000000000E+00   0.00000000000E+00   0.00000000000E+00   0.00000000000E+00
   0.00000000000E+00   0.00000000000E+00   0.00000000000E+00   0.00000000000E+00
   0.00000000000E+00   2.16328782000E-01   9.22818725000E-01   9.99744094000E-01
   9.99998998000E-01   9.99999998000E-01   1.00000000000E+00   1.00000000000E+00
   1.00000000000E+00   1.00000000000E+00   1.00000000000E+00   1.00000000000E+00
   1.00000000000E+00   1.00000000000E+00   1.00000000000E+00   1.00000000000E+00
   1.00000000000E+00   1.00000000000E+00   1.00000000000E+00   1.00000000000E+00
   1.00000000000E+00                   2                  41   0.00000000000E+00
   2.50000000000E-02   1.00000000000E-01   2.00000000000E-01   3.00000000000E-01
   4.00000000000E-01   5.00000000000E-01   6.00000000000E-01   7.00000000000E-01
   8.00000000000E-01   9.00000000000E-01   1.00000000000E+00   1.10000000000E+00
   1.20000000000E+00   1.30000000000E+00   1.40000000000E+00   1.50000000000E+00
   1.60000000000E+00   1.70000000000E+00   1.80000000000E+00   1.90000000000E+00
   2.00000000000E+00   2.10000000000E+00   2.20000000000E+00   2.30000000000E+00
   2.40000000000E+00   2.50000000000E+00   2.60000000000E+00   2.70000000000E+00
   2.80000000000E+00   2.90000000000E+00   3.00000000000E+00   3.10000000000E+00
   3.20000000000E+00   3.30000000000E+00   3.40000000000E+00   3.50000000000E+00
   3.60000000000E+00   3.70000000000E+00   3.80000000000E+00   3.90000000000E+00
   0.00000000000E+00   1.85601400000E-01   7.30597900000E-01   1.16637600000E+00
   1.72675000000E+00   1.98593800000E+00   1.80458800000E+00   1.02173700000E+00
   6.73444200000E-02   2.03846400000E-01   3.40892900000E-03   2.24412500000E-03
   1.37209600000E-03   7.38995000000E-04   4.17997700000E-01   1.31850000000E-04
   4.15596000000E-05   5.96482700000E-01   1.53583000000E-06   2.40527500000E-01
   2.83995000000E-02   0.00000000000E+00   0.00000000000E+00   0.00000000000E+00
   0.00000000000E+00   0.00000000000E+00   0.00000000000E+00   0.00000000000E+00
   0.00000000000E+00   0.00000000000E+00   0.00000000000E+00   0.00000000000E+00
   0.00000000000E+00   0.00000000000E+00   0.00000000000E+00   0.00000000000E+00
   0.00000000000E+00   0.00000000000E+00   0.00000000000E+00   0.00000000000E+00
   0.00000000000E+00   0.00000000000E+00   2.32001746000E-03   3.66774906000E-02
   1.31526184000E-01   2.76182481000E-01   4.61816878000E-01   6.51343175000E-01
   7.92659423000E-01   8.47113493000E-01   8.60673033000E-01   8.71035800000E-01
   8.71318452000E-01   8.71499263000E-01   8.71604818000E-01   8.92541652000E-01
   9.13448129000E-01   9.13456800000E-01   9.43283012000E-01   9.73107224000E-01
   9.85133675000E-01   9.98580025000E-01   1.00000000000E+00   1.00000000000E+00
   1.00000000000E+00   1.00000000000E+00   1.00000000000E+00   1.00000000000E+00
   1.00000000000E+00   1.00000000000E+00   1.00000000000E+00   1.00000000000E+00
   1.00000000000E+00   1.00000000000E+00   1.00000000000E+00   1.00000000000E+00
   1.00000000000E+00   1.00000000000E+00   1.00000000000E+00   1.00000000000E+00
   1.00000000000E+00   1.00000000000E+00                   2                  61
   0.00000000000E+00   2.50000000000E-02   1.00000000000E-01   2.00000000000E-01
   3.00000000000E-01   4.00000000000E-01   5.00000000000E-01   6.00000000000E-01
   7.00000000000E-01   8.00000000000E-01   9.00000000000E-01   1.00000000000E+00
   1.10000000000E+00   1.20000000000E+00   1.30000000000E+00   1.40000000000E+00
   1.50000000000E+00   1.60000000000E+00   1.70000000000E+00   1.80000000000E+00
   1.90000000000E+00   2.00000000000E+00   2.10000000000E+00   2.20000000000E+00
   2.30000000000E+00   2.40000000000E+00   2.50000000000E+00   2.60000000000E+00
   2.70000000000E+00   2.80000000000E+00   2.90000000000E+00   3.00000000000E+00
   3.10000000000E+00   3.20000000000E+00   3.30000000000E+00   3.40000000000E+00
   3.50000000000E+00   3.60000000000E+00   3.70000000000E+00   3.80000000000E+00
   3.90000000000E+00   4.00000000000E+00   4.10000000000E+00   4.20000000000E+00
   4.30000000000E+00   4.40000000000E+00   4.50000000000E+00   4.60000000000E+00
   4.70000000000E+00   4.80000000000E+00   4.90000000000E+00   5.00000000000E+00
   5.10000000000E+00   5.20000000000E+00   5.30000000000E+00   5.40000000000E+00
   5.50000000000E+00   5.60000000000E+00   5.70000000000E+00   5.80000000000E+00
   5.90000000000E+00   0.00000000000E+00   1.17755200000E-01   4.55600200000E-01
   6.25911500000E-01   7.54604300000E-01   8.19505500000E-01   8.23339200000E-01
   7.84779300000E-01   7.23300000000E-01   6.52622100000E-01   5.80826800000E-01
   5.12092100000E-01   4.48793400000E-01   3.91547800000E-01   3.40526900000E-01
   2.95764200000E-01   2.56786100000E-01   2.22933900000E-01   1.93547100000E-01
   1.68019700000E-01   1.45825700000E-01   1.26517300000E-01   1.09711000000E-01
   8.73482200000E-02   1.23184600000E-01   1.12275300000E-01   9.10766600000E-02
   5.71005100000E-02   1.09000100000E-02   1.29461600000E-02   4.43873000000E-05
   2.71200000000E-05   1.56927000000E-05   8.48786000000E-06   2.14136400000E-02
   1.83652000000E-06   6.75910000000E-07   2.78449300000E-02   3.40192000000E-08
   1.77406400000E-02   3.58923700000E-03   0.00000000000E+00   0.00000000000E+00
   0.00000000000E+00   0.00000000000E+00   0.00000000000E+00   0.00000000000E+00
   0.00000000000E+00   0.00000000000E+00   0.00000000000E+00   0.00000000000E+00
   0.00000000000E+00   0.00000000000E+00   0.00000000000E+00   0.00000000000E+00
   0.00000000000E+00   0.00000000000E+00   0.00000000000E+00   0.00000000000E+00
   0.00000000000E+00   0.00000000000E+00   0.00000000000E+00   1.47194003000E-03
   2.29727679000E-02   7.70483539000E-02   1.46074145000E-01   2.24779637000E-01
   3.06921873000E-01   3.87327800000E-01   4.62731766000E-01   5.31527872000E-01
   5.93200318000E-01   6.47846264000E-01   6.95890540000E-01   7.37907601000E-01
   7.74511337000E-01   8.06325892000E-01   8.33953408000E-01   8.57939408000E-01
   8.78763459000E-01   8.96841799000E-01   9.12534069000E-01   9.26151220000E-01
   9.37962635000E-01   9.47815596000E-01   9.58342237000E-01   9.70115232000E-01
   9.80282831000E-01   9.87691689000E-01   9.91091715000E-01   9.92284024000E-01
   9.92933551000E-01   9.92937126000E-01   9.92939267000E-01   9.92940476000E-01
   9.94011583000E-01   9.95082356000E-01   9.95082482000E-01   9.96474762000E-01
   9.97867011000E-01   9.98754044000E-01   9.99820538000E-01   1.00000000000E+00
   1.00000000000E+00   1.00000000000E+00   1.00000000000E+00   1.00000000000E+00
   1.00000000000E+00   1.00000000000E+00   1.00000000000E+00   1.00000000000E+00
   1.00000000000E+00   1.00000000000E+00   1.00000000000E+00   1.00000000000E+00
   1.00000000000E+00   1.00000000000E+00   1.00000000000E+00   1.00000000000E+00
   1.00000000000E+00   1.00000000000E+00   1.00000000000E+00                   2
                  81   0.00000000000E+00   2.50000000000E-02   1.00000000000E-01
   2.00000000000E-01   3.00000000000E-01   4.00000000000E-01   5.00000000000E-01
   6.00000000000E-01   7.00000000000E-01   8.00000000000E-01   9.00000000000E-01
   1.00000000000E+00   1.10000000000E+00   1.20000000000E+00   1.30000000000E+00
   1.40000000000E+00   1.50000000000E+00   1.60000000000E+00   1.70000000000E+00
   1.80000000000E+00   1.90000000000E+00   2.00000000000E+00   2.10000000000E+00
   2.20000000000E+00   2.30000000000E+00   2.40000000000E+00   2.50000000000E+00
   2.60000000000E+00   2.70000000000E+00   2.80000000000E+00   2.90000000000E+00
   3.00000000000E+00   3.10000000000E+00   3.20000000000E+00   3.30000000000E+00
   3.40000000000E+00   3.50000000000E+00   3.60000000000E+00   3.70000000000E+00
   3.80000000000E+00   3.90000000000E+00   4.00000000000E+00   4.10000000000E+00
   4.20000000000E+00   4.30000000000E+00   4.40000000000E+00   4.50000000000E+00
   4.60000000000E+00   4.70000000000E+00   4.80000000000E+00   4.90000000000E+00
   5.00000000000E+00   5.10000000000E+00   5.20000000000E+00   5.30000000000E+00
   5.40000000000E+00   5.50000000000E+00   5.60000000000E+00   5.70000000000E+00
   5.80000000000E+00   5.90000000000E+00   6.00000000000E+00   6.10000000000E+00
   6.20000000000E+00   6.30000000000E+00   6.40000000000E+00   6.50000000000E+00
   6.60000000000E+00   6.70000000000E+00   6.80000000000E+00   6.90000000000E+00
   7.00000000000E+00   7.10000000000E+00   7.20000000000E+00   7.30000000000E+00
   7.40000000000E+00   7.50000000000E+00   7.60000000000E+00   7.70000000000E+00
   7.80000000000E+00   7.90000000000E+00   0.00000000000E+00   1.00142800000E-01
   3.95697100000E-01   5.48248300000E-01   6.69795800000E-01   7.35049100000E-01
   7.44854300000E-01   7.15956900000E-01   6.65661500000E-01   6.06276300000E-01
   5.45222200000E-01   4.86488800000E-01   4.32158000000E-01   3.82946600000E-01
   3.38982100000E-01   3.00148000000E-01   2.66050100000E-01   2.36186700000E-01
   2.10048900000E-01   1.87159000000E-01   1.67088600000E-01   1.49463000000E-01
   1.33955300000E-01   1.20282200000E-01   1.08198200000E-01   9.74911100000E-02
   8.79767700000E-02   7.94951300000E-02   7.19065700000E-02   6.50889500000E-02
   5.89348500000E-02   5.33494900000E-02   4.82487300000E-02   4.35576000000E-02
   3.92088800000E-02   3.51419500000E-02   3.13016700000E-02   2.76376900000E-02
   2.41036400000E-02   2.06565200000E-02   1.72562200000E-02   1.38652300000E-02
   1.04483300000E-02   6.46520900000E-03   5.57620300000E-03   4.79684900000E-03
   3.73189700000E-03   2.53202800000E-03   7.57013000000E-04   7.30179000000E-04
   7.17021000000E-07   4.35744000000E-07   2.51133000000E-07   1.35500000000E-07
   9.86225000000E-04   2.94056000000E-08   1.08994000000E-08   1.16138100000E-03
   5.60710000000E-10   8.49619000000E-04   2.16147000000E-04   0.00000000000E+00
   0.00000000000E+00   0.00000000000E+00   0.00000000000E+00   0.00000000000E+00
   0.00000000000E+00   0.00000000000E+00   0.00000000000E+00   0.00000000000E+00
   0.00000000000E+00   0.00000000000E+00   0.00000000000E+00   0.00000000000E+00
   0.00000000000E+00   0.00000000000E+00   0.00000000000E+00   0.00000000000E+00
   0.00000000000E+00   0.00000000000E+00   0.00000000000E+00   0.00000000000E+00
   1.25178501000E-03   1.98457814000E-02   6.70430518000E-02   1.27945257000E-01
   1.98187503000E-01   2.72182673000E-01   3.45223234000E-01   4.14304154000E-01
   4.77901045000E-01   5.35475970000E-01   5.87061521000E-01   6.32993861000E-01
   6.73749091000E-01   7.09845527000E-01   7.41802032000E-01   7.70111937000E-01
   7.95223777000E-01   8.17535558000E-01   8.37395953000E-01   8.55108333000E-01
   8.70935913000E-01   8.85106828000E-01   8.97818703000E-01   9.09242723000E-01
   9.19527189000E-01   9.28800583000E-01   9.37174178000E-01   9.44744263000E-01
   9.51594039000E-01   9.57795229000E-01   9.63409446000E-01   9.68489357000E-01
   9.73079674000E-01   9.77217998000E-01   9.80935539000E-01   9.84257720000E-01
   9.87204688000E-01   9.89791755000E-01   9.92029763000E-01   9.93925400000E-01
   9.95481472000E-01   9.96697150000E-01   9.97542827000E-01   9.98144898000E-01
   9.98663551000E-01   9.99089988000E-01   9.99403184000E-01   9.99567636000E-01
   9.99641996000E-01   9.99678541000E-01   9.99678598000E-01   9.99678633000E-01
   9.99678652000E-01   9.99727970000E-01   9.99777283000E-01   9.99777285000E-01
   9.99835354000E-01   9.99893423000E-01   9.99935904000E-01   9.99989193000E-01
   1.00000000000E+00   1.00000000000E+00   1.00000000000E+00   1.00000000000E+00
   1.00000000000E+00   1.00000000000E+00   1.00000000000E+00   1.00000000000E+00
   1.00000000000E+00   1.00000000000E+00   1.00000000000E+00   1.00000000000E+00
   1.00000000000E+00   1.00000000000E+00   1.00000000000E+00   1.00000000000E+00
   1.00000000000E+00   1.00000000000E+00   1.00000000000E+00   1.00000000000E+00
                   0                   0                   0                   0
                   0                   0                   0                   0
                   0                   0                   0                   0
                   0                   0                   0                   0
                   0                   0                   0                   0
                   0                   0                   0                   0
                   0                   0                   0                   0
                   0                   0                   0                   0
                   0                   0                   0                   0
                   0                   0                   0                   0
                   0                   0                   0                   0
                   0                   0                   0                   0
                   0                   0                   0                   0
                   0                   0                   0                   0
                   0                   0                   0                   0
                   0                   0                   0                   0
                   0                   0                   0                   0
                   0                   0                   0                   0
                   0                   0                   0                   0
                   0                   0                   0                   0
                   0                   0                   0                   0
                   0                   0                   0                   0
                   0                   0                   0                   0
                   0                   0                   0                   0
                   0                   0                   0                   0
                   0                   0                   0                   0
                   0                   0                   0                   0
                   0                   0                   0                   0
                   0                   0                   0                   0
                   0                   0                   0                   0
                   0                   0                   0                   0
                   0                   0                   0                   0
                   0                   0                   0                   0
