 72174.00u  172.445800  0.0000E+00   02/26/20
Ace Hf174 IAEA-PD                                                        mat7225
      0         0.      0         0.      0         0.      0         0.
      0         0.      0         0.      0         0.      0         0.
      0         0.      0         0.      0         0.      0         0.
      0         0.      0         0.      0         0.      0         0.
   369029    72174       89        1        7        2       12        0
        0        0        0        0        0        0        0        1
        1       90       90        0      179      268      269      270
      271      362      446        0        0        0        0        0
        0        0        0        0        0        0        0        0
        0        0        0        0        0        0        0        0
   9.99999000000E-01   1.00000000000E+00   1.50000000000E+00   2.00000000000E+00
   2.50000000000E+00   3.00000000000E+00   3.50000000000E+00   4.00000000000E+00
   4.50000000000E+00   5.00000000000E+00   5.50000000000E+00   6.00000000000E+00
   6.50000000000E+00   7.00000000000E+00   7.50000000000E+00   8.00000000000E+00
   8.50000000000E+00   9.00000000000E+00   9.50000000000E+00   1.00000000000E+01
   1.05000000000E+01   1.10000000000E+01   1.15000000000E+01   1.20000000000E+01
   1.25000000000E+01   1.30000000000E+01   1.35000000000E+01   1.40000000000E+01
   1.45000000000E+01   1.50000000000E+01   1.55000000000E+01   1.60000000000E+01
   1.65000000000E+01   1.70000000000E+01   1.75000000000E+01   1.80000000000E+01
   1.85000000000E+01   1.90000000000E+01   1.95000000000E+01   2.00000000000E+01
   2.10000000000E+01   2.20000000000E+01   2.30000000000E+01   2.40000000000E+01
   2.50000000000E+01   2.60000000000E+01   2.70000000000E+01   2.80000000000E+01
   2.90000000000E+01   3.00000000000E+01   3.20000000000E+01   3.40000000000E+01
   3.60000000000E+01   3.80000000000E+01   4.00000000000E+01   4.20000000000E+01
   4.40000000000E+01   4.60000000000E+01   4.80000000000E+01   5.00000000000E+01
   5.20000000000E+01   5.40000000000E+01   5.60000000000E+01   5.80000000000E+01
   6.00000000000E+01   6.20000000000E+01   6.40000000000E+01   6.60000000000E+01
   6.80000000000E+01   7.00000000000E+01   7.20000000000E+01   7.40000000000E+01
   7.60000000000E+01   7.80000000000E+01   8.00000000000E+01   8.50000000000E+01
   9.00000000000E+01   9.50000000000E+01   1.00000000000E+02   1.10000000000E+02
   1.20000000000E+02   1.30000000000E+02   1.40000000000E+02   1.50000000000E+02
   1.60000000000E+02   1.70000000000E+02   1.80000000000E+02   1.90000000000E+02
   2.00000000000E+02   0.00000000000E+00   3.03078700000E-05   8.68429700000E-05
   1.90261900000E-04   3.58976500000E-04   6.16374800000E-04   9.93062500000E-04
   1.53003500000E-03   2.28301000000E-03   3.32757800000E-03   4.76287000000E-03
   6.70769800000E-03   9.28693900000E-03   1.26495600000E-02   1.71196600000E-02
   2.34673100000E-02   3.31784300000E-02   4.87753300000E-02   7.28057200000E-02
   1.01549200000E-01   1.34175900000E-01   1.86881100000E-01   2.66951500000E-01
   3.48963600000E-01   3.75514700000E-01   3.44106700000E-01   3.08116000000E-01
   2.96154900000E-01   3.08495000000E-01   3.31187900000E-01   3.42149200000E-01
   3.26195600000E-01   2.88275500000E-01   2.43521400000E-01   2.02476900000E-01
   1.68679100000E-01   1.41973300000E-01   1.21077100000E-01   1.04649700000E-01
   9.15938800000E-02   7.22222900000E-02   5.89555900000E-02   4.94421500000E-02
   4.23583200000E-02   3.69220100000E-02   3.26488100000E-02   2.92256300000E-02
   2.64423400000E-02   2.41530000000E-02   2.22532400000E-02   1.93341600000E-02
   1.72657600000E-02   1.57910900000E-02   1.47414200000E-02   1.40002300000E-02
   1.34841300000E-02   1.31321600000E-02   1.28991100000E-02   1.27512500000E-02
   1.26633200000E-02   1.26163800000E-02   1.25962600000E-02   1.25923800000E-02
   1.25968700000E-02   1.26039100000E-02   1.26092400000E-02   1.26098100000E-02
   1.26034500000E-02   1.25886800000E-02   1.25645400000E-02   1.25304900000E-02
   1.24862700000E-02   1.24318700000E-02   1.23674500000E-02   1.22933100000E-02
   1.20681900000E-02   1.17928300000E-02   1.14765200000E-02   1.11290400000E-02
   1.03795200000E-02   9.61938900000E-03   8.91771300000E-03   8.33727400000E-03
   7.61481400000E-03   6.99057800000E-03   6.44687200000E-03   5.96989400000E-03
   5.54873400000E-03   5.17467000000E-03   0.00000000000E+00   1.00000000000E+00
   5.79590800000E-01   1.59182200000E-01   2.73396700000E-01   3.43304100000E-01
   3.51839700000E-01   2.80955000000E-01   3.04513700000E-01   2.68056800000E-01
   1.83021600000E-01   6.96945900000E-02   4.44220600000E-02   3.45849600000E-02
   4.38394800000E-02   7.44396200000E-02   9.22320200000E-01   7.58323100000E+00
   7.60027600000E+00   7.54081300000E+00   7.63171500000E+00   7.79575800000E+00
   7.97495600000E+00   8.16263000000E+00   8.27869800000E+00   8.38128500000E+00
   8.46014900000E+00   8.50777600000E+00   8.58174200000E+00   8.63704900000E+00
   8.67552300000E+00   8.95406700000E+00   1.00723100000E+01   1.09393300000E+01
   1.15285900000E+01   1.20262900000E+01   1.24302700000E+01   1.28093600000E+01
   1.31804800000E+01   1.35100200000E+01   1.38600600000E+01   1.41466800000E+01
   1.43482400000E+01   1.45448100000E+01   1.48446500000E+01   1.53647100000E+01
   1.65380900000E+01   1.76349200000E+01   1.84555400000E+01   1.92451400000E+01
   2.04511100000E+01   2.15097000000E+01   2.26326300000E+01   2.38805000000E+01
   2.50680600000E+01   2.61546400000E+01   2.72218600000E+01   2.83442100000E+01
   2.94954600000E+01   3.06823200000E+01   3.18778600000E+01   3.31033000000E+01
   3.42645900000E+01   3.54254400000E+01   3.65792200000E+01   3.76854900000E+01
   3.87931000000E+01   3.99031400000E+01   4.09677900000E+01   4.21087700000E+01
   4.31980200000E+01   4.43260600000E+01   4.54445700000E+01   4.64609300000E+01
   4.75603500000E+01   5.02902100000E+01   5.29406100000E+01   5.55603100000E+01
   5.82478300000E+01   6.36921100000E+01   6.89398300000E+01   7.43802500000E+01
   7.96907400000E+01   8.51864700000E+01   9.05362900000E+01   9.60719200000E+01
   1.01502800000E+02   1.07134000000E+02   1.12498400000E+02                   5
   0.00000000000E+00                   1                   1                  89
   0.00000000000E+00   3.03078700000E-05   8.68429700000E-05   1.90261900000E-04
   3.58976500000E-04   6.16374800000E-04   9.93062500000E-04   1.53003500000E-03
   2.28301000000E-03   3.32757800000E-03   4.76287000000E-03   6.70769800000E-03
   9.28693900000E-03   1.26495600000E-02   1.71196600000E-02   2.34673100000E-02
   3.31784300000E-02   4.87753300000E-02   7.28057200000E-02   1.01549200000E-01
   1.34175900000E-01   1.86881100000E-01   2.66951500000E-01   3.48963600000E-01
   3.75514700000E-01   3.44106700000E-01   3.08116000000E-01   2.96154900000E-01
   3.08495000000E-01   3.31187900000E-01   3.42149200000E-01   3.26195600000E-01
   2.88275500000E-01   2.43521400000E-01   2.02476900000E-01   1.68679100000E-01
   1.41973300000E-01   1.21077100000E-01   1.04649700000E-01   9.15938800000E-02
   7.22222900000E-02   5.89555900000E-02   4.94421500000E-02   4.23583200000E-02
   3.69220100000E-02   3.26488100000E-02   2.92256300000E-02   2.64423400000E-02
   2.41530000000E-02   2.22532400000E-02   1.93341600000E-02   1.72657600000E-02
   1.57910900000E-02   1.47414200000E-02   1.40002300000E-02   1.34841300000E-02
   1.31321600000E-02   1.28991100000E-02   1.27512500000E-02   1.26633200000E-02
   1.26163800000E-02   1.25962600000E-02   1.25923800000E-02   1.25968700000E-02
   1.26039100000E-02   1.26092400000E-02   1.26098100000E-02   1.26034500000E-02
   1.25886800000E-02   1.25645400000E-02   1.25304900000E-02   1.24862700000E-02
   1.24318700000E-02   1.23674500000E-02   1.22933100000E-02   1.20681900000E-02
   1.17928300000E-02   1.14765200000E-02   1.11290400000E-02   1.03795200000E-02
   9.61938900000E-03   8.91771300000E-03   8.33727400000E-03   7.61481400000E-03
   6.99057800000E-03   6.44687200000E-03   5.96989400000E-03   5.54873400000E-03
   5.17467000000E-03                   1                   1                 446
                 522                 598                 599                 600
                 601                 761                 762                 762
                 763                   2                   1               58933
               59024               59115               59116               59117
               59118               59296               59297               59297
               59298                   9                   1               74352
               74432               74512               74513               74514
               74515               74677               74678               74678
               74679                  31                   1              135586
              135654              135722              135723              135724
              135725              135869              135870              135870
              135871                  32                   1              188135
              188201              188267              188268              188269
              188270              188410              188411              188411
              188412                  33                   1              239798
              239864              239930              239931              239932
              239933              240075              240076              240076
              240077                  34                   1              291946
              292037              292128              292129              292130
              292131              292311              292312              292312
              292313                  16                  74   0.00000000000E+00
   0.00000000000E+00   4.28417500000E-02   6.37576900000E-02   8.91420100000E-02
   1.19749200000E-01   1.70423300000E-01   2.48739500000E-01   3.31354900000E-01
   3.62035100000E-01   3.35599300000E-01   3.03003800000E-01   2.92914900000E-01
   3.06259200000E-01   3.29549600000E-01   3.40927300000E-01   3.41542100000E-01
   3.48350400000E-01   3.21750700000E-01   2.83077900000E-01   2.49053800000E-01
   2.19955000000E-01   1.93882000000E-01   1.72471500000E-01   1.53587000000E-01
   1.23987700000E-01   1.02844200000E-01   8.70857700000E-02   7.50756700000E-02
   6.56539100000E-02   5.97563700000E-02   5.68157400000E-02   5.40224400000E-02
   5.10905800000E-02   4.83799000000E-02   4.34309400000E-02   3.96894200000E-02
   3.75919200000E-02   3.63920600000E-02   3.57012700000E-02   3.52963600000E-02
   3.51147000000E-02   3.52569100000E-02   3.56848800000E-02   3.62895500000E-02
   3.70355900000E-02   3.78552600000E-02   3.86906500000E-02   3.95503300000E-02
   4.03644300000E-02   4.12625500000E-02   4.20507800000E-02   4.28140200000E-02
   4.35589600000E-02   4.41605600000E-02   4.48349100000E-02   4.54059000000E-02
   4.59262600000E-02   4.65085100000E-02   4.69358300000E-02   4.78382300000E-02
   4.84036000000E-02   4.87875600000E-02   4.87932300000E-02   4.83100100000E-02
   4.72970400000E-02   4.61375500000E-02   4.52154400000E-02   4.31969600000E-02
   4.13639100000E-02   3.97209400000E-02   3.82365800000E-02   3.68232000000E-02
   3.55729700000E-02                  16                  74   0.00000000000E+00
   0.00000000000E+00   3.78666900000E-01   5.54862400000E-01   7.33943200000E-01
   7.56196400000E-01   7.82896100000E-01   8.10369400000E-01   8.36453800000E-01
   8.67319000000E-01   8.95615700000E-01   9.21480000000E-01   9.45278600000E-01
   9.94451200000E-01   1.04250500000E+00   1.08975800000E+00   1.19325700000E+00
   1.42297600000E+00   1.60598600000E+00   1.75241500000E+00   1.90672300000E+00
   2.08662600000E+00   2.24552400000E+00   2.40251900000E+00   2.53741500000E+00
   2.82573600000E+00   3.10288300000E+00   3.38073800000E+00   3.65119300000E+00
   3.89658700000E+00   4.25107400000E+00   4.64688800000E+00   5.02179400000E+00
   5.40628700000E+00   5.76912000000E+00   6.50204500000E+00   7.15352200000E+00
   7.92579600000E+00   8.67737000000E+00   9.43663400000E+00   1.01942900000E+01
   1.09321800000E+01   1.16651700000E+01   1.24458100000E+01   1.32333900000E+01
   1.40324000000E+01   1.48268700000E+01   1.56300600000E+01   1.64516700000E+01
   1.72705700000E+01   1.81123200000E+01   1.89312700000E+01   1.97672400000E+01
   2.06263900000E+01   2.14508000000E+01   2.23024000000E+01   2.31388600000E+01
   2.39864100000E+01   2.49056000000E+01   2.57820500000E+01   2.79623800000E+01
   3.01902700000E+01   3.24323700000E+01   3.46492900000E+01   3.89837400000E+01
   4.35066300000E+01   4.78487000000E+01   5.23261500000E+01   5.66504200000E+01
   6.10904200000E+01   6.53237500000E+01   6.96868000000E+01   7.38713900000E+01
   7.82484200000E+01                   5                  -1                   1
                   6                   5                   0                  78
   1.00000000000E+00   6.50000000000E+00   7.00000000000E+00   7.50000000000E+00
   8.00000000000E+00   8.50000000000E+00   9.00000000000E+00   9.50000000000E+00
   1.00000000000E+01   1.05000000000E+01   1.10000000000E+01   1.15000000000E+01
   1.20000000000E+01   1.25000000000E+01   1.30000000000E+01   1.35000000000E+01
   1.40000000000E+01   1.45000000000E+01   1.50000000000E+01   1.55000000000E+01
   1.60000000000E+01   1.65000000000E+01   1.70000000000E+01   1.75000000000E+01
   1.80000000000E+01   1.85000000000E+01   1.90000000000E+01   1.95000000000E+01
   2.00000000000E+01   2.10000000000E+01   2.20000000000E+01   2.30000000000E+01
   2.40000000000E+01   2.50000000000E+01   2.60000000000E+01   2.70000000000E+01
   2.80000000000E+01   2.90000000000E+01   3.00000000000E+01   3.20000000000E+01
   3.40000000000E+01   3.60000000000E+01   3.80000000000E+01   4.00000000000E+01
   4.20000000000E+01   4.40000000000E+01   4.60000000000E+01   4.80000000000E+01
   5.00000000000E+01   5.20000000000E+01   5.40000000000E+01   5.60000000000E+01
   5.80000000000E+01   6.00000000000E+01   6.20000000000E+01   6.40000000000E+01
   6.60000000000E+01   6.80000000000E+01   7.00000000000E+01   7.20000000000E+01
   7.40000000000E+01   7.60000000000E+01   7.80000000000E+01   8.00000000000E+01
   8.50000000000E+01   9.00000000000E+01   9.50000000000E+01   1.00000000000E+02
   1.10000000000E+02   1.20000000000E+02   1.30000000000E+02   1.40000000000E+02
   1.50000000000E+02   1.60000000000E+02   1.70000000000E+02   1.80000000000E+02
   1.90000000000E+02   2.00000000000E+02   0.00000000000E+00   0.00000000000E+00
   0.00000000000E+00   0.00000000000E+00   0.00000000000E+00   0.00000000000E+00
   8.78348700000E-01   8.75723600000E-01   8.77820900000E-01   8.92479200000E-01
   9.11934400000E-01   9.31777900000E-01   9.49540000000E-01   9.64103700000E-01
   9.75276900000E-01   9.83408200000E-01   9.89059800000E-01   9.92752600000E-01
   9.95053300000E-01   9.96428800000E-01   1.04704700000E+00   1.20839400000E+00
   1.32124200000E+00   1.39807500000E+00   1.47649500000E+00   1.54927000000E+00
   1.60131000000E+00   1.64808400000E+00   1.67682600000E+00   1.71675100000E+00
   1.74443500000E+00   1.76136700000E+00   1.77239500000E+00   1.77817800000E+00
   1.83027700000E+00   1.94403800000E+00   2.04302800000E+00   2.11528900000E+00
   2.17406100000E+00   2.24633200000E+00   2.29873600000E+00   2.38057800000E+00
   2.46869400000E+00   2.55004900000E+00   2.61762200000E+00   2.67394700000E+00
   2.73328200000E+00   2.79854000000E+00   2.86572200000E+00   2.93551600000E+00
   3.00527800000E+00   3.07254500000E+00   3.13969500000E+00   3.20253200000E+00
   3.27240600000E+00   3.33476700000E+00   3.39700800000E+00   3.46016900000E+00
   3.51469800000E+00   3.57806500000E+00   3.63646600000E+00   3.69423600000E+00
   3.76055800000E+00   3.81799800000E+00   3.96399400000E+00   4.10449400000E+00
   4.25107600000E+00   4.38431600000E+00   4.65435900000E+00   4.91684400000E+00
   5.17369800000E+00   5.42328800000E+00   5.67275300000E+00   5.91709400000E+00
   6.16127300000E+00   6.40490100000E+00   6.63632500000E+00   6.87444200000E+00
                   0                   1                   0                   4
                  10                   0                   2   1.00000000000E+00
   2.00000000000E+02   1.00000000000E+00   1.00000000000E+00                   0
                  31   1.00000000000E+00   8.00000000000E+00   1.00000000000E+01
   1.20000000000E+01   1.40000000000E+01   1.60000000000E+01   1.80000000000E+01
   2.00000000000E+01   2.20000000000E+01   2.40000000000E+01   2.60000000000E+01
   2.80000000000E+01   3.00000000000E+01   3.20000000000E+01   3.60000000000E+01
   4.00000000000E+01   4.40000000000E+01   4.80000000000E+01   5.00000000000E+01
   5.20000000000E+01   5.60000000000E+01   6.00000000000E+01   7.00000000000E+01
   8.00000000000E+01   9.00000000000E+01   1.00000000000E+02   1.20000000000E+02
   1.40000000000E+02   1.60000000000E+02   1.80000000000E+02   2.00000000000E+02
                  74                  85                 150                 439
                 990                1883                2930                4054
                5321                6857                8432               10046
               11686               13339               15018               16736
               18733               20760               22817               24874
               26946               29033               31135               33551
               35984               38722               41479               44547
               47930               51336               54742                   2
                   3   0.00000000000E+00   5.00000000000E-07   1.00000000000E-06
   0.00000000000E+00   2.00000000000E+06   0.00000000000E+00   0.00000000000E+00
   5.00000000000E-01   1.00000000000E+00                   2                  21
   0.00000000000E+00   2.50000000000E-02   1.00000000000E-01   2.00000000000E-01
   3.00000000000E-01   4.00000000000E-01   5.00000000000E-01   6.00000000000E-01
   7.00000000000E-01   8.00000000000E-01   9.00000000000E-01   1.00000000000E+00
   1.10000000000E+00   1.20000000000E+00   1.30000000000E+00   1.40000000000E+00
   1.50000000000E+00   1.60000000000E+00   1.70000000000E+00   1.80000000000E+00
   1.90000000000E+00   0.00000000000E+00   1.97021000000E+01   1.69008000000E-01
   1.06350900000E-03   3.50799000000E-06   7.48035100000E-09   7.51638100000E-12
   1.00000000000E-12   1.00000000000E-12   1.00000000000E-12   1.00000000000E-12
   0.00000000000E+00   0.00000000000E+00   0.00000000000E+00   0.00000000000E+00
   0.00000000000E+00   0.00000000000E+00   0.00000000000E+00   0.00000000000E+00
   0.00000000000E+00   0.00000000000E+00   0.00000000000E+00   2.46276274000E-01
   9.91442897000E-01   9.99946473000E-01   9.99999824000E-01   1.00000000000E+00
   1.00000000000E+00   1.00000000000E+00   1.00000000000E+00   1.00000000000E+00
   1.00000000000E+00   1.00000000000E+00   1.00000000000E+00   1.00000000000E+00
   1.00000000000E+00   1.00000000000E+00   1.00000000000E+00   1.00000000000E+00
   1.00000000000E+00   1.00000000000E+00   1.00000000000E+00                   2
                  41   0.00000000000E+00   2.50000000000E-02   1.00000000000E-01
   2.00000000000E-01   3.00000000000E-01   4.00000000000E-01   5.00000000000E-01
   6.00000000000E-01   7.00000000000E-01   8.00000000000E-01   9.00000000000E-01
   1.00000000000E+00   1.10000000000E+00   1.20000000000E+00   1.30000000000E+00
   1.40000000000E+00   1.50000000000E+00   1.60000000000E+00   1.70000000000E+00
   1.80000000000E+00   1.90000000000E+00   2.00000000000E+00   2.10000000000E+00
   2.20000000000E+00   2.30000000000E+00   2.40000000000E+00   2.50000000000E+00
   2.60000000000E+00   2.70000000000E+00   2.80000000000E+00   2.90000000000E+00
   3.00000000000E+00   3.10000000000E+00   3.20000000000E+00   3.30000000000E+00
   3.40000000000E+00   3.50000000000E+00   3.60000000000E+00   3.70000000000E+00
   3.80000000000E+00   3.90000000000E+00   0.00000000000E+00   1.31271900000E-01
   5.09644800000E-01   6.63352200000E-01   7.85013900000E-01   8.47172400000E-01
   8.46108200000E-01   7.99423800000E-01   7.28821700000E-01   6.49674800000E-01
   2.85934900000E-01   1.07407500000E-02   3.75946000000E-04   6.65323300000E-02
   7.31227600000E-01   2.34934600000E+00   7.24700700000E-01   0.00000000000E+00
   0.00000000000E+00   0.00000000000E+00   0.00000000000E+00   0.00000000000E+00
   0.00000000000E+00   0.00000000000E+00   0.00000000000E+00   0.00000000000E+00
   0.00000000000E+00   0.00000000000E+00   0.00000000000E+00   0.00000000000E+00
   0.00000000000E+00   0.00000000000E+00   0.00000000000E+00   0.00000000000E+00
   0.00000000000E+00   0.00000000000E+00   0.00000000000E+00   0.00000000000E+00
   0.00000000000E+00   0.00000000000E+00   0.00000000000E+00   0.00000000000E+00
   1.64089869000E-03   2.56752740000E-02   8.43251218000E-02   1.56743424000E-01
   2.38352736000E-01   3.23016763000E-01   4.05293360000E-01   4.81705632000E-01
   5.50630454000E-01   5.97410938000E-01   6.12244719000E-01   6.12800554000E-01
   6.16145968000E-01   6.56033963000E-01   8.10062637000E-01   9.63764966000E-01
   1.00000000000E+00   1.00000000000E+00   1.00000000000E+00   1.00000000000E+00
   1.00000000000E+00   1.00000000000E+00   1.00000000000E+00   1.00000000000E+00
   1.00000000000E+00   1.00000000000E+00   1.00000000000E+00   1.00000000000E+00
   1.00000000000E+00   1.00000000000E+00   1.00000000000E+00   1.00000000000E+00
   1.00000000000E+00   1.00000000000E+00   1.00000000000E+00   1.00000000000E+00
   1.00000000000E+00   1.00000000000E+00   1.00000000000E+00   1.00000000000E+00
                   0                   0                   0                   0
                   0                   0                   0                   0
                   0                   0                   0                   0
                   0                   0                   0                   0
                   0                   0                   0                   0
                   0                   0                   0                   0
                   0                   0                   0                   0
                   0                   0                   0                   0
                   0                   0                   0                   0
                   0                   0                   0                   0
                   0                   0                   0                   0
                   0                   0                   0                   0
                   0                   0                   0                   0
                   0                   0                   0                   0
                   0                   0                   0                   0
                   0                   0                   0                   0
                   0                   0                   0                   0
                   0                   0                   0                   0
                   0                   0                   0                   0
                   0                   0                   0                   0
                   0                   0                   0                   0
                   0                   0                   0                   0
                   0                   0                   0                   0
                   0                   0                   0                   0
                   0                   0                   0                   0
                   0                   0                   0                   0
                   0                   0                   0                   0
                   0                   0                   0                   0
                   0                   0                   0                   0
                   0                   0                   0                   0
                   0                   0                   0                   0
                   0                   0                   0                   0
                   0                   0                   0                   0
                   0                   0
