 72178.00u  176.415100  0.0000E+00   05/27/20
Ace Hf178 IAEA-PD                                                        mat7237
      0         0.      0         0.      0         0.      0         0.
      0         0.      0         0.      0         0.      0         0.
      0         0.      0         0.      0         0.      0         0.
      0         0.      0         0.      0         0.      0         0.
   356532    72178       89        1        7        2       12        0
        0        0        0        0        0        0        0        1
        1       90       90        0      179      268      269      270
      271      362      446        0        0        0        0        0
        0        0        0        0        0        0        0        0
        0        0        0        0        0        0        0        0
   9.99999000000E-01   1.00000000000E+00   1.50000000000E+00   2.00000000000E+00
   2.50000000000E+00   3.00000000000E+00   3.50000000000E+00   4.00000000000E+00
   4.50000000000E+00   5.00000000000E+00   5.50000000000E+00   6.00000000000E+00
   6.50000000000E+00   7.00000000000E+00   7.50000000000E+00   8.00000000000E+00
   8.50000000000E+00   9.00000000000E+00   9.50000000000E+00   1.00000000000E+01
   1.05000000000E+01   1.10000000000E+01   1.15000000000E+01   1.20000000000E+01
   1.25000000000E+01   1.30000000000E+01   1.35000000000E+01   1.40000000000E+01
   1.45000000000E+01   1.50000000000E+01   1.55000000000E+01   1.60000000000E+01
   1.65000000000E+01   1.70000000000E+01   1.75000000000E+01   1.80000000000E+01
   1.85000000000E+01   1.90000000000E+01   1.95000000000E+01   2.00000000000E+01
   2.10000000000E+01   2.20000000000E+01   2.30000000000E+01   2.40000000000E+01
   2.50000000000E+01   2.60000000000E+01   2.70000000000E+01   2.80000000000E+01
   2.90000000000E+01   3.00000000000E+01   3.20000000000E+01   3.40000000000E+01
   3.60000000000E+01   3.80000000000E+01   4.00000000000E+01   4.20000000000E+01
   4.40000000000E+01   4.60000000000E+01   4.80000000000E+01   5.00000000000E+01
   5.20000000000E+01   5.40000000000E+01   5.60000000000E+01   5.80000000000E+01
   6.00000000000E+01   6.20000000000E+01   6.40000000000E+01   6.60000000000E+01
   6.80000000000E+01   7.00000000000E+01   7.20000000000E+01   7.40000000000E+01
   7.60000000000E+01   7.80000000000E+01   8.00000000000E+01   8.50000000000E+01
   9.00000000000E+01   9.50000000000E+01   1.00000000000E+02   1.10000000000E+02
   1.20000000000E+02   1.30000000000E+02   1.40000000000E+02   1.50000000000E+02
   1.60000000000E+02   1.70000000000E+02   1.80000000000E+02   1.90000000000E+02
   2.00000000000E+02   0.00000000000E+00   3.21079500000E-05   9.21392100000E-05
   2.02136000000E-04   3.81883400000E-04   6.56601900000E-04   1.05939600000E-03
   1.63469400000E-03   2.44288000000E-03   3.56558600000E-03   5.10874800000E-03
   7.19656500000E-03   9.95582600000E-03   1.35415300000E-02   1.83062000000E-02
   2.50672800000E-02   3.53506900000E-02   5.16904300000E-02   7.65594700000E-02
   1.05883400000E-01   1.37779700000E-01   1.86046800000E-01   2.55740900000E-01
   3.29654000000E-01   3.68167700000E-01   3.54334000000E-01   3.18546400000E-01
   2.93808600000E-01   2.93385100000E-01   3.15406400000E-01   3.41152400000E-01
   3.39975100000E-01   3.02584300000E-01   2.49926900000E-01   2.01500200000E-01
   1.63351000000E-01   1.34685200000E-01   1.13212800000E-01   9.69066700000E-02
   8.42854000000E-02   6.60280000000E-02   5.37989400000E-02   4.51336500000E-02
   3.87226000000E-02   3.38202900000E-02   2.99759900000E-02   2.69028900000E-02
   2.44102400000E-02   2.23661900000E-02   2.06765100000E-02   1.80994800000E-02
   1.62980200000E-02   1.50364300000E-02   1.41588400000E-02   1.35573300000E-02
   1.31548400000E-02   1.28953400000E-02   1.27376400000E-02   1.26512600000E-02
   1.26135600000E-02   1.26077600000E-02   1.26214200000E-02   1.26453300000E-02
   1.26727300000E-02   1.26987000000E-02   1.27196900000E-02   1.27331900000E-02
   1.27375200000E-02   1.27315500000E-02   1.27146400000E-02   1.26864700000E-02
   1.26470000000E-02   1.25963800000E-02   1.25349100000E-02   1.24630000000E-02
   1.22409100000E-02   1.19658300000E-02   1.16478300000E-02   1.12972500000E-02
   1.05389900000E-02   9.76862500000E-03   9.05694200000E-03   8.46802600000E-03
   7.73460600000E-03   7.10083500000E-03   6.54879100000E-03   6.06448500000E-03
   5.63685800000E-03   5.25706100000E-03   0.00000000000E+00   1.00000000000E+00
   5.72119300000E-01   1.44239200000E-01   2.16632600000E-01   2.39720800000E-01
   2.56317500000E-01   2.45690300000E-01   2.86174200000E-01   2.80568000000E-01
   2.33876800000E-01   1.59220200000E-01   1.39776200000E-01   1.21930500000E-01
   1.07647700000E-01   5.15135800000E+00   4.98859300000E+00   5.63640900000E+00
   6.46645100000E+00   7.43996100000E+00   7.51256500000E+00   7.56079500000E+00
   7.58305200000E+00   7.57803700000E+00   7.62605700000E+00   7.63355400000E+00
   7.64757300000E+00   7.64677800000E+00   8.56859600000E+00   9.74796000000E+00
   1.05467000000E+01   1.10195300000E+01   1.12708700000E+01   1.14980000000E+01
   1.17124800000E+01   1.19180400000E+01   1.20166000000E+01   1.21155700000E+01
   1.22260500000E+01   1.23216200000E+01   1.25466300000E+01   1.27855700000E+01
   1.32005300000E+01   1.37262500000E+01   1.44945300000E+01   1.52405700000E+01
   1.58397200000E+01   1.64578800000E+01   1.70543500000E+01   1.76361900000E+01
   1.87633600000E+01   1.99943800000E+01   2.11473000000E+01   2.22732800000E+01
   2.33749800000E+01   2.45388000000E+01   2.56986200000E+01   2.68674500000E+01
   2.79989300000E+01   2.91659800000E+01   3.02909500000E+01   3.14248200000E+01
   3.25210800000E+01   3.36203800000E+01   3.46926300000E+01   3.58155400000E+01
   3.68569800000E+01   3.79545200000E+01   3.89548800000E+01   3.99764400000E+01
   4.10333200000E+01   4.21070000000E+01   4.30972700000E+01   4.40953400000E+01
   4.51361800000E+01   4.77445300000E+01   5.01567800000E+01   5.26302200000E+01
   5.50613700000E+01   6.01048700000E+01   6.48434200000E+01   6.98480900000E+01
   7.46744100000E+01   7.95574700000E+01   8.44199400000E+01   8.95679100000E+01
   9.44197000000E+01   9.94117600000E+01   1.04443100000E+02                   5
   0.00000000000E+00                   1                   1                  89
   0.00000000000E+00   3.21079500000E-05   9.21392100000E-05   2.02136000000E-04
   3.81883400000E-04   6.56601900000E-04   1.05939600000E-03   1.63469400000E-03
   2.44288000000E-03   3.56558600000E-03   5.10874800000E-03   7.19656500000E-03
   9.95582600000E-03   1.35415300000E-02   1.83062000000E-02   2.50672800000E-02
   3.53506900000E-02   5.16904300000E-02   7.65594700000E-02   1.05883400000E-01
   1.37779700000E-01   1.86046800000E-01   2.55740900000E-01   3.29654000000E-01
   3.68167700000E-01   3.54334000000E-01   3.18546400000E-01   2.93808600000E-01
   2.93385100000E-01   3.15406400000E-01   3.41152400000E-01   3.39975100000E-01
   3.02584300000E-01   2.49926900000E-01   2.01500200000E-01   1.63351000000E-01
   1.34685200000E-01   1.13212800000E-01   9.69066700000E-02   8.42854000000E-02
   6.60280000000E-02   5.37989400000E-02   4.51336500000E-02   3.87226000000E-02
   3.38202900000E-02   2.99759900000E-02   2.69028900000E-02   2.44102400000E-02
   2.23661900000E-02   2.06765100000E-02   1.80994800000E-02   1.62980200000E-02
   1.50364300000E-02   1.41588400000E-02   1.35573300000E-02   1.31548400000E-02
   1.28953400000E-02   1.27376400000E-02   1.26512600000E-02   1.26135600000E-02
   1.26077600000E-02   1.26214200000E-02   1.26453300000E-02   1.26727300000E-02
   1.26987000000E-02   1.27196900000E-02   1.27331900000E-02   1.27375200000E-02
   1.27315500000E-02   1.27146400000E-02   1.26864700000E-02   1.26470000000E-02
   1.25963800000E-02   1.25349100000E-02   1.24630000000E-02   1.22409100000E-02
   1.19658300000E-02   1.16478300000E-02   1.12972500000E-02   1.05389900000E-02
   9.76862500000E-03   9.05694200000E-03   8.46802600000E-03   7.73460600000E-03
   7.10083500000E-03   6.54879100000E-03   6.06448500000E-03   5.63685800000E-03
   5.25706100000E-03                   1                   1                 446
                 524                 602                 603                 604
                 605                 763                 764                 764
                 765                   2                   1               58092
               58183               58274               58275               58276
               58277               58455               58456               58456
               58457                   9                   1               73040
               73118               73196               73197               73198
               73199               73357               73358               73358
               73359                  31                   1              131125
              131193              131261              131262              131263
              131264              131406              131407              131407
              131408                  32                   1              182323
              182390              182457              182458              182459
              182460              182600              182601              182601
              182602                  33                   1              233709
              233772              233835              233836              233837
              233838              233974              233975              233975
              233976                  34                   1              282922
              283013              283104              283105              283106
              283107              283287              283288              283288
              283289                  14                  76   0.00000000000E+00
   0.00000000000E+00   1.69136900000E-02   3.41083100000E-02   5.03017400000E-02
   7.44489400000E-02   1.03206900000E-01   1.34942700000E-01   1.83171100000E-01
   2.52937900000E-01   3.27199100000E-01   3.66366600000E-01   3.53319200000E-01
   3.17942000000E-01   2.93408300000E-01   3.29305700000E-01   4.18801700000E-01
   4.94404500000E-01   5.17525700000E-01   4.77051400000E-01   4.03160100000E-01
   3.30164900000E-01   2.70805900000E-01   2.25466300000E-01   1.90923700000E-01
   1.64614200000E-01   1.44158300000E-01   1.14399800000E-01   9.41320100000E-02
   7.99293500000E-02   7.12370400000E-02   6.48335600000E-02   5.93720900000E-02
   5.46519000000E-02   5.06265400000E-02   4.73467200000E-02   4.45278600000E-02
   4.00973700000E-02   3.73758300000E-02   3.56543800000E-02   3.45622700000E-02
   3.39892000000E-02   3.38656600000E-02   3.40701100000E-02   3.45271800000E-02
   3.51700600000E-02   3.59238400000E-02   3.67610600000E-02   3.76466300000E-02
   3.85721500000E-02   3.95094700000E-02   4.04594600000E-02   4.13104700000E-02
   4.21723400000E-02   4.29480100000E-02   4.37796400000E-02   4.45306700000E-02
   4.52136800000E-02   4.58392300000E-02   4.65024800000E-02   4.70733400000E-02
   4.75388700000E-02   4.84549100000E-02   4.92495600000E-02   4.95788600000E-02
   4.96242600000E-02   4.92691800000E-02   4.84566800000E-02   4.72859300000E-02
   4.63880500000E-02   4.43770400000E-02   4.24787300000E-02   4.07777500000E-02
   3.93319100000E-02   3.79070800000E-02   3.65181700000E-02                  14
                  76   0.00000000000E+00   0.00000000000E+00   2.69645300000E-01
   5.07811300000E-01   6.35440100000E-01   7.58164600000E-01   8.83422200000E-01
   8.86747000000E-01   8.90467200000E-01   8.93601900000E-01   8.95840700000E-01
   9.73958200000E-01   1.05190900000E+00   1.12896900000E+00   1.20565500000E+00
   1.40210500000E+00   1.71424800000E+00   1.93165300000E+00   2.09271700000E+00
   2.31593400000E+00   2.52153000000E+00   2.71561000000E+00   2.90372500000E+00
   3.11058100000E+00   3.31339200000E+00   3.51860500000E+00   3.72512100000E+00
   4.13889200000E+00   4.54870000000E+00   4.90037800000E+00   5.39849800000E+00
   5.86872400000E+00   6.31498500000E+00   6.75056700000E+00   7.17127500000E+00
   7.58780200000E+00   7.99204100000E+00   8.88698100000E+00   9.69109600000E+00
   1.05287900000E+01   1.13365600000E+01   1.21543700000E+01   1.29511500000E+01
   1.37743400000E+01   1.45864100000E+01   1.54255200000E+01   1.62612500000E+01
   1.71189900000E+01   1.79633400000E+01   1.88313100000E+01   1.97045000000E+01
   2.06043500000E+01   2.14612000000E+01   2.23529600000E+01   2.32320400000E+01
   2.41781100000E+01   2.51196900000E+01   2.60148600000E+01   2.69180500000E+01
   2.78867800000E+01   2.88451400000E+01   2.97835900000E+01   3.20653100000E+01
   3.45434500000E+01   3.69593700000E+01   3.94162700000E+01   4.41505100000E+01
   4.91818000000E+01   5.39692300000E+01   5.89394800000E+01   6.38066700000E+01
   6.86928700000E+01   7.32837700000E+01   7.81872100000E+01   8.30402800000E+01
   8.78108900000E+01                   5                  -1                   1
                   6                   5                   0                  77
   1.00000000000E+00   7.00000000000E+00   7.50000000000E+00   8.00000000000E+00
   8.50000000000E+00   9.00000000000E+00   9.50000000000E+00   1.00000000000E+01
   1.05000000000E+01   1.10000000000E+01   1.15000000000E+01   1.20000000000E+01
   1.25000000000E+01   1.30000000000E+01   1.35000000000E+01   1.40000000000E+01
   1.45000000000E+01   1.50000000000E+01   1.55000000000E+01   1.60000000000E+01
   1.65000000000E+01   1.70000000000E+01   1.75000000000E+01   1.80000000000E+01
   1.85000000000E+01   1.90000000000E+01   1.95000000000E+01   2.00000000000E+01
   2.10000000000E+01   2.20000000000E+01   2.30000000000E+01   2.40000000000E+01
   2.50000000000E+01   2.60000000000E+01   2.70000000000E+01   2.80000000000E+01
   2.90000000000E+01   3.00000000000E+01   3.20000000000E+01   3.40000000000E+01
   3.60000000000E+01   3.80000000000E+01   4.00000000000E+01   4.20000000000E+01
   4.40000000000E+01   4.60000000000E+01   4.80000000000E+01   5.00000000000E+01
   5.20000000000E+01   5.40000000000E+01   5.60000000000E+01   5.80000000000E+01
   6.00000000000E+01   6.20000000000E+01   6.40000000000E+01   6.60000000000E+01
   6.80000000000E+01   7.00000000000E+01   7.20000000000E+01   7.40000000000E+01
   7.60000000000E+01   7.80000000000E+01   8.00000000000E+01   8.50000000000E+01
   9.00000000000E+01   9.50000000000E+01   1.00000000000E+02   1.10000000000E+02
   1.20000000000E+02   1.30000000000E+02   1.40000000000E+02   1.50000000000E+02
   1.60000000000E+02   1.70000000000E+02   1.80000000000E+02   1.90000000000E+02
   2.00000000000E+02   0.00000000000E+00   0.00000000000E+00   0.00000000000E+00
   6.74731800000E-01   9.64855600000E-01   9.73134500000E-01   9.72432800000E-01
   9.74722200000E-01   9.79409200000E-01   9.84543100000E-01   9.89039700000E-01
   9.92553100000E-01   9.95107900000E-01   9.97136000000E-01   9.98102600000E-01
   9.98637500000E-01   1.12243500000E+00   1.32781600000E+00   1.44921900000E+00
   1.52224600000E+00   1.57659000000E+00   1.61311200000E+00   1.63853400000E+00
   1.65781600000E+00   1.67402400000E+00   1.68641400000E+00   1.69868800000E+00
   1.71035900000E+00   1.73259500000E+00   1.74970000000E+00   1.77094800000E+00
   1.83967600000E+00   1.91700200000E+00   1.98065500000E+00   2.03145100000E+00
   2.07398800000E+00   2.11688800000E+00   2.15354800000E+00   2.21538800000E+00
   2.29327400000E+00   2.37120000000E+00   2.44103800000E+00   2.50707200000E+00
   2.57438800000E+00   2.64204800000E+00   2.71064200000E+00   2.77996500000E+00
   2.84803300000E+00   2.91574900000E+00   2.98275700000E+00   3.05030800000E+00
   3.11767600000E+00   3.18611000000E+00   3.24775800000E+00   3.31200100000E+00
   3.37177200000E+00   3.43867300000E+00   3.50231500000E+00   3.56392900000E+00
   3.62451400000E+00   3.69173400000E+00   3.75537900000E+00   3.81440000000E+00
   3.95844000000E+00   4.11585000000E+00   4.25648900000E+00   4.39259600000E+00
   4.67494300000E+00   4.96044000000E+00   5.22096000000E+00   5.47802400000E+00
   5.73746600000E+00   5.98221600000E+00   6.22676000000E+00   6.48561400000E+00
   6.72485900000E+00   6.94649900000E+00                   0                   1
                   0                   4                  10                   0
                   2   1.00000000000E+00   2.00000000000E+02   1.00000000000E+00
   1.00000000000E+00                   0                  31   1.00000000000E+00
   8.00000000000E+00   1.00000000000E+01   1.20000000000E+01   1.40000000000E+01
   1.60000000000E+01   1.80000000000E+01   2.00000000000E+01   2.20000000000E+01
   2.40000000000E+01   2.60000000000E+01   2.80000000000E+01   3.00000000000E+01
   3.20000000000E+01   3.60000000000E+01   4.00000000000E+01   4.40000000000E+01
   4.80000000000E+01   5.00000000000E+01   5.20000000000E+01   5.60000000000E+01
   6.00000000000E+01   7.00000000000E+01   8.00000000000E+01   9.00000000000E+01
   1.00000000000E+02   1.20000000000E+02   1.40000000000E+02   1.60000000000E+02
   1.80000000000E+02   2.00000000000E+02                  74                  85
                 168                 311                 514                1473
                2586                3754                4977                6233
                7756                9357               10984               12624
               14290               15995               17992               20019
               22061               24118               26190               28262
               30349               32748               35164               37902
               40659               43727               47110               50493
               53899                   2                   3   0.00000000000E+00
   5.00000000000E-07   1.00000000000E-06   0.00000000000E+00   2.00000000000E+06
   0.00000000000E+00   0.00000000000E+00   5.00000000000E-01   1.00000000000E+00
                   2                  27   0.00000000000E+00   2.50000000000E-02
   1.00000000000E-01   2.00000000000E-01   3.00000000000E-01   4.00000000000E-01
   5.00000000000E-01   6.00000000000E-01   7.00000000000E-01   8.00000000000E-01
   9.00000000000E-01   1.00000000000E+00   1.10000000000E+00   1.20000000000E+00
   1.30000000000E+00   1.40000000000E+00   1.50000000000E+00   1.60000000000E+00
   1.70000000000E+00   1.80000000000E+00   1.90000000000E+00   2.00000000000E+00
   2.10000000000E+00   2.20000000000E+00   2.30000000000E+00   2.40000000000E+00
   2.50000000000E+00   0.00000000000E+00   2.36094200000E-03   9.44366000000E-03
   2.65953000000E-04   6.92001800000E-03   9.98337000000E+00   0.00000000000E+00
   0.00000000000E+00   0.00000000000E+00   0.00000000000E+00   0.00000000000E+00
   0.00000000000E+00   0.00000000000E+00   0.00000000000E+00   0.00000000000E+00
   0.00000000000E+00   0.00000000000E+00   0.00000000000E+00   0.00000000000E+00
   0.00000000000E+00   0.00000000000E+00   0.00000000000E+00   0.00000000000E+00
   0.00000000000E+00   0.00000000000E+00   0.00000000000E+00   0.00000000000E+00
   0.00000000000E+00   2.95117761000E-05   4.72184367000E-04   9.57665034000E-04
   1.31696360000E-03   5.00831482000E-01   1.00000000000E+00   1.00000000000E+00
   1.00000000000E+00   1.00000000000E+00   1.00000000000E+00   1.00000000000E+00
   1.00000000000E+00   1.00000000000E+00   1.00000000000E+00   1.00000000000E+00
   1.00000000000E+00   1.00000000000E+00   1.00000000000E+00   1.00000000000E+00
   1.00000000000E+00   1.00000000000E+00   1.00000000000E+00   1.00000000000E+00
   1.00000000000E+00   1.00000000000E+00   1.00000000000E+00                   2
                  47   0.00000000000E+00   2.50000000000E-02   1.00000000000E-01
   2.00000000000E-01   3.00000000000E-01   4.00000000000E-01   5.00000000000E-01
   6.00000000000E-01   7.00000000000E-01   8.00000000000E-01   9.00000000000E-01
   1.00000000000E+00   1.10000000000E+00   1.20000000000E+00   1.30000000000E+00
   1.40000000000E+00   1.50000000000E+00   1.60000000000E+00   1.70000000000E+00
   1.80000000000E+00   1.90000000000E+00   2.00000000000E+00   2.10000000000E+00
   2.20000000000E+00   2.30000000000E+00   2.40000000000E+00   2.50000000000E+00
   2.60000000000E+00   2.70000000000E+00   2.80000000000E+00   2.90000000000E+00
   3.00000000000E+00   3.10000000000E+00   3.20000000000E+00   3.30000000000E+00
   3.40000000000E+00   3.50000000000E+00   3.60000000000E+00   3.70000000000E+00
   3.80000000000E+00   3.90000000000E+00   4.00000000000E+00   4.10000000000E+00
   4.20000000000E+00   4.30000000000E+00   4.40000000000E+00   4.50000000000E+00
   0.00000000000E+00   1.15389500000E-01   4.58243200000E-01   6.16630500000E-01
   7.37025400000E-01   7.94653800000E-01   7.90730400000E-01   7.46982900000E-01
   6.82024000000E-01   6.09538900000E-01   5.37366100000E-01   4.69652100000E-01
   4.08228200000E-01   3.53612500000E-01   1.53016500000E-01   2.71158100000E-01
   3.68105800000E-01   4.55359700000E-01   3.43785500000E-01   7.86801700000E-01
   1.56681000000E-01   1.15121700000E-01   3.05023900000E-02   4.58052000000E-07
   2.20533400000E-02   9.23114500000E-02   0.00000000000E+00   0.00000000000E+00
   0.00000000000E+00   0.00000000000E+00   0.00000000000E+00   0.00000000000E+00
   0.00000000000E+00   0.00000000000E+00   0.00000000000E+00   0.00000000000E+00
   0.00000000000E+00   0.00000000000E+00   0.00000000000E+00   0.00000000000E+00
   0.00000000000E+00   0.00000000000E+00   0.00000000000E+00   0.00000000000E+00
   0.00000000000E+00   0.00000000000E+00   0.00000000000E+00   0.00000000000E+00
   1.44236875000E-03   2.29535950000E-02   7.66972801000E-02   1.44380075000E-01
   2.20964035000E-01   3.00233245000E-01   3.77118910000E-01   4.48569256000E-01
   5.13147401000E-01   5.70492651000E-01   6.20843561000E-01   6.64737576000E-01
   7.02829611000E-01   7.28161061000E-01   7.49369791000E-01   7.81332986000E-01
   8.22506261000E-01   8.62463521000E-01   9.18992881000E-01   9.66167016000E-01
   9.79757151000E-01   9.87038356000E-01   9.88563498000E-01   9.89666188000E-01
   9.95384428000E-01   1.00000000000E+00   1.00000000000E+00   1.00000000000E+00
   1.00000000000E+00   1.00000000000E+00   1.00000000000E+00   1.00000000000E+00
   1.00000000000E+00   1.00000000000E+00   1.00000000000E+00   1.00000000000E+00
   1.00000000000E+00   1.00000000000E+00   1.00000000000E+00   1.00000000000E+00
   1.00000000000E+00   1.00000000000E+00   1.00000000000E+00   1.00000000000E+00
   1.00000000000E+00   1.00000000000E+00                   2                  67
   0.00000000000E+00   2.50000000000E-02   1.00000000000E-01   2.00000000000E-01
   3.00000000000E-01   4.00000000000E-01   5.00000000000E-01   6.00000000000E-01
   7.00000000000E-01   8.00000000000E-01   9.00000000000E-01   1.00000000000E+00
   1.10000000000E+00   1.20000000000E+00   1.30000000000E+00   1.40000000000E+00
   1.50000000000E+00   1.60000000000E+00   1.70000000000E+00   1.80000000000E+00
   1.90000000000E+00   2.00000000000E+00   2.10000000000E+00   2.20000000000E+00
   2.30000000000E+00   2.40000000000E+00   2.50000000000E+00   2.60000000000E+00
   2.70000000000E+00   2.80000000000E+00   2.90000000000E+00   3.00000000000E+00
   3.10000000000E+00   3.20000000000E+00   3.30000000000E+00   3.40000000000E+00
   3.50000000000E+00   3.60000000000E+00   3.70000000000E+00   3.80000000000E+00
   3.90000000000E+00   4.00000000000E+00   4.10000000000E+00   4.20000000000E+00
   4.30000000000E+00   4.40000000000E+00   4.50000000000E+00   4.60000000000E+00
   4.70000000000E+00   4.80000000000E+00   4.90000000000E+00   5.00000000000E+00
   5.10000000000E+00   5.20000000000E+00   5.30000000000E+00   5.40000000000E+00
   5.50000000000E+00   5.60000000000E+00   5.70000000000E+00   5.80000000000E+00
   5.90000000000E+00   6.00000000000E+00   6.10000000000E+00   6.20000000000E+00
   6.30000000000E+00   6.40000000000E+00   6.50000000000E+00   0.00000000000E+00
   1.21328700000E-01   4.83013900000E-01   6.53126800000E-01   7.84144300000E-01
   8.47488300000E-01   8.44757500000E-01   7.98313300000E-01   7.28842800000E-01
   6.51123700000E-01   5.73700900000E-01   5.01086400000E-01   4.35263700000E-01
   3.76790200000E-01   3.25480100000E-01   2.80795300000E-01   2.42053400000E-01
   2.08548900000E-01   1.79611900000E-01   1.54634100000E-01   1.33077200000E-01
   1.14472000000E-01   9.84132300000E-02   8.45522200000E-02   7.25897800000E-02
   6.22689100000E-02   5.33685800000E-02   4.56982900000E-02   3.90934800000E-02
   3.34115200000E-02   2.85286200000E-02   2.43371400000E-02   2.07433600000E-02
   1.76656700000E-02   7.52184200000E-03   8.13251900000E-03   1.46174500000E-02
   1.62503600000E-02   1.10286600000E-02   2.14160100000E-02   7.26893200000E-03
   8.37089000000E-03   3.32211500000E-03   1.29950000000E-08   1.51299300000E-03
   3.27503700000E-03   0.00000000000E+00   0.00000000000E+00   0.00000000000E+00
   0.00000000000E+00   0.00000000000E+00   0.00000000000E+00   0.00000000000E+00
   0.00000000000E+00   0.00000000000E+00   0.00000000000E+00   0.00000000000E+00
   0.00000000000E+00   0.00000000000E+00   0.00000000000E+00   0.00000000000E+00
   0.00000000000E+00   0.00000000000E+00   0.00000000000E+00   0.00000000000E+00
   0.00000000000E+00   0.00000000000E+00   0.00000000000E+00   1.51660876000E-03
   2.41794564000E-02   8.09864918000E-02   1.52850047000E-01   2.34431678000E-01
   3.19043968000E-01   4.01197509000E-01   4.77555314000E-01   5.46553640000E-01
   6.07794870000E-01   6.61534236000E-01   7.08351741000E-01   7.48954436000E-01
   7.84067951000E-01   8.14381722000E-01   8.40524157000E-01   8.63054272000E-01
   8.82462312000E-01   8.99174612000E-01   9.13560177000E-01   9.25937637000E-01
   9.36581899000E-01   9.45730172000E-01   9.53587272000E-01   9.60330206000E-01
   9.66112081000E-01   9.71065424000E-01   9.75305013000E-01   9.78930263000E-01
   9.82027270000E-01   9.84670558000E-01   9.86924583000E-01   9.88845034000E-01
   9.90104410000E-01   9.90887128000E-01   9.92024626000E-01   9.93568017000E-01
   9.94931968000E-01   9.96554201000E-01   9.97988449000E-01   9.98770440000E-01
   9.99355090000E-01   9.99521196000E-01   9.99596847000E-01   9.99836248000E-01
   1.00000000000E+00   1.00000000000E+00   1.00000000000E+00   1.00000000000E+00
   1.00000000000E+00   1.00000000000E+00   1.00000000000E+00   1.00000000000E+00
   1.00000000000E+00   1.00000000000E+00   1.00000000000E+00   1.00000000000E+00
   1.00000000000E+00   1.00000000000E+00   1.00000000000E+00   1.00000000000E+00
   1.00000000000E+00   1.00000000000E+00   1.00000000000E+00   1.00000000000E+00
   1.00000000000E+00                   2                  87   0.00000000000E+00
   2.50000000000E-02   1.00000000000E-01   2.00000000000E-01   3.00000000000E-01
   4.00000000000E-01   5.00000000000E-01   6.00000000000E-01   7.00000000000E-01
   8.00000000000E-01   9.00000000000E-01   1.00000000000E+00   1.10000000000E+00
   1.20000000000E+00   1.30000000000E+00   1.40000000000E+00   1.50000000000E+00
   1.60000000000E+00   1.70000000000E+00   1.80000000000E+00   1.90000000000E+00
   2.00000000000E+00   2.10000000000E+00   2.20000000000E+00   2.30000000000E+00
   2.40000000000E+00   2.50000000000E+00   2.60000000000E+00   2.70000000000E+00
   2.80000000000E+00   2.90000000000E+00   3.00000000000E+00   3.10000000000E+00
   3.20000000000E+00   3.30000000000E+00   3.40000000000E+00   3.50000000000E+00
   3.60000000000E+00   3.70000000000E+00   3.80000000000E+00   3.90000000000E+00
   4.00000000000E+00   4.10000000000E+00   4.20000000000E+00   4.30000000000E+00
   4.40000000000E+00   4.50000000000E+00   4.60000000000E+00   4.70000000000E+00
   4.80000000000E+00   4.90000000000E+00   5.00000000000E+00   5.10000000000E+00
   5.20000000000E+00   5.30000000000E+00   5.40000000000E+00   5.50000000000E+00
   5.60000000000E+00   5.70000000000E+00   5.80000000000E+00   5.90000000000E+00
   6.00000000000E+00   6.10000000000E+00   6.20000000000E+00   6.30000000000E+00
   6.40000000000E+00   6.50000000000E+00   6.60000000000E+00   6.70000000000E+00
   6.80000000000E+00   6.90000000000E+00   7.00000000000E+00   7.10000000000E+00
   7.20000000000E+00   7.30000000000E+00   7.40000000000E+00   7.50000000000E+00
   7.60000000000E+00   7.70000000000E+00   7.80000000000E+00   7.90000000000E+00
   8.00000000000E+00   8.10000000000E+00   8.20000000000E+00   8.30000000000E+00
   8.40000000000E+00   8.50000000000E+00   0.00000000000E+00   9.08556300000E-02
   3.62999000000E-01   5.04903700000E-01   6.23328100000E-01   6.91329600000E-01
   7.06454900000E-01   6.83359800000E-01   6.38144300000E-01   5.82815900000E-01
   5.24870400000E-01   4.68572000000E-01   4.16106900000E-01   3.68417700000E-01
   3.25740700000E-01   2.87930500000E-01   2.54692900000E-01   2.26159200000E-01
   2.01440900000E-01   1.80028300000E-01   1.61467900000E-01   1.45362200000E-01
   1.31366600000E-01   1.19184200000E-01   1.08559800000E-01   9.92741300000E-02
   9.11392600000E-02   8.39935500000E-02   7.76979800000E-02   7.21327700000E-02
   6.71944600000E-02   6.27936700000E-02   5.88528400000E-02   5.53045800000E-02
   5.20901200000E-02   4.91578500000E-02   4.64624600000E-02   4.39636600000E-02
   4.16255200000E-02   3.94155600000E-02   3.73044000000E-02   3.52651300000E-02
   3.32729900000E-02   3.13051800000E-02   2.93407300000E-02   2.73604500000E-02
   2.53469100000E-02   2.32845100000E-02   2.11594800000E-02   1.89598600000E-02
   1.66755000000E-02   1.42978400000E-02   1.18198300000E-02   9.23563000000E-03
   6.31781100000E-03   1.48603400000E-03   1.34530400000E-03   4.33900000000E-04
   2.34994000000E-04   4.37457000000E-04   2.53571000000E-04   2.26607000000E-04
   1.32360000000E-04   1.24785000000E-10   4.34617000000E-05   7.34170000000E-05
   0.00000000000E+00   0.00000000000E+00   0.00000000000E+00   0.00000000000E+00
   0.00000000000E+00   0.00000000000E+00   0.00000000000E+00   0.00000000000E+00
   0.00000000000E+00   0.00000000000E+00   0.00000000000E+00   0.00000000000E+00
   0.00000000000E+00   0.00000000000E+00   0.00000000000E+00   0.00000000000E+00
   0.00000000000E+00   0.00000000000E+00   0.00000000000E+00   0.00000000000E+00
   0.00000000000E+00   0.00000000000E+00   1.13569535000E-03   1.81552436000E-02
   6.15503777000E-02   1.17961967000E-01   1.83694850000E-01   2.53584074000E-01
   3.23074807000E-01   3.89150011000E-01   4.50198020000E-01   5.05582334000E-01
   5.55254453000E-01   5.99488397000E-01   6.38714626000E-01   6.73422545000E-01
   7.04106104000E-01   7.31237274000E-01   7.55279878000E-01   7.76659883000E-01
   7.95733343000E-01   8.12808152000E-01   8.28149657000E-01   8.41986097000E-01
   8.54513636000E-01   8.65900836000E-01   8.76292532000E-01   8.85813202000E-01
   8.94569842000E-01   9.02654418000E-01   9.10145956000E-01   9.17112317000E-01
   9.23611723000E-01   9.29694049000E-01   9.35401920000E-01   9.40771655000E-01
   9.45834053000E-01   9.50615068000E-01   9.55136374000E-01   9.59415833000E-01
   9.63467887000E-01   9.67303885000E-01   9.70932361000E-01   9.74359267000E-01
   9.77588176000E-01   9.80620471000E-01   9.83455530000E-01   9.86090898000E-01
   9.88522469000E-01   9.90744669000E-01   9.92750635000E-01   9.94532403000E-01
   9.96081070000E-01   9.97386954000E-01   9.98439727000E-01   9.99217399000E-01
   9.99607591000E-01   9.99749158000E-01   9.99838118000E-01   9.99871563000E-01
   9.99905185000E-01   9.99939737000E-01   9.99963746000E-01   9.99981694000E-01
   9.99988312000E-01   9.99990485000E-01   9.99996329000E-01   1.00000000000E+00
   1.00000000000E+00   1.00000000000E+00   1.00000000000E+00   1.00000000000E+00
   1.00000000000E+00   1.00000000000E+00   1.00000000000E+00   1.00000000000E+00
   1.00000000000E+00   1.00000000000E+00   1.00000000000E+00   1.00000000000E+00
   1.00000000000E+00   1.00000000000E+00   1.00000000000E+00   1.00000000000E+00
   1.00000000000E+00   1.00000000000E+00   1.00000000000E+00   1.00000000000E+00
                   0                   0                   0                   0
                   0                   0                   0                   0
                   0                   0                   0                   0
                   0                   0                   0                   0
                   0                   0                   0                   0
                   0                   0                   0                   0
                   0                   0                   0                   0
                   0                   0                   0                   0
                   0                   0                   0                   0
                   0                   0                   0                   0
                   0                   0                   0                   0
                   0                   0                   0                   0
                   0                   0                   0                   0
                   0                   0                   0                   0
                   0                   0                   0                   0
                   0                   0                   0                   0
                   0                   0                   0                   0
                   0                   0                   0                   0
                   0                   0                   0                   0
                   0                   0                   0                   0
                   0                   0                   0                   0
                   0                   0                   0                   0
                   0                   0                   0                   0
                   0                   0                   0                   0
                   0                   0                   0                   0
                   0                   0                   0                   0
                   0                   0                   0                   0
                   0                   0                   0                   0
                   0                   0                   0                   0
                   0                   0                   0                   0
                   0                   0                   0                   0
                   0                   0                   0                   0
                   0                   0
