 72177.00u  175.423200  0.0000E+00   05/27/20
Ace Hf177 IAEA-PD                                                        mat7234
      0         0.      0         0.      0         0.      0         0.
      0         0.      0         0.      0         0.      0         0.
      0         0.      0         0.      0         0.      0         0.
      0         0.      0         0.      0         0.      0         0.
   371271    72177       89        1        7        2       12        0
        0        0        0        0        0        0        0        1
        1       90       90        0      179      268      269      270
      271      362      446        0        0        0        0        0
        0        0        0        0        0        0        0        0
        0        0        0        0        0        0        0        0
   9.99999000000E-01   1.00000000000E+00   1.50000000000E+00   2.00000000000E+00
   2.50000000000E+00   3.00000000000E+00   3.50000000000E+00   4.00000000000E+00
   4.50000000000E+00   5.00000000000E+00   5.50000000000E+00   6.00000000000E+00
   6.50000000000E+00   7.00000000000E+00   7.50000000000E+00   8.00000000000E+00
   8.50000000000E+00   9.00000000000E+00   9.50000000000E+00   1.00000000000E+01
   1.05000000000E+01   1.10000000000E+01   1.15000000000E+01   1.20000000000E+01
   1.25000000000E+01   1.30000000000E+01   1.35000000000E+01   1.40000000000E+01
   1.45000000000E+01   1.50000000000E+01   1.55000000000E+01   1.60000000000E+01
   1.65000000000E+01   1.70000000000E+01   1.75000000000E+01   1.80000000000E+01
   1.85000000000E+01   1.90000000000E+01   1.95000000000E+01   2.00000000000E+01
   2.10000000000E+01   2.20000000000E+01   2.30000000000E+01   2.40000000000E+01
   2.50000000000E+01   2.60000000000E+01   2.70000000000E+01   2.80000000000E+01
   2.90000000000E+01   3.00000000000E+01   3.20000000000E+01   3.40000000000E+01
   3.60000000000E+01   3.80000000000E+01   4.00000000000E+01   4.20000000000E+01
   4.40000000000E+01   4.60000000000E+01   4.80000000000E+01   5.00000000000E+01
   5.20000000000E+01   5.40000000000E+01   5.60000000000E+01   5.80000000000E+01
   6.00000000000E+01   6.20000000000E+01   6.40000000000E+01   6.60000000000E+01
   6.80000000000E+01   7.00000000000E+01   7.20000000000E+01   7.40000000000E+01
   7.60000000000E+01   7.80000000000E+01   8.00000000000E+01   8.50000000000E+01
   9.00000000000E+01   9.50000000000E+01   1.00000000000E+02   1.10000000000E+02
   1.20000000000E+02   1.30000000000E+02   1.40000000000E+02   1.50000000000E+02
   1.60000000000E+02   1.70000000000E+02   1.80000000000E+02   1.90000000000E+02
   2.00000000000E+02   0.00000000000E+00   2.90304200000E-05   8.30178300000E-05
   1.81679000000E-04   3.42589100000E-04   5.88133400000E-04   9.47677700000E-04
   1.46063400000E-03   2.18061300000E-03   3.18027000000E-03   4.55439000000E-03
   6.41532200000E-03   8.88005200000E-03   1.20933600000E-02   1.63811400000E-02
   2.25037200000E-02   3.19060900000E-02   4.70321700000E-02   7.02854300000E-02
   9.76516100000E-02   1.27759500000E-01   1.76083100000E-01   2.50615900000E-01
   3.32488800000E-01   3.69153000000E-01   3.44178500000E-01   3.04064200000E-01
   2.84034500000E-01   2.91005000000E-01   3.15947900000E-01   3.36074000000E-01
   3.27256700000E-01   2.89167600000E-01   2.40681200000E-01   1.96389100000E-01
   1.60853100000E-01   1.33572800000E-01   1.12766700000E-01   9.67518900000E-02
   8.42377400000E-02   6.59879800000E-02   5.37044400000E-02   4.49968200000E-02
   3.85656800000E-02   3.36611200000E-02   2.98261900000E-02   2.67689100000E-02
   2.42948300000E-02   2.22697000000E-02   2.05977900000E-02   1.80499700000E-02
   1.62682000000E-02   1.50179700000E-02   1.41455700000E-02   1.35451200000E-02
   1.31412100000E-02   1.28789500000E-02   1.27178900000E-02   1.26280100000E-02
   1.25869500000E-02   1.25780600000E-02   1.25889500000E-02   1.26104200000E-02
   1.26357200000E-02   1.26598900000E-02   1.26793500000E-02   1.26915900000E-02
   1.26948600000E-02   1.26880400000E-02   1.26704500000E-02   1.26417600000E-02
   1.26019100000E-02   1.25510200000E-02   1.24894000000E-02   1.24174300000E-02
   1.21955400000E-02   1.19210700000E-02   1.16039600000E-02   1.12545000000E-02
   1.04988700000E-02   9.73130000000E-03   9.02225900000E-03   8.43554800000E-03
   7.70490900000E-03   7.07354600000E-03   6.52360100000E-03   6.04113800000E-03
   5.61513600000E-03   5.23678000000E-03   0.00000000000E+00   1.00000000000E+00
   6.86326400000E-01   1.45629500000E-01   1.90804200000E-01   2.06198800000E-01
   1.78066000000E-01   1.00878800000E-01   1.28353800000E-01   1.27961300000E-01
   1.01666000000E-01   5.07456600000E-02   2.04641600000E+00   5.38516300000E+00
   5.69264500000E+00   5.89699600000E+00   5.96651900000E+00   6.11254800000E+00
   6.21329700000E+00   6.27101900000E+00   6.32353100000E+00   6.37329800000E+00
   6.41583000000E+00   6.44441600000E+00   6.48665900000E+00   6.50837300000E+00
   6.51172900000E+00   6.49888700000E+00   6.90914100000E+00   7.61584200000E+00
   8.98598000000E+00   1.01072300000E+01   1.08088400000E+01   1.13349700000E+01
   1.17935300000E+01   1.22062400000E+01   1.23939000000E+01   1.25521500000E+01
   1.27019100000E+01   1.28509400000E+01   1.31062800000E+01   1.33489500000E+01
   1.41204800000E+01   1.49103300000E+01   1.55998400000E+01   1.62249000000E+01
   1.67520800000E+01   1.72688200000E+01   1.77248600000E+01   1.81705000000E+01
   1.90349300000E+01   2.03058900000E+01   2.16337600000E+01   2.28667700000E+01
   2.40763600000E+01   2.52962900000E+01   2.64609900000E+01   2.76112100000E+01
   2.87633700000E+01   2.99032300000E+01   3.09703700000E+01   3.21190600000E+01
   3.31959100000E+01   3.43156500000E+01   3.54454900000E+01   3.65966000000E+01
   3.76864000000E+01   3.87697900000E+01   3.98508700000E+01   4.08620600000E+01
   4.19853100000E+01   4.30101900000E+01   4.40798400000E+01   4.51091900000E+01
   4.60553700000E+01   4.86946000000E+01   5.11913000000E+01   5.37975800000E+01
   5.62782400000E+01   6.14208900000E+01   6.63522500000E+01   7.14801300000E+01
   7.64462400000E+01   8.16124400000E+01   8.65782300000E+01   9.17411900000E+01
   9.68283100000E+01   1.01929400000E+02   1.07222500000E+02                   5
   0.00000000000E+00                   1                   1                  89
   0.00000000000E+00   2.90304200000E-05   8.30178300000E-05   1.81679000000E-04
   3.42589100000E-04   5.88133400000E-04   9.47677700000E-04   1.46063400000E-03
   2.18061300000E-03   3.18027000000E-03   4.55439000000E-03   6.41532200000E-03
   8.88005200000E-03   1.20933600000E-02   1.63811400000E-02   2.25037200000E-02
   3.19060900000E-02   4.70321700000E-02   7.02854300000E-02   9.76516100000E-02
   1.27759500000E-01   1.76083100000E-01   2.50615900000E-01   3.32488800000E-01
   3.69153000000E-01   3.44178500000E-01   3.04064200000E-01   2.84034500000E-01
   2.91005000000E-01   3.15947900000E-01   3.36074000000E-01   3.27256700000E-01
   2.89167600000E-01   2.40681200000E-01   1.96389100000E-01   1.60853100000E-01
   1.33572800000E-01   1.12766700000E-01   9.67518900000E-02   8.42377400000E-02
   6.59879800000E-02   5.37044400000E-02   4.49968200000E-02   3.85656800000E-02
   3.36611200000E-02   2.98261900000E-02   2.67689100000E-02   2.42948300000E-02
   2.22697000000E-02   2.05977900000E-02   1.80499700000E-02   1.62682000000E-02
   1.50179700000E-02   1.41455700000E-02   1.35451200000E-02   1.31412100000E-02
   1.28789500000E-02   1.27178900000E-02   1.26280100000E-02   1.25869500000E-02
   1.25780600000E-02   1.25889500000E-02   1.26104200000E-02   1.26357200000E-02
   1.26598900000E-02   1.26793500000E-02   1.26915900000E-02   1.26948600000E-02
   1.26880400000E-02   1.26704500000E-02   1.26417600000E-02   1.26019100000E-02
   1.25510200000E-02   1.24894000000E-02   1.24174300000E-02   1.21955400000E-02
   1.19210700000E-02   1.16039600000E-02   1.12545000000E-02   1.04988700000E-02
   9.73130000000E-03   9.02225900000E-03   8.43554800000E-03   7.70490900000E-03
   7.07354600000E-03   6.52360100000E-03   6.04113800000E-03   5.61513600000E-03
   5.23678000000E-03                   1                   1                 446
                 527                 608                 609                 610
                 611                 775                 776                 776
                 777                   2                   1               61546
               61637               61728               61729               61730
               61731               61911               61912               61912
               61913                   9                   1               76676
               76755               76834               76835               76836
               76837               76999               77000               77000
               77001                  31                   1              136675
              136745              136815              136816              136817
              136818              136964              136965              136965
              136966                  32                   1              190508
              190575              190642              190643              190644
              190645              190787              190788              190788
              190789                  33                   1              242593
              242660              242727              242728              242729
              242730              242874              242875              242875
              242876                  34                   1              295290
              295381              295472              295473              295474
              295475              295655              295656              295656
              295657                  11                  79   0.00000000000E+00
   0.00000000000E+00   2.00754100000E-03   1.06946400000E-02   1.43675400000E-02
   2.04250300000E-02   2.97815100000E-02   4.43925900000E-02   6.70193800000E-02
   9.40540100000E-02   1.24170400000E-01   1.72430800000E-01   2.46882600000E-01
   3.29012900000E-01   3.66490500000E-01   3.42479100000E-01   3.03025900000E-01
   2.83338200000E-01   2.90459200000E-01   3.34052700000E-01   4.27299900000E-01
   4.72789100000E-01   4.49872200000E-01   3.90480200000E-01   3.26658100000E-01
   2.72464400000E-01   2.29070900000E-01   1.95491400000E-01   1.69021200000E-01
   1.48116700000E-01   1.17163800000E-01   9.62551700000E-02   8.43334900000E-02
   7.62827600000E-02   6.92250400000E-02   6.31233400000E-02   5.79431500000E-02
   5.35537500000E-02   4.97903500000E-02   4.66279000000E-02   4.15288800000E-02
   3.88396100000E-02   3.71636300000E-02   3.61313900000E-02   3.55236100000E-02
   3.53267100000E-02   3.55375800000E-02   3.60076200000E-02   3.66192000000E-02
   3.73386600000E-02   3.80736700000E-02   3.89068900000E-02   3.98528200000E-02
   4.08165900000E-02   4.17425600000E-02   4.26195000000E-02   4.34947600000E-02
   4.43560400000E-02   4.51354200000E-02   4.59372600000E-02   4.65662400000E-02
   4.72103300000E-02   4.77532700000E-02   4.82900900000E-02   4.88355800000E-02
   4.97396600000E-02   5.04471200000E-02   5.08336400000E-02   5.10030400000E-02
   5.05108900000E-02   4.94286100000E-02   4.83002900000E-02   4.74191800000E-02
   4.52827200000E-02   4.33671800000E-02   4.16183900000E-02   4.00027800000E-02
   3.86380400000E-02   3.72360900000E-02                  11                  79
   0.00000000000E+00   0.00000000000E+00   5.49559400000E-02   3.49662700000E-01
   4.80374700000E-01   6.35343500000E-01   6.98002800000E-01   7.50940500000E-01
   8.04194600000E-01   8.58347200000E-01   8.92449200000E-01   9.25703300000E-01
   9.57891600000E-01   9.88994000000E-01   1.04252800000E+00   1.09532600000E+00
   1.14748800000E+00   1.19913200000E+00   1.21524000000E+00   1.30362100000E+00
   1.58729000000E+00   1.82590100000E+00   2.08731100000E+00   2.30298000000E+00
   2.49050900000E+00   2.66806500000E+00   2.84307300000E+00   3.01731800000E+00
   3.18502500000E+00   3.35113000000E+00   3.68906400000E+00   4.03194000000E+00
   4.40636000000E+00   4.85108300000E+00   5.29304400000E+00   5.70368800000E+00
   6.10765400000E+00   6.49894700000E+00   6.87746500000E+00   7.25275400000E+00
   8.07332800000E+00   8.85131100000E+00   9.66554500000E+00   1.04656200000E+01
   1.12477800000E+01   1.20220900000E+01   1.28460200000E+01   1.36521300000E+01
   1.44656100000E+01   1.52911100000E+01   1.61238000000E+01   1.69373700000E+01
   1.78053200000E+01   1.86627300000E+01   1.95226200000E+01   2.03582600000E+01
   2.12213200000E+01   2.21100600000E+01   2.29933300000E+01   2.39262500000E+01
   2.47815700000E+01   2.56845300000E+01   2.65734800000E+01   2.75009400000E+01
   2.84774600000E+01   3.07461700000E+01   3.31608500000E+01   3.54496800000E+01
   3.78325000000E+01   4.24819600000E+01   4.72978800000E+01   5.19401900000E+01
   5.67336900000E+01   6.13266300000E+01   6.60730700000E+01   7.06799700000E+01
   7.53607800000E+01   8.00266400000E+01   8.44667700000E+01                   5
                  -1                   1                   6                   5
                   0                  80   1.00000000000E+00   5.50000000000E+00
   6.00000000000E+00   6.50000000000E+00   7.00000000000E+00   7.50000000000E+00
   8.00000000000E+00   8.50000000000E+00   9.00000000000E+00   9.50000000000E+00
   1.00000000000E+01   1.05000000000E+01   1.10000000000E+01   1.15000000000E+01
   1.20000000000E+01   1.25000000000E+01   1.30000000000E+01   1.35000000000E+01
   1.40000000000E+01   1.45000000000E+01   1.50000000000E+01   1.55000000000E+01
   1.60000000000E+01   1.65000000000E+01   1.70000000000E+01   1.75000000000E+01
   1.80000000000E+01   1.85000000000E+01   1.90000000000E+01   1.95000000000E+01
   2.00000000000E+01   2.10000000000E+01   2.20000000000E+01   2.30000000000E+01
   2.40000000000E+01   2.50000000000E+01   2.60000000000E+01   2.70000000000E+01
   2.80000000000E+01   2.90000000000E+01   3.00000000000E+01   3.20000000000E+01
   3.40000000000E+01   3.60000000000E+01   3.80000000000E+01   4.00000000000E+01
   4.20000000000E+01   4.40000000000E+01   4.60000000000E+01   4.80000000000E+01
   5.00000000000E+01   5.20000000000E+01   5.40000000000E+01   5.60000000000E+01
   5.80000000000E+01   6.00000000000E+01   6.20000000000E+01   6.40000000000E+01
   6.60000000000E+01   6.80000000000E+01   7.00000000000E+01   7.20000000000E+01
   7.40000000000E+01   7.60000000000E+01   7.80000000000E+01   8.00000000000E+01
   8.50000000000E+01   9.00000000000E+01   9.50000000000E+01   1.00000000000E+02
   1.10000000000E+02   1.20000000000E+02   1.30000000000E+02   1.40000000000E+02
   1.50000000000E+02   1.60000000000E+02   1.70000000000E+02   1.80000000000E+02
   1.90000000000E+02   2.00000000000E+02   0.00000000000E+00   0.00000000000E+00
   0.00000000000E+00   2.26073100000E-01   8.84339800000E-01   8.77078200000E-01
   9.07629000000E-01   9.33411500000E-01   9.43877100000E-01   9.53531600000E-01
   9.63158800000E-01   9.71907400000E-01   9.79258100000E-01   9.85103500000E-01
   9.89545800000E-01   9.92787500000E-01   9.95062400000E-01   9.96585300000E-01
   9.97548500000E-01   9.98124400000E-01   1.05730300000E+00   1.27144600000E+00
   1.44470400000E+00   1.55574900000E+00   1.62239600000E+00   1.66332100000E+00
   1.69387100000E+00   1.71495200000E+00   1.73359200000E+00   1.74695500000E+00
   1.75831800000E+00   1.77553200000E+00   1.79231300000E+00   1.87421000000E+00
   1.97799600000E+00   2.05652800000E+00   2.11637300000E+00   2.16456900000E+00
   2.20432700000E+00   2.23578900000E+00   2.26373300000E+00   2.30077300000E+00
   2.38745600000E+00   2.47461100000E+00   2.55425500000E+00   2.62261300000E+00
   2.68823900000E+00   2.75935400000E+00   2.83125700000E+00   2.89983900000E+00
   2.96645800000E+00   3.02699100000E+00   3.09055900000E+00   3.16030900000E+00
   3.23025400000E+00   3.29722900000E+00   3.36133200000E+00   3.42705400000E+00
   3.49401600000E+00   3.55732000000E+00   3.62554300000E+00   3.68352500000E+00
   3.74628400000E+00   3.80473200000E+00   3.86648600000E+00   3.93282500000E+00
   4.07851200000E+00   4.23176100000E+00   4.38071500000E+00   4.53179100000E+00
   4.81107900000E+00   5.07934300000E+00   5.35345900000E+00   5.62135200000E+00
   5.87712600000E+00   6.13089700000E+00   6.37966500000E+00   6.62172900000E+00
   6.88105100000E+00   7.11049300000E+00                   0                   1
                   0                   4                  10                   0
                   2   1.00000000000E+00   2.00000000000E+02   1.00000000000E+00
   1.00000000000E+00                   0                  32   1.00000000000E+00
   6.00000000000E+00   8.00000000000E+00   1.00000000000E+01   1.20000000000E+01
   1.40000000000E+01   1.60000000000E+01   1.80000000000E+01   2.00000000000E+01
   2.20000000000E+01   2.40000000000E+01   2.60000000000E+01   2.80000000000E+01
   3.00000000000E+01   3.20000000000E+01   3.60000000000E+01   4.00000000000E+01
   4.40000000000E+01   4.80000000000E+01   5.00000000000E+01   5.20000000000E+01
   5.60000000000E+01   6.00000000000E+01   7.00000000000E+01   8.00000000000E+01
   9.00000000000E+01   1.00000000000E+02   1.20000000000E+02   1.40000000000E+02
   1.60000000000E+02   1.80000000000E+02   2.00000000000E+02                  76
                  87                 149                 271                 813
                1695                2797                4031                5320
                6642                8052                9744               11462
               13206               14950               16720               18516
               20603               22705               24822               26954
               29086               31233               33380               35847
               38331               41126               43921               47031
               50460               53889               57318                   2
                   3   0.00000000000E+00   5.00000000000E-07   1.00000000000E-06
   0.00000000000E+00   2.00000000000E+06   0.00000000000E+00   0.00000000000E+00
   5.00000000000E-01   1.00000000000E+00                   2                  20
   0.00000000000E+00   2.50000000000E-02   1.00000000000E-01   2.00000000000E-01
   3.00000000000E-01   4.00000000000E-01   5.00000000000E-01   6.00000000000E-01
   7.00000000000E-01   8.00000000000E-01   9.00000000000E-01   1.00000000000E+00
   1.10000000000E+00   1.20000000000E+00   1.30000000000E+00   1.40000000000E+00
   1.50000000000E+00   1.60000000000E+00   1.70000000000E+00   1.80000000000E+00
   0.00000000000E+00   2.49664800000E+00   9.98516700000E+00   1.46191900000E-02
   3.53282000000E-05   4.78843000000E-08   2.37751000000E-11   9.99999900000E-13
   9.99999900000E-13   9.99999900000E-13   9.99999900000E-13   0.00000000000E+00
   0.00000000000E+00   0.00000000000E+00   0.00000000000E+00   0.00000000000E+00
   0.00000000000E+00   0.00000000000E+00   0.00000000000E+00   0.00000000000E+00
   0.00000000000E+00   3.12080982000E-02   4.99276172000E-01   9.99265503000E-01
   9.99998229000E-01   9.99999998000E-01   1.00000000000E+00   1.00000000000E+00
   1.00000000000E+00   1.00000000000E+00   1.00000000000E+00   1.00000000000E+00
   1.00000000000E+00   1.00000000000E+00   1.00000000000E+00   1.00000000000E+00
   1.00000000000E+00   1.00000000000E+00   1.00000000000E+00   1.00000000000E+00
                   2                  40   0.00000000000E+00   2.50000000000E-02
   1.00000000000E-01   2.00000000000E-01   3.00000000000E-01   4.00000000000E-01
   5.00000000000E-01   6.00000000000E-01   7.00000000000E-01   8.00000000000E-01
   9.00000000000E-01   1.00000000000E+00   1.10000000000E+00   1.20000000000E+00
   1.30000000000E+00   1.40000000000E+00   1.50000000000E+00   1.60000000000E+00
   1.70000000000E+00   1.80000000000E+00   1.90000000000E+00   2.00000000000E+00
   2.10000000000E+00   2.20000000000E+00   2.30000000000E+00   2.40000000000E+00
   2.50000000000E+00   2.60000000000E+00   2.70000000000E+00   2.80000000000E+00
   2.90000000000E+00   3.00000000000E+00   3.10000000000E+00   3.20000000000E+00
   3.30000000000E+00   3.40000000000E+00   3.50000000000E+00   3.60000000000E+00
   3.70000000000E+00   3.80000000000E+00   0.00000000000E+00   3.17649000000E-01
   1.20333800000E+00   2.60740100000E+00   9.67319600000E-01   7.99329500000E-01
   8.34517500000E-02   8.31394700000E-03   4.00106900000E-03   2.65322700000E-03
   1.64222900000E-03   7.58536800000E-01   4.43819000000E-04   1.67563000000E-04
   2.02606000000E+00   6.81167000000E-06   1.33147400000E+00   1.97453000000E-01
   0.00000000000E+00   0.00000000000E+00   0.00000000000E+00   0.00000000000E+00
   0.00000000000E+00   0.00000000000E+00   0.00000000000E+00   0.00000000000E+00
   0.00000000000E+00   0.00000000000E+00   0.00000000000E+00   0.00000000000E+00
   0.00000000000E+00   0.00000000000E+00   0.00000000000E+00   0.00000000000E+00
   0.00000000000E+00   0.00000000000E+00   0.00000000000E+00   0.00000000000E+00
   0.00000000000E+00   0.00000000000E+00   0.00000000000E+00   3.97061271000E-03
   6.10076283000E-02   2.51544588000E-01   4.30280623000E-01   5.18613078000E-01
   5.62752143000E-01   5.67340428000E-01   5.67956179000E-01   5.68288893000E-01
   5.68503666000E-01   6.06512620000E-01   6.44461653000E-01   6.44492222000E-01
   7.45803605000E-01   8.47106951000E-01   9.13680995000E-01   9.90127349000E-01
   1.00000000000E+00   1.00000000000E+00   1.00000000000E+00   1.00000000000E+00
   1.00000000000E+00   1.00000000000E+00   1.00000000000E+00   1.00000000000E+00
   1.00000000000E+00   1.00000000000E+00   1.00000000000E+00   1.00000000000E+00
   1.00000000000E+00   1.00000000000E+00   1.00000000000E+00   1.00000000000E+00
   1.00000000000E+00   1.00000000000E+00   1.00000000000E+00   1.00000000000E+00
   1.00000000000E+00   1.00000000000E+00                   2                  60
   0.00000000000E+00   2.50000000000E-02   1.00000000000E-01   2.00000000000E-01
   3.00000000000E-01   4.00000000000E-01   5.00000000000E-01   6.00000000000E-01
   7.00000000000E-01   8.00000000000E-01   9.00000000000E-01   1.00000000000E+00
   1.10000000000E+00   1.20000000000E+00   1.30000000000E+00   1.40000000000E+00
   1.50000000000E+00   1.60000000000E+00   1.70000000000E+00   1.80000000000E+00
   1.90000000000E+00   2.00000000000E+00   2.10000000000E+00   2.20000000000E+00
   2.30000000000E+00   2.40000000000E+00   2.50000000000E+00   2.60000000000E+00
   2.70000000000E+00   2.80000000000E+00   2.90000000000E+00   3.00000000000E+00
   3.10000000000E+00   3.20000000000E+00   3.30000000000E+00   3.40000000000E+00
   3.50000000000E+00   3.60000000000E+00   3.70000000000E+00   3.80000000000E+00
   3.90000000000E+00   4.00000000000E+00   4.10000000000E+00   4.20000000000E+00
   4.30000000000E+00   4.40000000000E+00   4.50000000000E+00   4.60000000000E+00
   4.70000000000E+00   4.80000000000E+00   4.90000000000E+00   5.00000000000E+00
   5.10000000000E+00   5.20000000000E+00   5.30000000000E+00   5.40000000000E+00
   5.50000000000E+00   5.60000000000E+00   5.70000000000E+00   5.80000000000E+00
   0.00000000000E+00   1.33329200000E-01   4.64164300000E-01   6.25341800000E-01
   7.53860600000E-01   8.21777100000E-01   8.28244000000E-01   7.91415500000E-01
   7.30889700000E-01   6.60473200000E-01   5.88716400000E-01   5.19885000000E-01
   4.55869300000E-01   3.97532400000E-01   3.45687300000E-01   3.00431900000E-01
   2.60923900000E-01   2.26328200000E-01   1.95900800000E-01   8.75108900000E-02
   2.12603200000E-01   1.59612800000E-01   9.42620400000E-02   1.92106500000E-01
   8.89066500000E-02   5.40080100000E-02   6.31026000000E-03   3.68347300000E-03
   8.32076000000E-05   5.01855000000E-05   2.83976000000E-05   2.47530300000E-02
   6.83974000000E-06   2.68843000000E-06   5.20039300000E-02   1.55289000000E-07
   3.98232500000E-02   8.15897400000E-03   0.00000000000E+00   0.00000000000E+00
   0.00000000000E+00   0.00000000000E+00   0.00000000000E+00   0.00000000000E+00
   0.00000000000E+00   0.00000000000E+00   0.00000000000E+00   0.00000000000E+00
   0.00000000000E+00   0.00000000000E+00   0.00000000000E+00   0.00000000000E+00
   0.00000000000E+00   0.00000000000E+00   0.00000000000E+00   0.00000000000E+00
   0.00000000000E+00   0.00000000000E+00   0.00000000000E+00   0.00000000000E+00
   0.00000000000E+00   1.66661501000E-03   2.40726214000E-02   7.85479267000E-02
   1.47508047000E-01   2.26289933000E-01   3.08790988000E-01   3.89773963000E-01
   4.65889224000E-01   5.35457369000E-01   5.97916850000E-01   6.53346920000E-01
   7.02134635000E-01   7.44804720000E-01   7.81965706000E-01   8.14271666000E-01
   8.42339456000E-01   8.66702061000E-01   8.87813511000E-01   9.01984096000E-01
   9.16989800000E-01   9.35600601000E-01   9.48294343000E-01   9.62612770000E-01
   9.76663427000E-01   9.83809160000E-01   9.86825074000E-01   9.87324760000E-01
   9.87513095000E-01   9.87519764000E-01   9.87523693000E-01   9.88762765000E-01
   9.90000758000E-01   9.90001235000E-01   9.92601566000E-01   9.95201770000E-01
   9.97192940000E-01   9.99592051000E-01   1.00000000000E+00   1.00000000000E+00
   1.00000000000E+00   1.00000000000E+00   1.00000000000E+00   1.00000000000E+00
   1.00000000000E+00   1.00000000000E+00   1.00000000000E+00   1.00000000000E+00
   1.00000000000E+00   1.00000000000E+00   1.00000000000E+00   1.00000000000E+00
   1.00000000000E+00   1.00000000000E+00   1.00000000000E+00   1.00000000000E+00
   1.00000000000E+00   1.00000000000E+00   1.00000000000E+00   1.00000000000E+00
                   0                   0                   0                   0
                   0                   0                   0                   0
                   0                   0                   0                   0
                   0                   0                   0                   0
                   0                   0                   0                   0
                   0                   0                   0                   0
                   0                   0                   0                   0
                   0                   0                   0                   0
                   0                   0                   0                   0
                   0                   0                   0                   0
                   0                   0                   0                   0
                   0                   0                   0                   0
                   0                   0                   0                   0
                   0                   0                   0                   0
                   0                   0                   0                   0
                   0                   0                   0                   0
                   0                   0                   0                   0
                   0                   0                   0                   0
                   0                   0                   0                   0
                   0                   0                   0                   0
                   0                   0                   0                   0
                   0                   0                   0                   0
                   0                   0                   0                   0
                   0                   0                   0                   0
                   0                   0                   0                   0
                   0                   0                   0                   0
                   0                   0                   0                   0
                   0                   0                   0                   0
                   0                   0                   0                   0
                   0                   0                   0                   0
                   0                   0                   0                   0
                   0                   0                   0                   0
                   0                   0                   0                   0
                   0                   0
