 72180.00u  178.400700  0.0000E+00   05/27/20
Ace Hf180 IAEA-PD                                                        mat7243
      0         0.      0         0.      0         0.      0         0.
      0         0.      0         0.      0         0.      0         0.
      0         0.      0         0.      0         0.      0         0.
      0         0.      0         0.      0         0.      0         0.
   348349    72180       89        1        7        2       12        0
        0        0        0        0        0        0        0        1
        1       90       90        0      179      268      269      270
      271      362      446        0        0        0        0        0
        0        0        0        0        0        0        0        0
        0        0        0        0        0        0        0        0
   9.99999000000E-01   1.00000000000E+00   1.50000000000E+00   2.00000000000E+00
   2.50000000000E+00   3.00000000000E+00   3.50000000000E+00   4.00000000000E+00
   4.50000000000E+00   5.00000000000E+00   5.50000000000E+00   6.00000000000E+00
   6.50000000000E+00   7.00000000000E+00   7.50000000000E+00   8.00000000000E+00
   8.50000000000E+00   9.00000000000E+00   9.50000000000E+00   1.00000000000E+01
   1.05000000000E+01   1.10000000000E+01   1.15000000000E+01   1.20000000000E+01
   1.25000000000E+01   1.30000000000E+01   1.35000000000E+01   1.40000000000E+01
   1.45000000000E+01   1.50000000000E+01   1.55000000000E+01   1.60000000000E+01
   1.65000000000E+01   1.70000000000E+01   1.75000000000E+01   1.80000000000E+01
   1.85000000000E+01   1.90000000000E+01   1.95000000000E+01   2.00000000000E+01
   2.10000000000E+01   2.20000000000E+01   2.30000000000E+01   2.40000000000E+01
   2.50000000000E+01   2.60000000000E+01   2.70000000000E+01   2.80000000000E+01
   2.90000000000E+01   3.00000000000E+01   3.20000000000E+01   3.40000000000E+01
   3.60000000000E+01   3.80000000000E+01   4.00000000000E+01   4.20000000000E+01
   4.40000000000E+01   4.60000000000E+01   4.80000000000E+01   5.00000000000E+01
   5.20000000000E+01   5.40000000000E+01   5.60000000000E+01   5.80000000000E+01
   6.00000000000E+01   6.20000000000E+01   6.40000000000E+01   6.60000000000E+01
   6.80000000000E+01   7.00000000000E+01   7.20000000000E+01   7.40000000000E+01
   7.60000000000E+01   7.80000000000E+01   8.00000000000E+01   8.50000000000E+01
   9.00000000000E+01   9.50000000000E+01   1.00000000000E+02   1.10000000000E+02
   1.20000000000E+02   1.30000000000E+02   1.40000000000E+02   1.50000000000E+02
   1.60000000000E+02   1.70000000000E+02   1.80000000000E+02   1.90000000000E+02
   2.00000000000E+02   0.00000000000E+00   2.97523900000E-05   8.48216600000E-05
   1.85351500000E-04   3.49373200000E-04   6.00045700000E-04   9.68025400000E-04
   1.49485400000E-03   2.23762200000E-03   3.27454900000E-03   4.70907500000E-03
   6.66702600000E-03   9.29035900000E-03   1.27859800000E-02   1.76408000000E-02
   2.49789800000E-02   3.68548900000E-02   5.49784500000E-02   7.40135000000E-02
   9.05611300000E-02   1.17661200000E-01   1.65423900000E-01   2.37910600000E-01
   3.21142100000E-01   3.68427500000E-01   3.52968100000E-01   3.12438700000E-01
   2.87225100000E-01   2.90659700000E-01   3.17906600000E-01   3.44615400000E-01
   3.37115400000E-01   2.92518100000E-01   2.37002600000E-01   1.88897700000E-01
   1.52150900000E-01   1.24984800000E-01   1.04820600000E-01   8.95938100000E-02
   7.78541100000E-02   6.09216200000E-02   4.96321900000E-02   4.16670700000E-02
   3.57990700000E-02   3.13309800000E-02   2.78419000000E-02   2.50643300000E-02
   2.28206300000E-02   2.09882800000E-02   1.94798800000E-02   1.71937900000E-02
   1.56110500000E-02   1.45156300000E-02   1.37653600000E-02   1.32621100000E-02
   1.29360200000E-02   1.27363500000E-02   1.26258200000E-02   1.25768700000E-02
   1.25691000000E-02   1.25873700000E-02   1.26204900000E-02   1.26602300000E-02
   1.27005600000E-02   1.27371200000E-02   1.27668200000E-02   1.27875100000E-02
   1.27977400000E-02   1.27966500000E-02   1.27837300000E-02   1.27588300000E-02
   1.27220200000E-02   1.26735300000E-02   1.26137400000E-02   1.25431300000E-02
   1.23229400000E-02   1.20482900000E-02   1.17296900000E-02   1.13777800000E-02
   1.06155200000E-02   9.84034500000E-03   9.12390700000E-03   8.53094300000E-03
   7.79225400000E-03   7.15388600000E-03   6.59781300000E-03   6.10995700000E-03
   5.67918800000E-03   5.29659700000E-03   0.00000000000E+00   1.00000000000E+00
   5.76814300000E-01   1.53629300000E-01   2.10743200000E-01   2.31780400000E-01
   2.48226500000E-01   2.41571800000E-01   2.77750500000E-01   2.72898100000E-01
   2.30208100000E-01   1.60064600000E-01   9.05236300000E-01   1.74961700000E+00
   2.75616800000E+00   7.31837600000E+00   6.93757100000E+00   7.05689300000E+00
   7.27787200000E+00   7.57506900000E+00   7.62951000000E+00   7.65904200000E+00
   7.66402800000E+00   7.64133800000E+00   7.74607000000E+00   7.80127900000E+00
   7.87788800000E+00   8.56023400000E+00   9.78119300000E+00   1.05175000000E+01
   1.09660400000E+01   1.13393900000E+01   1.14785500000E+01   1.16141200000E+01
   1.17431700000E+01   1.18756800000E+01   1.19667400000E+01   1.20693000000E+01
   1.21731500000E+01   1.22698900000E+01   1.25155500000E+01   1.27683400000E+01
   1.35296800000E+01   1.42756800000E+01   1.49069200000E+01   1.55657700000E+01
   1.61054800000E+01   1.66442100000E+01   1.71926400000E+01   1.77283000000E+01
   1.88082900000E+01   1.99692200000E+01   2.11137400000E+01   2.22113100000E+01
   2.33009500000E+01   2.44467200000E+01   2.55883400000E+01   2.67529900000E+01
   2.78811200000E+01   2.90260200000E+01   3.01544600000E+01   3.12420600000E+01
   3.23414600000E+01   3.33845800000E+01   3.44689200000E+01   3.55177600000E+01
   3.66148800000E+01   3.76559700000E+01   3.86929800000E+01   3.97062000000E+01
   4.07366900000E+01   4.17933100000E+01   4.28219500000E+01   4.37924600000E+01
   4.48209000000E+01   4.73906800000E+01   4.97827100000E+01   5.23649100000E+01
   5.46622900000E+01   5.95217300000E+01   6.42704300000E+01   6.91550900000E+01
   7.39571100000E+01   7.88486600000E+01   8.36756200000E+01   8.84567000000E+01
   9.33909600000E+01   9.86326500000E+01   1.03190100000E+02                   5
   0.00000000000E+00                   1                   1                  89
   0.00000000000E+00   2.97523900000E-05   8.48216600000E-05   1.85351500000E-04
   3.49373200000E-04   6.00045700000E-04   9.68025400000E-04   1.49485400000E-03
   2.23762200000E-03   3.27454900000E-03   4.70907500000E-03   6.66702600000E-03
   9.29035900000E-03   1.27859800000E-02   1.76408000000E-02   2.49789800000E-02
   3.68548900000E-02   5.49784500000E-02   7.40135000000E-02   9.05611300000E-02
   1.17661200000E-01   1.65423900000E-01   2.37910600000E-01   3.21142100000E-01
   3.68427500000E-01   3.52968100000E-01   3.12438700000E-01   2.87225100000E-01
   2.90659700000E-01   3.17906600000E-01   3.44615400000E-01   3.37115400000E-01
   2.92518100000E-01   2.37002600000E-01   1.88897700000E-01   1.52150900000E-01
   1.24984800000E-01   1.04820600000E-01   8.95938100000E-02   7.78541100000E-02
   6.09216200000E-02   4.96321900000E-02   4.16670700000E-02   3.57990700000E-02
   3.13309800000E-02   2.78419000000E-02   2.50643300000E-02   2.28206300000E-02
   2.09882800000E-02   1.94798800000E-02   1.71937900000E-02   1.56110500000E-02
   1.45156300000E-02   1.37653600000E-02   1.32621100000E-02   1.29360200000E-02
   1.27363500000E-02   1.26258200000E-02   1.25768700000E-02   1.25691000000E-02
   1.25873700000E-02   1.26204900000E-02   1.26602300000E-02   1.27005600000E-02
   1.27371200000E-02   1.27668200000E-02   1.27875100000E-02   1.27977400000E-02
   1.27966500000E-02   1.27837300000E-02   1.27588300000E-02   1.27220200000E-02
   1.26735300000E-02   1.26137400000E-02   1.25431300000E-02   1.23229400000E-02
   1.20482900000E-02   1.17296900000E-02   1.13777800000E-02   1.06155200000E-02
   9.84034500000E-03   9.12390700000E-03   8.53094300000E-03   7.79225400000E-03
   7.15388600000E-03   6.59781300000E-03   6.10995700000E-03   5.67918800000E-03
   5.29659700000E-03                   1                   1                 446
                 524                 602                 603                 604
                 605                 763                 764                 764
                 765                   2                   1               57580
               57671               57762               57763               57764
               57765               57943               57944               57944
               57945                   9                   1               72174
               72251               72328               72329               72330
               72331               72487               72488               72488
               72489                  31                   1              128216
              128283              128350              128351              128352
              128353              128491              128492              128492
              128493                  32                   1              178100
              178167              178234              178235              178236
              178237              178377              178378              178378
              178379                  33                   1              228901
              228962              229023              229024              229025
              229026              229156              229157              229157
              229158                  34                   1              276375
              276466              276557              276558              276559
              276560              276740              276741              276741
              276742                  14                  76   0.00000000000E+00
   2.29395000000E-04   2.36123600000E-02   3.61178800000E-02   5.39671500000E-02
   7.27695000000E-02   8.93034500000E-02   1.16414600000E-01   1.64162900000E-01
   2.36662500000E-01   3.20023300000E-01   3.67600000000E-01   3.52490700000E-01
   3.12139500000E-01   3.32124400000E-01   4.00491900000E-01   4.76312800000E-01
   5.43126300000E-01   5.48717000000E-01   4.85372900000E-01   3.98124800000E-01
   3.20400700000E-01   2.59942700000E-01   2.15251200000E-01   1.81847400000E-01
   1.56575200000E-01   1.36986100000E-01   1.08427800000E-01   8.96623900000E-02
   7.88764700000E-02   7.09800000000E-02   6.44683800000E-02   5.88683300000E-02
   5.42284600000E-02   5.03097400000E-02   4.70859000000E-02   4.45540300000E-02
   4.06422700000E-02   3.82327300000E-02   3.67253700000E-02   3.58186400000E-02
   3.54173100000E-02   3.54763800000E-02   3.58188100000E-02   3.64160500000E-02
   3.71683000000E-02   3.80650500000E-02   3.89660000000E-02   3.99779300000E-02
   4.09196900000E-02   4.19733400000E-02   4.28993100000E-02   4.39025300000E-02
   4.47983600000E-02   4.57165900000E-02   4.65709800000E-02   4.73527600000E-02
   4.81352300000E-02   4.87936400000E-02   4.94020900000E-02   5.00041400000E-02
   5.04754500000E-02   5.14973000000E-02   5.23443300000E-02   5.25616000000E-02
   5.27861400000E-02   5.24399500000E-02   5.13279800000E-02   5.02191000000E-02
   4.93027500000E-02   4.71719000000E-02   4.52291500000E-02   4.34658900000E-02
   4.17398800000E-02   4.01263700000E-02   3.89303200000E-02                  14
                  76   0.00000000000E+00   5.39685000000E-04   2.13994600000E-01
   3.84441900000E-01   5.47925600000E-01   7.11929500000E-01   8.77646500000E-01
   8.85238300000E-01   8.92572700000E-01   8.99396800000E-01   9.05684900000E-01
   9.61601300000E-01   1.01730300000E+00   1.07256700000E+00   1.30492000000E+00
   1.64281200000E+00   1.88191900000E+00   2.08009300000E+00   2.25205900000E+00
   2.47560700000E+00   2.68829400000E+00   2.89823200000E+00   3.10437800000E+00
   3.30873400000E+00   3.51364600000E+00   3.72149200000E+00   3.93008300000E+00
   4.33708400000E+00   4.76942200000E+00   5.22150400000E+00   5.70333900000E+00
   6.19092600000E+00   6.64116200000E+00   7.08411400000E+00   7.51227500000E+00
   7.91651200000E+00   8.34797500000E+00   9.29314400000E+00   1.01304900000E+01
   1.09840100000E+01   1.18139000000E+01   1.26555900000E+01   1.34769300000E+01
   1.43132500000E+01   1.51425500000E+01   1.59901700000E+01   1.68552100000E+01
   1.77217400000E+01   1.86065200000E+01   1.94669200000E+01   2.03831900000E+01
   2.12606200000E+01   2.21628300000E+01   2.30426500000E+01   2.39694700000E+01
   2.49017100000E+01   2.58361100000E+01   2.67832300000E+01   2.77048800000E+01
   2.86422000000E+01   2.96214400000E+01   3.05691500000E+01   3.29042300000E+01
   3.54127100000E+01   3.77382400000E+01   4.03271800000E+01   4.52772900000E+01
   5.02768200000E+01   5.51686600000E+01   6.01478200000E+01   6.50208100000E+01
   7.00126800000E+01   7.49627100000E+01   7.98167900000E+01   8.42949700000E+01
   8.95035100000E+01                   5                  -1                   1
                   6                   5                   0                  77
   1.00000000000E+00   7.38775800000E+00   7.50000000000E+00   8.00000000000E+00
   8.50000000000E+00   9.00000000000E+00   9.50000000000E+00   1.00000000000E+01
   1.05000000000E+01   1.10000000000E+01   1.15000000000E+01   1.20000000000E+01
   1.25000000000E+01   1.30000000000E+01   1.35000000000E+01   1.40000000000E+01
   1.45000000000E+01   1.50000000000E+01   1.55000000000E+01   1.60000000000E+01
   1.65000000000E+01   1.70000000000E+01   1.75000000000E+01   1.80000000000E+01
   1.85000000000E+01   1.90000000000E+01   1.95000000000E+01   2.00000000000E+01
   2.10000000000E+01   2.20000000000E+01   2.30000000000E+01   2.40000000000E+01
   2.50000000000E+01   2.60000000000E+01   2.70000000000E+01   2.80000000000E+01
   2.90000000000E+01   3.00000000000E+01   3.20000000000E+01   3.40000000000E+01
   3.60000000000E+01   3.80000000000E+01   4.00000000000E+01   4.20000000000E+01
   4.40000000000E+01   4.60000000000E+01   4.80000000000E+01   5.00000000000E+01
   5.20000000000E+01   5.40000000000E+01   5.60000000000E+01   5.80000000000E+01
   6.00000000000E+01   6.20000000000E+01   6.40000000000E+01   6.60000000000E+01
   6.80000000000E+01   7.00000000000E+01   7.20000000000E+01   7.40000000000E+01
   7.60000000000E+01   7.80000000000E+01   8.00000000000E+01   8.50000000000E+01
   9.00000000000E+01   9.50000000000E+01   1.00000000000E+02   1.10000000000E+02
   1.20000000000E+02   1.30000000000E+02   1.40000000000E+02   1.50000000000E+02
   1.60000000000E+02   1.70000000000E+02   1.80000000000E+02   1.90000000000E+02
   2.00000000000E+02   0.00000000000E+00   0.00000000000E+00   1.30036600000E-02
   9.45289200000E-01   9.80002400000E-01   9.81605500000E-01   9.83192300000E-01
   9.86112400000E-01   9.89405200000E-01   9.92377200000E-01   9.94753900000E-01
   9.96516200000E-01   9.97754000000E-01   9.98647500000E-01   9.99042400000E-01
   1.15632100000E+00   1.37787200000E+00   1.49827900000E+00   1.57603600000E+00
   1.62768300000E+00   1.65929200000E+00   1.67983300000E+00   1.69616000000E+00
   1.70845300000E+00   1.72221900000E+00   1.73484400000E+00   1.74761200000E+00
   1.75952300000E+00   1.77979200000E+00   1.80653700000E+00   1.89301700000E+00
   1.98273300000E+00   2.05765600000E+00   2.11437900000E+00   2.16357100000E+00
   2.20457300000E+00   2.24343800000E+00   2.28718200000E+00   2.36377600000E+00
   2.44908100000E+00   2.53005700000E+00   2.60208500000E+00   2.67056400000E+00
   2.74244900000E+00   2.81232900000E+00   2.88425200000E+00   2.95529000000E+00
   3.02846300000E+00   3.09564300000E+00   3.16770000000E+00   3.23214400000E+00
   3.30484200000E+00   3.36805400000E+00   3.43879900000E+00   3.50329000000E+00
   3.57223900000E+00   3.63931000000E+00   3.70414300000E+00   3.77269900000E+00
   3.83536900000E+00   3.89805300000E+00   3.96426000000E+00   4.02415100000E+00
   4.17897800000E+00   4.34454400000E+00   4.48107300000E+00   4.63940600000E+00
   4.93993200000E+00   5.21607500000E+00   5.50412200000E+00   5.77928500000E+00
   6.05369100000E+00   6.32231900000E+00   6.58792400000E+00   6.83145300000E+00
   7.06551200000E+00   7.35006300000E+00                   0                   1
                   0                   4                  10                   0
                   2   1.00000000000E+00   2.00000000000E+02   1.00000000000E+00
   1.00000000000E+00                   0                  32   1.00000000000E+00
   7.38775800000E+00   8.00000000000E+00   1.00000000000E+01   1.20000000000E+01
   1.40000000000E+01   1.60000000000E+01   1.80000000000E+01   2.00000000000E+01
   2.20000000000E+01   2.40000000000E+01   2.60000000000E+01   2.80000000000E+01
   3.00000000000E+01   3.20000000000E+01   3.60000000000E+01   4.00000000000E+01
   4.40000000000E+01   4.80000000000E+01   5.00000000000E+01   5.20000000000E+01
   5.60000000000E+01   6.00000000000E+01   7.00000000000E+01   8.00000000000E+01
   9.00000000000E+01   1.00000000000E+02   1.20000000000E+02   1.40000000000E+02
   1.60000000000E+02   1.80000000000E+02   2.00000000000E+02                  76
                  87                  98                 175                 312
                 509                1446                2537                3694
                4895                6140                7650                9199
               10787               12401               14028               15707
               17674               19671               21698               23725
               25767               27824               29896               32278
               34694               37432               40170               43238
               46621               50004               53410                   2
                   3   0.00000000000E+00   5.00000000000E-07   1.00000000000E-06
   0.00000000000E+00   2.00000000000E+06   0.00000000000E+00   0.00000000000E+00
   5.00000000000E-01   1.00000000000E+00                   2                   3
   0.00000000000E+00   5.00000000000E-07   1.00000000000E-06   0.00000000000E+00
   2.00000000000E+06   0.00000000000E+00   0.00000000000E+00   5.00000000000E-01
   1.00000000000E+00                   2                  25   0.00000000000E+00
   2.50000000000E-02   1.00000000000E-01   2.00000000000E-01   3.00000000000E-01
   4.00000000000E-01   5.00000000000E-01   6.00000000000E-01   7.00000000000E-01
   8.00000000000E-01   9.00000000000E-01   1.00000000000E+00   1.10000000000E+00
   1.20000000000E+00   1.30000000000E+00   1.40000000000E+00   1.50000000000E+00
   1.60000000000E+00   1.70000000000E+00   1.80000000000E+00   1.90000000000E+00
   2.00000000000E+00   2.10000000000E+00   2.20000000000E+00   2.30000000000E+00
   0.00000000000E+00   1.49875100000E-01   5.99011900000E-01   7.96594300000E+00
   1.41886800000E-03   1.22027400000E+00   1.84740000000E-03   2.11443600000E-01
   0.00000000000E+00   0.00000000000E+00   0.00000000000E+00   0.00000000000E+00
   0.00000000000E+00   0.00000000000E+00   0.00000000000E+00   0.00000000000E+00
   0.00000000000E+00   0.00000000000E+00   0.00000000000E+00   0.00000000000E+00
   0.00000000000E+00   0.00000000000E+00   0.00000000000E+00   0.00000000000E+00
   0.00000000000E+00   0.00000000000E+00   1.87343878000E-03   2.99567018000E-02
   4.58204454000E-01   8.56572554000E-01   9.17657199000E-01   9.78763270000E-01
   9.89427820000E-01   1.00000000000E+00   1.00000000000E+00   1.00000000000E+00
   1.00000000000E+00   1.00000000000E+00   1.00000000000E+00   1.00000000000E+00
   1.00000000000E+00   1.00000000000E+00   1.00000000000E+00   1.00000000000E+00
   1.00000000000E+00   1.00000000000E+00   1.00000000000E+00   1.00000000000E+00
   1.00000000000E+00   1.00000000000E+00                   2                  45
   0.00000000000E+00   2.50000000000E-02   1.00000000000E-01   2.00000000000E-01
   3.00000000000E-01   4.00000000000E-01   5.00000000000E-01   6.00000000000E-01
   7.00000000000E-01   8.00000000000E-01   9.00000000000E-01   1.00000000000E+00
   1.10000000000E+00   1.20000000000E+00   1.30000000000E+00   1.40000000000E+00
   1.50000000000E+00   1.60000000000E+00   1.70000000000E+00   1.80000000000E+00
   1.90000000000E+00   2.00000000000E+00   2.10000000000E+00   2.20000000000E+00
   2.30000000000E+00   2.40000000000E+00   2.50000000000E+00   2.60000000000E+00
   2.70000000000E+00   2.80000000000E+00   2.90000000000E+00   3.00000000000E+00
   3.10000000000E+00   3.20000000000E+00   3.30000000000E+00   3.40000000000E+00
   3.50000000000E+00   3.60000000000E+00   3.70000000000E+00   3.80000000000E+00
   3.90000000000E+00   4.00000000000E+00   4.10000000000E+00   4.20000000000E+00
   4.30000000000E+00   0.00000000000E+00   1.21292100000E-01   4.72762900000E-01
   6.43708500000E-01   7.70750500000E-01   8.29595300000E-01   8.25646400000E-01
   7.80239000000E-01   7.13425700000E-01   6.38874900000E-01   5.64518200000E-01
   4.94577400000E-01   4.30933400000E-01   3.74186400000E-01   3.24178200000E-01
   2.80448300000E-01   2.55407200000E-01   1.06852300000E-01   1.63667700000E-01
   1.47097000000E-01   4.20641100000E-01   2.09766700000E-01   1.98970000000E-01
   2.44531900000E-01   1.57466200000E-02   6.23576200000E-02   2.30421900000E-03
   2.72618600000E-02   0.00000000000E+00   0.00000000000E+00   0.00000000000E+00
   0.00000000000E+00   0.00000000000E+00   0.00000000000E+00   0.00000000000E+00
   0.00000000000E+00   0.00000000000E+00   0.00000000000E+00   0.00000000000E+00
   0.00000000000E+00   0.00000000000E+00   0.00000000000E+00   0.00000000000E+00
   0.00000000000E+00   0.00000000000E+00   0.00000000000E+00   1.51615125000E-03
   2.37932137000E-02   7.96167837000E-02   1.50339734000E-01   2.30357024000E-01
   3.13119109000E-01   3.93413379000E-01   4.68096613000E-01   5.35711643000E-01
   5.95881298000E-01   6.48836078000E-01   6.95111618000E-01   7.35367608000E-01
   7.70285838000E-01   8.00517163000E-01   8.27309938000E-01   8.45422913000E-01
   8.58948913000E-01   8.74487148000E-01   9.02874053000E-01   9.34394443000E-01
   9.54831278000E-01   9.77006373000E-01   9.90020299000E-01   9.93925511000E-01
   9.97158603000E-01   9.98636907000E-01   1.00000000000E+00   1.00000000000E+00
   1.00000000000E+00   1.00000000000E+00   1.00000000000E+00   1.00000000000E+00
   1.00000000000E+00   1.00000000000E+00   1.00000000000E+00   1.00000000000E+00
   1.00000000000E+00   1.00000000000E+00   1.00000000000E+00   1.00000000000E+00
   1.00000000000E+00   1.00000000000E+00   1.00000000000E+00                   2
                  65   0.00000000000E+00   2.50000000000E-02   1.00000000000E-01
   2.00000000000E-01   3.00000000000E-01   4.00000000000E-01   5.00000000000E-01
   6.00000000000E-01   7.00000000000E-01   8.00000000000E-01   9.00000000000E-01
   1.00000000000E+00   1.10000000000E+00   1.20000000000E+00   1.30000000000E+00
   1.40000000000E+00   1.50000000000E+00   1.60000000000E+00   1.70000000000E+00
   1.80000000000E+00   1.90000000000E+00   2.00000000000E+00   2.10000000000E+00
   2.20000000000E+00   2.30000000000E+00   2.40000000000E+00   2.50000000000E+00
   2.60000000000E+00   2.70000000000E+00   2.80000000000E+00   2.90000000000E+00
   3.00000000000E+00   3.10000000000E+00   3.20000000000E+00   3.30000000000E+00
   3.40000000000E+00   3.50000000000E+00   3.60000000000E+00   3.70000000000E+00
   3.80000000000E+00   3.90000000000E+00   4.00000000000E+00   4.10000000000E+00
   4.20000000000E+00   4.30000000000E+00   4.40000000000E+00   4.50000000000E+00
   4.60000000000E+00   4.70000000000E+00   4.80000000000E+00   4.90000000000E+00
   5.00000000000E+00   5.10000000000E+00   5.20000000000E+00   5.30000000000E+00
   5.40000000000E+00   5.50000000000E+00   5.60000000000E+00   5.70000000000E+00
   5.80000000000E+00   5.90000000000E+00   6.00000000000E+00   6.10000000000E+00
   6.20000000000E+00   6.30000000000E+00   0.00000000000E+00   1.20013700000E-01
   4.74299800000E-01   6.48985500000E-01   7.80375600000E-01   8.41718600000E-01
   8.38411100000E-01   7.92408800000E-01   7.24358100000E-01   6.48349300000E-01
   5.72561700000E-01   5.01323100000E-01   4.36555400000E-01   3.78862100000E-01
   3.28074800000E-01   2.83708400000E-01   2.45129000000E-01   2.11671400000E-01
   1.82697500000E-01   1.57623200000E-01   1.35928700000E-01   1.17158900000E-01
   1.00919000000E-01   8.68685400000E-02   7.47144900000E-02   6.42044700000E-02
   5.51210100000E-02   4.72761500000E-02   4.05070200000E-02   3.46721900000E-02
   2.96484900000E-02   2.53284000000E-02   2.16180500000E-02   1.84353900000E-02
   1.57087100000E-02   1.33754200000E-02   1.01339300000E-02   7.14067600000E-03
   9.31823400000E-03   4.99457800000E-03   1.38062600000E-02   6.40386200000E-03
   5.90750300000E-03   5.92458800000E-03   1.44237600000E-03   2.13218300000E-03
   1.05658200000E-03   2.42177300000E-03   0.00000000000E+00   0.00000000000E+00
   0.00000000000E+00   0.00000000000E+00   0.00000000000E+00   0.00000000000E+00
   0.00000000000E+00   0.00000000000E+00   0.00000000000E+00   0.00000000000E+00
   0.00000000000E+00   0.00000000000E+00   0.00000000000E+00   0.00000000000E+00
   0.00000000000E+00   0.00000000000E+00   0.00000000000E+00   0.00000000000E+00
   1.50017121000E-03   2.37869269000E-02   7.99511905000E-02   1.51419244000E-01
   2.32523952000E-01   3.16530435000E-01   3.98071428000E-01   4.73909771000E-01
   5.42545139000E-01   6.03590687000E-01   6.57284926000E-01   7.04178850000E-01
   7.44949724000E-01   7.80296568000E-01   8.10885727000E-01   8.37327597000E-01
   8.60167616000E-01   8.79886061000E-01   8.96902095000E-01   9.11579690000E-01
   9.24234069000E-01   9.35137964000E-01   9.44527341000E-01   9.52606492000E-01
   9.59552440000E-01   9.65518714000E-01   9.70638572000E-01   9.75027730000E-01
   9.78786691000E-01   9.82002724000E-01   9.84751569000E-01   9.87098891000E-01
   9.89101563000E-01   9.90808768000E-01   9.92262975000E-01   9.93438442000E-01
   9.94302172000E-01   9.95125118000E-01   9.95840759000E-01   9.96780800000E-01
   9.97791306000E-01   9.98406875000E-01   9.98998479000E-01   9.99366827000E-01
   9.99545555000E-01   9.99704994000E-01   9.99878911000E-01   1.00000000000E+00
   1.00000000000E+00   1.00000000000E+00   1.00000000000E+00   1.00000000000E+00
   1.00000000000E+00   1.00000000000E+00   1.00000000000E+00   1.00000000000E+00
   1.00000000000E+00   1.00000000000E+00   1.00000000000E+00   1.00000000000E+00
   1.00000000000E+00   1.00000000000E+00   1.00000000000E+00   1.00000000000E+00
                   2                  85   0.00000000000E+00   2.50000000000E-02
   1.00000000000E-01   2.00000000000E-01   3.00000000000E-01   4.00000000000E-01
   5.00000000000E-01   6.00000000000E-01   7.00000000000E-01   8.00000000000E-01
   9.00000000000E-01   1.00000000000E+00   1.10000000000E+00   1.20000000000E+00
   1.30000000000E+00   1.40000000000E+00   1.50000000000E+00   1.60000000000E+00
   1.70000000000E+00   1.80000000000E+00   1.90000000000E+00   2.00000000000E+00
   2.10000000000E+00   2.20000000000E+00   2.30000000000E+00   2.40000000000E+00
   2.50000000000E+00   2.60000000000E+00   2.70000000000E+00   2.80000000000E+00
   2.90000000000E+00   3.00000000000E+00   3.10000000000E+00   3.20000000000E+00
   3.30000000000E+00   3.40000000000E+00   3.50000000000E+00   3.60000000000E+00
   3.70000000000E+00   3.80000000000E+00   3.90000000000E+00   4.00000000000E+00
   4.10000000000E+00   4.20000000000E+00   4.30000000000E+00   4.40000000000E+00
   4.50000000000E+00   4.60000000000E+00   4.70000000000E+00   4.80000000000E+00
   4.90000000000E+00   5.00000000000E+00   5.10000000000E+00   5.20000000000E+00
   5.30000000000E+00   5.40000000000E+00   5.50000000000E+00   5.60000000000E+00
   5.70000000000E+00   5.80000000000E+00   5.90000000000E+00   6.00000000000E+00
   6.10000000000E+00   6.20000000000E+00   6.30000000000E+00   6.40000000000E+00
   6.50000000000E+00   6.60000000000E+00   6.70000000000E+00   6.80000000000E+00
   6.90000000000E+00   7.00000000000E+00   7.10000000000E+00   7.20000000000E+00
   7.30000000000E+00   7.40000000000E+00   7.50000000000E+00   7.60000000000E+00
   7.70000000000E+00   7.80000000000E+00   7.90000000000E+00   8.00000000000E+00
   8.10000000000E+00   8.20000000000E+00   8.30000000000E+00   0.00000000000E+00
   5.87671100000E-01   7.07434100000E-01   7.75472500000E-01   7.89176400000E-01
   6.73957200000E-01   5.84587700000E-01   5.67564900000E-01   5.32653600000E-01
   4.89289700000E-01   4.43409900000E-01   3.98444600000E-01   3.56203800000E-01
   3.17522200000E-01   2.82658800000E-01   2.51559500000E-01   2.24005200000E-01
   1.99700900000E-01   1.78327200000E-01   1.59934400000E-01   1.43972400000E-01
   1.30091800000E-01   1.18004800000E-01   1.07462700000E-01   9.82515600000E-02
   9.01869700000E-02   8.31106400000E-02   7.68863500000E-02   7.13967500000E-02
   6.65406500000E-02   6.22306100000E-02   5.83908500000E-02   5.49555700000E-02
   5.18675100000E-02   4.90764800000E-02   4.65384800000E-02   4.42145400000E-02
   4.20699200000E-02   4.00734400000E-02   3.81968500000E-02   3.64143600000E-02
   3.47022900000E-02   3.30387300000E-02   3.14035600000E-02   2.97782400000E-02
   2.81459000000E-02   2.64913700000E-02   2.48011900000E-02   2.30637500000E-02
   2.12691400000E-02   1.94091800000E-02   1.74772700000E-02   1.54681400000E-02
   1.33776900000E-02   1.12026900000E-02   8.94054200000E-03   7.83671600000E-03
   3.22468600000E-03   2.05218000000E-03   2.88254000000E-04   2.68621000000E-04
   1.17313000000E-04   1.08157000000E-04   9.40630000000E-05   4.61838000000E-05
   4.10934000000E-05   4.36424000000E-05   6.71455000000E-05   0.00000000000E+00
   0.00000000000E+00   0.00000000000E+00   0.00000000000E+00   0.00000000000E+00
   0.00000000000E+00   0.00000000000E+00   0.00000000000E+00   0.00000000000E+00
   0.00000000000E+00   0.00000000000E+00   0.00000000000E+00   0.00000000000E+00
   0.00000000000E+00   0.00000000000E+00   0.00000000000E+00   0.00000000000E+00
   0.00000000000E+00   7.34588886000E-03   5.59123346000E-02   1.30057666000E-01
   2.08290112000E-01   2.81446793000E-01   3.44374039000E-01   4.01981670000E-01
   4.56992595000E-01   5.08089761000E-01   5.54724742000E-01   5.96817467000E-01
   6.34549888000E-01   6.68236188000E-01   6.98245239000E-01   7.24956154000E-01
   7.48734390000E-01   7.69919695000E-01   7.88821100000E-01   8.05734180000E-01
   8.20929521000E-01   8.34632731000E-01   8.47037561000E-01   8.58310936000E-01
   8.68596649000E-01   8.78018576000E-01   8.86683457000E-01   8.94683306000E-01
   9.02097461000E-01   9.08994331000E-01   9.15432895000E-01   9.21463968000E-01
   9.27131289000E-01   9.32472443000E-01   9.37519642000E-01   9.42300390000E-01
   9.46838042000E-01   9.51152265000E-01   9.55259433000E-01   9.59172947000E-01
   9.62903508000E-01   9.66459340000E-01   9.69846391000E-01   9.73068506000E-01
   9.76127596000E-01   9.79023803000E-01   9.81755667000E-01   9.84320295000E-01
   9.86713542000E-01   9.88930186000E-01   9.90964102000E-01   9.92808425000E-01
   9.94455695000E-01   9.95897987000E-01   9.97127006000E-01   9.98134167000E-01
   9.98973030000E-01   9.99526100000E-01   9.99789944000E-01   9.99906965000E-01
   9.99934809000E-01   9.99954106000E-01   9.99965379000E-01   9.99975490000E-01
   9.99982503000E-01   9.99986867000E-01   9.99991103000E-01   9.99996643000E-01
   1.00000000000E+00   1.00000000000E+00   1.00000000000E+00   1.00000000000E+00
   1.00000000000E+00   1.00000000000E+00   1.00000000000E+00   1.00000000000E+00
   1.00000000000E+00   1.00000000000E+00   1.00000000000E+00   1.00000000000E+00
   1.00000000000E+00   1.00000000000E+00   1.00000000000E+00   1.00000000000E+00
   1.00000000000E+00                   0                   0                   0
                   0                   0                   0                   0
                   0                   0                   0                   0
                   0                   0                   0                   0
                   0                   0                   0                   0
                   0                   0                   0                   0
                   0                   0                   0                   0
                   0                   0                   0                   0
                   0                   0                   0                   0
                   0                   0                   0                   0
                   0                   0                   0                   0
                   0                   0                   0                   0
                   0                   0                   0                   0
                   0                   0                   0                   0
                   0                   0                   0                   0
                   0                   0                   0                   0
                   0                   0                   0                   0
                   0                   0                   0                   0
                   0                   0                   0                   0
                   0                   0                   0                   0
                   0                   0                   0                   0
                   0                   0                   0                   0
                   0                   0                   0                   0
                   0                   0                   0                   0
                   0                   0                   0                   0
                   0                   0                   0                   0
                   0                   0                   0                   0
                   0                   0                   0                   0
                   0                   0                   0                   0
                   0                   0                   0                   0
                   0                   0                   0                   0
                   0                   0                   0                   0
                   0                   0                   0
