 53127.00u  125.814300  0.0000E+00   02/26/20
Ace I127 IAEA-PD                                                         mat5325
      0         0.      0         0.      0         0.      0         0.
      0         0.      0         0.      0         0.      0         0.
      0         0.      0         0.      0         0.      0         0.
      0         0.      0         0.      0         0.      0         0.
   330834    53127       89        1        7        2       12        0
        0        0        0        0        0        0        0        1
        1       90       90        0      179      268      269      270
      271      362      446        0        0        0        0        0
        0        0        0        0        0        0        0        0
        0        0        0        0        0        0        0        0
   9.99999000000E-01   1.00000000000E+00   1.50000000000E+00   2.00000000000E+00
   2.50000000000E+00   3.00000000000E+00   3.50000000000E+00   4.00000000000E+00
   4.50000000000E+00   5.00000000000E+00   5.50000000000E+00   6.00000000000E+00
   6.50000000000E+00   7.00000000000E+00   7.50000000000E+00   8.00000000000E+00
   8.50000000000E+00   9.00000000000E+00   9.50000000000E+00   1.00000000000E+01
   1.05000000000E+01   1.10000000000E+01   1.15000000000E+01   1.20000000000E+01
   1.25000000000E+01   1.30000000000E+01   1.35000000000E+01   1.40000000000E+01
   1.45000000000E+01   1.50000000000E+01   1.55000000000E+01   1.60000000000E+01
   1.65000000000E+01   1.70000000000E+01   1.75000000000E+01   1.80000000000E+01
   1.85000000000E+01   1.90000000000E+01   1.95000000000E+01   2.00000000000E+01
   2.10000000000E+01   2.20000000000E+01   2.30000000000E+01   2.40000000000E+01
   2.50000000000E+01   2.60000000000E+01   2.70000000000E+01   2.80000000000E+01
   2.90000000000E+01   3.00000000000E+01   3.20000000000E+01   3.40000000000E+01
   3.60000000000E+01   3.80000000000E+01   4.00000000000E+01   4.20000000000E+01
   4.40000000000E+01   4.60000000000E+01   4.80000000000E+01   5.00000000000E+01
   5.20000000000E+01   5.40000000000E+01   5.60000000000E+01   5.80000000000E+01
   6.00000000000E+01   6.20000000000E+01   6.40000000000E+01   6.60000000000E+01
   6.80000000000E+01   7.00000000000E+01   7.20000000000E+01   7.40000000000E+01
   7.60000000000E+01   7.80000000000E+01   8.00000000000E+01   8.50000000000E+01
   9.00000000000E+01   9.50000000000E+01   1.00000000000E+02   1.10000000000E+02
   1.20000000000E+02   1.30000000000E+02   1.40000000000E+02   1.50000000000E+02
   1.60000000000E+02   1.70000000000E+02   1.80000000000E+02   1.90000000000E+02
   2.00000000000E+02   0.00000000000E+00   1.56083000000E-05   4.47139800000E-05
   9.75931100000E-05   1.82889500000E-04   3.11021800000E-04   4.94883300000E-04
   7.50801500000E-04   1.09986500000E-03   1.56970400000E-03   2.19657100000E-03
   3.02671000000E-03   4.11370600000E-03   5.50556900000E-03   7.22300600000E-03
   9.27026300000E-03   1.17277600000E-02   1.48316700000E-02   1.89358300000E-02
   2.44679300000E-02   3.19597900000E-02   4.21078700000E-02   5.58220100000E-02
   7.42409300000E-02   9.86554400000E-02   1.30069900000E-01   1.67844800000E-01
   2.07376900000E-01   2.39101300000E-01   2.52969600000E-01   2.46558700000E-01
   2.26662200000E-01   2.02764200000E-01   1.81257000000E-01   1.63396700000E-01
   1.45867100000E-01   1.26608700000E-01   1.08150900000E-01   9.27156900000E-02
   8.04539900000E-02   6.27429500000E-02   5.09264500000E-02   4.25582000000E-02
   3.63543400000E-02   3.15931600000E-02   2.78406400000E-02   2.48212900000E-02
   2.23524600000E-02   2.03085300000E-02   1.86002700000E-02   1.59461800000E-02
   1.40352800000E-02   1.26498000000E-02   1.16453400000E-02   1.09206700000E-02
   1.04023600000E-02   1.00360500000E-02   9.78113900000E-03   9.60717500000E-03
   9.49127500000E-03   9.41626300000E-03   9.36925400000E-03   9.34060400000E-03
   9.32311600000E-03   9.31144000000E-03   9.30162700000E-03   9.29078800000E-03
   9.27684100000E-03   9.25831700000E-03   9.23421700000E-03   9.20389600000E-03
   9.16698300000E-03   9.12331600000E-03   9.07289300000E-03   9.01583100000E-03
   8.84568400000E-03   8.64041700000E-03   8.40626600000E-03   8.15004200000E-03
   7.59907900000E-03   7.04142100000E-03   6.52712400000E-03   6.10187300000E-03
   5.57291400000E-03   5.11595900000E-03   4.71801800000E-03   4.36896600000E-03
   4.06080700000E-03   3.78714700000E-03   0.00000000000E+00   1.00000000000E+00
   5.75392200000E-01   1.50785400000E-01   1.86535500000E-01   1.98264300000E-01
   1.85267900000E-01   1.42251800000E-01   1.86451500000E-01   1.97091400000E-01
   1.68707500000E-01   9.95310200000E-02   1.19282600000E-01   1.16279200000E-01
   9.45310900000E-02   5.73257300000E-02   1.90338600000E+00   3.88837400000E+00
   8.28518300000E+00   8.89190100000E+00   9.00400600000E+00   9.07532500000E+00
   9.10901300000E+00   9.11743500000E+00   9.17729900000E+00   9.21043600000E+00
   9.21609800000E+00   9.19214700000E+00   9.22597700000E+00   9.24084000000E+00
   9.23836700000E+00   9.21711100000E+00   9.71978100000E+00   1.07509500000E+01
   1.18029000000E+01   1.27318700000E+01   1.33850400000E+01   1.39291500000E+01
   1.43798100000E+01   1.47995300000E+01   1.51158800000E+01   1.53699100000E+01
   1.55519500000E+01   1.56906500000E+01   1.57957000000E+01   1.58660500000E+01
   1.62831500000E+01   1.68792500000E+01   1.82154500000E+01   1.95008900000E+01
   2.16436300000E+01   2.27913900000E+01   2.38688500000E+01   2.51824600000E+01
   2.64729900000E+01   2.78111600000E+01   2.90933700000E+01   3.01152000000E+01
   3.11090400000E+01   3.21184500000E+01   3.33874600000E+01   3.48084400000E+01
   3.62192500000E+01   3.75194100000E+01   3.87464900000E+01   4.00387600000E+01
   4.12812600000E+01   4.25124100000E+01   4.37164400000E+01   4.49345400000E+01
   4.61179500000E+01   4.73188200000E+01   4.84704500000E+01   4.96128600000E+01
   5.07499100000E+01   5.36984700000E+01   5.65591200000E+01   5.94046600000E+01
   6.23502600000E+01   6.81606600000E+01   7.37979000000E+01   7.97181000000E+01
   8.54681200000E+01   9.14312000000E+01   9.72951200000E+01   1.03435100000E+02
   1.09317600000E+02   1.15477700000E+02   1.21590900000E+02                   5
   0.00000000000E+00                   1                   1                  89
   0.00000000000E+00   1.56083000000E-05   4.47139800000E-05   9.75931100000E-05
   1.82889500000E-04   3.11021800000E-04   4.94883300000E-04   7.50801500000E-04
   1.09986500000E-03   1.56970400000E-03   2.19657100000E-03   3.02671000000E-03
   4.11370600000E-03   5.50556900000E-03   7.22300600000E-03   9.27026300000E-03
   1.17277600000E-02   1.48316700000E-02   1.89358300000E-02   2.44679300000E-02
   3.19597900000E-02   4.21078700000E-02   5.58220100000E-02   7.42409300000E-02
   9.86554400000E-02   1.30069900000E-01   1.67844800000E-01   2.07376900000E-01
   2.39101300000E-01   2.52969600000E-01   2.46558700000E-01   2.26662200000E-01
   2.02764200000E-01   1.81257000000E-01   1.63396700000E-01   1.45867100000E-01
   1.26608700000E-01   1.08150900000E-01   9.27156900000E-02   8.04539900000E-02
   6.27429500000E-02   5.09264500000E-02   4.25582000000E-02   3.63543400000E-02
   3.15931600000E-02   2.78406400000E-02   2.48212900000E-02   2.23524600000E-02
   2.03085300000E-02   1.86002700000E-02   1.59461800000E-02   1.40352800000E-02
   1.26498000000E-02   1.16453400000E-02   1.09206700000E-02   1.04023600000E-02
   1.00360500000E-02   9.78113900000E-03   9.60717500000E-03   9.49127500000E-03
   9.41626300000E-03   9.36925400000E-03   9.34060400000E-03   9.32311600000E-03
   9.31144000000E-03   9.30162700000E-03   9.29078800000E-03   9.27684100000E-03
   9.25831700000E-03   9.23421700000E-03   9.20389600000E-03   9.16698300000E-03
   9.12331600000E-03   9.07289300000E-03   9.01583100000E-03   8.84568400000E-03
   8.64041700000E-03   8.40626600000E-03   8.15004200000E-03   7.59907900000E-03
   7.04142100000E-03   6.52712400000E-03   6.10187300000E-03   5.57291400000E-03
   5.11595900000E-03   4.71801800000E-03   4.36896600000E-03   4.06080700000E-03
   3.78714700000E-03                   1                   1                 446
                 520                 594                 595                 596
                 597                 747                 748                 748
                 749                   2                   1               52423
               52514               52605               52606               52607
               52608               52786               52787               52787
               52788                   9                   1               66510
               66590               66670               66671               66672
               66673               66835               66836               66836
               66837                  31                   1              125188
              125254              125320              125321              125322
              125323              125457              125458              125458
              125459                  32                   1              172607
              172673              172739              172740              172741
              172742              172874              172875              172875
              172876                  33                   1              220013
              220071              220129              220130              220131
              220132              220252              220253              220253
              220254                  34                   1              263903
              263989              264075              264076              264077
              264078              264256              264257              264257
              264258                  18                  72   0.00000000000E+00
   1.63946000000E-02   2.35455200000E-02   3.12099400000E-02   4.13270700000E-02
   5.49553900000E-02   7.32869900000E-02   9.76378700000E-02   1.29024600000E-01
   1.66817900000E-01   2.06425200000E-01   2.38275800000E-01   2.52292200000E-01
   2.46011600000E-01   2.26207300000E-01   2.04906400000E-01   2.10846100000E-01
   2.18589200000E-01   2.17455000000E-01   2.02520700000E-01   1.82245300000E-01
   1.61044000000E-01   1.42789300000E-01   1.14175600000E-01   9.38173700000E-02
   7.88569400000E-02   6.75623600000E-02   5.87352500000E-02   5.17206400000E-02
   4.63477500000E-02   4.31880400000E-02   4.15530400000E-02   4.03161200000E-02
   3.74178900000E-02   3.41821100000E-02   3.14184300000E-02   2.98705300000E-02
   2.93024500000E-02   2.90603100000E-02   2.88464800000E-02   2.86507500000E-02
   2.85501000000E-02   2.86510500000E-02   2.90478700000E-02   2.96740200000E-02
   3.03457100000E-02   3.09098200000E-02   3.14746100000E-02   3.19641000000E-02
   3.25067000000E-02   3.30513700000E-02   3.36115700000E-02   3.40678700000E-02
   3.44790400000E-02   3.48217900000E-02   3.51654300000E-02   3.54879300000E-02
   3.57747900000E-02   3.63829200000E-02   3.68111700000E-02   3.70549700000E-02
   3.69644100000E-02   3.68074200000E-02   3.62121300000E-02   3.53689300000E-02
   3.47659600000E-02   3.32359800000E-02   3.18630600000E-02   3.05779100000E-02
   2.94756400000E-02   2.83938900000E-02   2.74042900000E-02                  18
                  72   0.00000000000E+00   1.75486500000E-01   4.68917000000E-01
   6.58072400000E-01   8.44523500000E-01   1.03082000000E+00   1.21782000000E+00
   1.24681400000E+00   1.27561100000E+00   1.30405500000E+00   1.33207800000E+00
   1.37538300000E+00   1.41826800000E+00   1.46075500000E+00   1.50291000000E+00
   1.49015600000E+00   1.67882000000E+00   1.88877100000E+00   2.05803500000E+00
   2.31399400000E+00   2.54911900000E+00   2.74241200000E+00   2.91947500000E+00
   3.22989000000E+00   3.50919500000E+00   3.73303600000E+00   3.94820800000E+00
   4.16792100000E+00   4.38296200000E+00   4.56469900000E+00   4.88811800000E+00
   5.22450000000E+00   5.58547300000E+00   6.35437000000E+00   7.03999500000E+00
   7.63313600000E+00   8.22940500000E+00   8.97093800000E+00   9.73360400000E+00
   1.04195000000E+01   1.11059500000E+01   1.17618700000E+01   1.24435000000E+01
   1.31406100000E+01   1.38545400000E+01   1.45842900000E+01   1.53107700000E+01
   1.60459300000E+01   1.67482900000E+01   1.74960100000E+01   1.82675600000E+01
   1.90745800000E+01   1.98516800000E+01   2.06006700000E+01   2.13386700000E+01
   2.21084300000E+01   2.28979600000E+01   2.36986100000E+01   2.56431900000E+01
   2.76781400000E+01   2.97389300000E+01   3.17321700000E+01   3.57126900000E+01
   3.98546900000E+01   4.37777400000E+01   4.79060300000E+01   5.17658900000E+01
   5.57532600000E+01   5.94917000000E+01   6.34635500000E+01   6.71465300000E+01
   7.09099500000E+01                   5                  -1                   1
                   6                   5                   0                  73
   1.00000000000E+00   9.14390800000E+00   9.50000000000E+00   1.00000000000E+01
   1.05000000000E+01   1.10000000000E+01   1.15000000000E+01   1.20000000000E+01
   1.25000000000E+01   1.30000000000E+01   1.35000000000E+01   1.40000000000E+01
   1.45000000000E+01   1.50000000000E+01   1.55000000000E+01   1.60000000000E+01
   1.65000000000E+01   1.70000000000E+01   1.75000000000E+01   1.80000000000E+01
   1.85000000000E+01   1.90000000000E+01   1.95000000000E+01   2.00000000000E+01
   2.10000000000E+01   2.20000000000E+01   2.30000000000E+01   2.40000000000E+01
   2.50000000000E+01   2.60000000000E+01   2.70000000000E+01   2.80000000000E+01
   2.90000000000E+01   3.00000000000E+01   3.20000000000E+01   3.40000000000E+01
   3.60000000000E+01   3.80000000000E+01   4.00000000000E+01   4.20000000000E+01
   4.40000000000E+01   4.60000000000E+01   4.80000000000E+01   5.00000000000E+01
   5.20000000000E+01   5.40000000000E+01   5.60000000000E+01   5.80000000000E+01
   6.00000000000E+01   6.20000000000E+01   6.40000000000E+01   6.60000000000E+01
   6.80000000000E+01   7.00000000000E+01   7.20000000000E+01   7.40000000000E+01
   7.60000000000E+01   7.80000000000E+01   8.00000000000E+01   8.50000000000E+01
   9.00000000000E+01   9.50000000000E+01   1.00000000000E+02   1.10000000000E+02
   1.20000000000E+02   1.30000000000E+02   1.40000000000E+02   1.50000000000E+02
   1.60000000000E+02   1.70000000000E+02   1.80000000000E+02   1.90000000000E+02
   2.00000000000E+02   0.00000000000E+00   0.00000000000E+00   8.65797800000E-01
   9.62301300000E-01   9.76537700000E-01   9.81457100000E-01   9.84475300000E-01
   9.87150800000E-01   9.89685600000E-01   9.91963600000E-01   9.93881800000E-01
   9.95410800000E-01   9.96547500000E-01   9.97322200000E-01   9.97781100000E-01
   9.97993000000E-01   1.01056500000E+00   1.16324400000E+00   1.33778200000E+00
   1.49077500000E+00   1.59958000000E+00   1.68510200000E+00   1.73696600000E+00
   1.77479500000E+00   1.81973600000E+00   1.84221300000E+00   1.85292000000E+00
   1.85844000000E+00   1.85911300000E+00   1.85773900000E+00   1.86725800000E+00
   1.93213800000E+00   2.04608800000E+00   2.16750200000E+00   2.34651100000E+00
   2.43544200000E+00   2.48371000000E+00   2.56502000000E+00   2.68321000000E+00
   2.79362700000E+00   2.87428600000E+00   2.92918300000E+00   2.97174800000E+00
   3.01867200000E+00   3.08486200000E+00   3.16717000000E+00   3.24879500000E+00
   3.31539600000E+00   3.38020900000E+00   3.43639900000E+00   3.49881000000E+00
   3.56278300000E+00   3.63041900000E+00   3.68930800000E+00   3.74613500000E+00
   3.79861000000E+00   3.85445700000E+00   3.91142400000E+00   3.96799700000E+00
   4.11307000000E+00   4.26034600000E+00   4.40801800000E+00   4.53548700000E+00
   4.84366900000E+00   5.14273000000E+00   5.41876200000E+00   5.69758800000E+00
   5.96384200000E+00   6.22817000000E+00   6.48109200000E+00   6.74659400000E+00
   6.99217900000E+00   7.23613100000E+00                   0                   1
                   0                   4                  10                   0
                   2   1.00000000000E+00   2.00000000000E+02   1.00000000000E+00
   1.00000000000E+00                   0                  31   1.00000000000E+00
   9.14390800000E+00   1.00000000000E+01   1.20000000000E+01   1.40000000000E+01
   1.60000000000E+01   1.80000000000E+01   2.00000000000E+01   2.20000000000E+01
   2.40000000000E+01   2.60000000000E+01   2.80000000000E+01   3.00000000000E+01
   3.20000000000E+01   3.60000000000E+01   4.00000000000E+01   4.40000000000E+01
   4.80000000000E+01   5.00000000000E+01   5.20000000000E+01   5.60000000000E+01
   6.00000000000E+01   7.00000000000E+01   8.00000000000E+01   9.00000000000E+01
   1.00000000000E+02   1.20000000000E+02   1.40000000000E+02   1.60000000000E+02
   1.80000000000E+02   2.00000000000E+02                  74                  97
                 120                 199                 480                1043
                1771                2609                3524                4516
                5753                7042                8383                9763
               11182               12666               14438               16255
               18102               19979               21871               23793
               25730               27976               30273               32878
               35502               38465               41733               45024
               48338                   2                   3   0.00000000000E+00
   5.00000000000E-07   1.00000000000E-06   0.00000000000E+00   2.00000000000E+06
   0.00000000000E+00   0.00000000000E+00   5.00000000000E-01   1.00000000000E+00
                   0                   0                   0                   0
                   0                   0                   0                   0
                   0                   0                   0                   0
                   2                   3   0.00000000000E+00   5.00000000000E-07
   1.00000000000E-06   0.00000000000E+00   2.00000000000E+06   0.00000000000E+00
   0.00000000000E+00   5.00000000000E-01   1.00000000000E+00                   0
                   0                   0                   0                   0
                   0                   0                   0                   0
                   0                   0                   0                   2
                  11   0.00000000000E+00   2.50000000000E-02   1.00000000000E-01
   2.00000000000E-01   3.00000000000E-01   4.00000000000E-01   5.00000000000E-01
   6.00000000000E-01   7.00000000000E-01   8.00000000000E-01   9.00000000000E-01
   0.00000000000E+00   1.15946400000E-01   4.62374600000E-01   5.29021800000E-01
   1.62402100000E+00   1.20407100000E+00   2.48864000000E+00   1.41760900000E+00
   1.82673600000E+00   1.98915300000E-01   4.96870700000E-01   0.00000000000E+00
   1.44932994000E-03   2.31363665000E-02   7.27061844000E-02   1.80358320000E-01
   3.21762914000E-01   5.06398456000E-01   7.01710898000E-01   8.63928141000E-01
   9.65210701000E-01   1.00000000000E+00                   0                   0
                   0                   0                   0                   0
                   0                   0                   0                   0
                   0                   0                   0                   0
                   0                   0                   0                   0
                   0                   0                   0                   0
                   0                   0                   0                   0
                   0                   0                   0                   0
                   0                   0                   0                   0
                   0                   0                   0                   0
                   0                   0                   0                   0
                   0                   0                   2                  31
                   0                   0                   0                   0
                   0                   0                   1                   1
                   1                   1                   1   1.00000000000E+00
   1.10000000000E+00                   1                   1   1.40000000000E+00
                   2                   2   1.70000000000E+00   1.80000000000E+00
                   2                   2                   2                   2
                   2                   2                   3                   3
                   3                   3                   3   0.00000000000E+00
   6.75814600000E-02   2.61669200000E-01   3.89840500000E-01   4.62657900000E-01
   5.02845100000E-01                   1                   1   5.29780400000E-01
                   1   5.07937200000E-01   4.89494500000E-01   4.67201700000E-01
   4.41914600000E-01   4.14496200000E-01   3.85783800000E-01   3.56549500000E-01
   3.27465000000E-01   2.99082700000E-01   2.71828700000E-01   2.46007800000E-01
   2.21816500000E-01   1.99358500000E-01   1.22864300000E-01   3.39770400000E-01
   2.72544500000E-01   4.56072000000E-01   1.53620400000E-01   2.46857700000E-01
   2.37366200000E-02   6.35901300000E-02   0.00000000000E+00   8.44768236000E-04
   1.31916678000E-02   4.57671522000E-02   8.83920715000E-02   1.36667221000E-01
   1.87972030000E-01   2.40684499000E-01   2.93723433000E-01   3.46296347000E-01
   3.97777101000E-01   4.47648686000E-01                   0                   1
                   1   6.23773848000E-01                   1                   1
   7.26418621000E-01                   1                   1                   1
                   1                   1                   1                   1
                   1                   1   9.82103947000E-01   9.95633663000E-01
                   1                   0                   0                   0
                   0                   0                   0                   0
                   0                   0                   0                   0
                   0                   0                   0                   0
                   0                   0                   0                   0
                   0                   0                   0                   0
                   0                   0                   0                   0
                   0                   0                   0                   0
                   0                   0                   0                   0
                   0                   0                   0                   0
                   0                   0
