 53129.00u  127.797600  0.0000E+00   05/27/20
Ace I129 IAEA-PD                                                         mat5331
      0         0.      0         0.      0         0.      0         0.
      0         0.      0         0.      0         0.      0         0.
      0         0.      0         0.      0         0.      0         0.
      0         0.      0         0.      0         0.      0         0.
   329562    53129       89        1        7        2       12        0
        0        0        0        0        0        0        0        1
        1       90       90        0      179      268      269      270
      271      362      446        0        0        0        0        0
        0        0        0        0        0        0        0        0
        0        0        0        0        0        0        0        0
   9.99999000000E-01   1.00000000000E+00   1.50000000000E+00   2.00000000000E+00
   2.50000000000E+00   3.00000000000E+00   3.50000000000E+00   4.00000000000E+00
   4.50000000000E+00   5.00000000000E+00   5.50000000000E+00   6.00000000000E+00
   6.50000000000E+00   7.00000000000E+00   7.50000000000E+00   8.00000000000E+00
   8.50000000000E+00   9.00000000000E+00   9.50000000000E+00   1.00000000000E+01
   1.05000000000E+01   1.10000000000E+01   1.15000000000E+01   1.20000000000E+01
   1.25000000000E+01   1.30000000000E+01   1.35000000000E+01   1.40000000000E+01
   1.45000000000E+01   1.50000000000E+01   1.55000000000E+01   1.60000000000E+01
   1.65000000000E+01   1.70000000000E+01   1.75000000000E+01   1.80000000000E+01
   1.85000000000E+01   1.90000000000E+01   1.95000000000E+01   2.00000000000E+01
   2.10000000000E+01   2.20000000000E+01   2.30000000000E+01   2.40000000000E+01
   2.50000000000E+01   2.60000000000E+01   2.70000000000E+01   2.80000000000E+01
   2.90000000000E+01   3.00000000000E+01   3.20000000000E+01   3.40000000000E+01
   3.60000000000E+01   3.80000000000E+01   4.00000000000E+01   4.20000000000E+01
   4.40000000000E+01   4.60000000000E+01   4.80000000000E+01   5.00000000000E+01
   5.20000000000E+01   5.40000000000E+01   5.60000000000E+01   5.80000000000E+01
   6.00000000000E+01   6.20000000000E+01   6.40000000000E+01   6.60000000000E+01
   6.80000000000E+01   7.00000000000E+01   7.20000000000E+01   7.40000000000E+01
   7.60000000000E+01   7.80000000000E+01   8.00000000000E+01   8.50000000000E+01
   9.00000000000E+01   9.50000000000E+01   1.00000000000E+02   1.10000000000E+02
   1.20000000000E+02   1.30000000000E+02   1.40000000000E+02   1.50000000000E+02
   1.60000000000E+02   1.70000000000E+02   1.80000000000E+02   1.90000000000E+02
   2.00000000000E+02   0.00000000000E+00   1.76668300000E-05   5.08921700000E-05
   1.11488600000E-04   2.09486500000E-04   3.56977700000E-04   5.68931900000E-04
   8.64314300000E-04   1.26762600000E-03   1.81095600000E-03   2.53632600000E-03
   3.49704800000E-03   4.75407800000E-03   6.36024600000E-03   8.33627000000E-03
   1.06899200000E-02   1.35261500000E-02   1.71267600000E-02   2.19000800000E-02
   2.83387900000E-02   3.70610400000E-02   4.88819700000E-02   6.48726000000E-02
   8.63835300000E-02   1.14954900000E-01   1.51776900000E-01   1.96052400000E-01
   2.42245700000E-01   2.78907800000E-01   2.93968700000E-01   2.84296900000E-01
   2.57519500000E-01   2.24301600000E-01   1.91966300000E-01   1.63703400000E-01
   1.40178800000E-01   1.20977300000E-01   1.05373900000E-01   9.26521700000E-02
   8.22052900000E-02   6.61052800000E-02   5.46098500000E-02   4.61075200000E-02
   3.96230000000E-02   3.45479600000E-02   3.04902800000E-02   2.71891400000E-02
   2.44658000000E-02   2.21943900000E-02   2.02838600000E-02   1.72915000000E-02
   1.51158000000E-02   1.35236000000E-02   1.23580200000E-02   1.15078700000E-02
   1.08917900000E-02   1.04491800000E-02   1.01345600000E-02   9.91368000000E-03
   9.76075900000E-03   9.65637400000E-03   9.58592600000E-03   9.53845000000E-03
   9.50573500000E-03   9.48165000000E-03   9.46164200000E-03   9.44235300000E-03
   9.42133700000E-03   9.39683800000E-03   9.36763300000E-03   9.33289900000E-03
   9.29212800000E-03   9.24504600000E-03   9.19156200000E-03   9.13172400000E-03
   8.95554200000E-03   8.74509100000E-03   8.50626600000E-03   8.24568900000E-03
   7.68665600000E-03   7.12168200000E-03   6.60099500000E-03   6.17059500000E-03
   5.63548500000E-03   5.17327000000E-03   4.77078200000E-03   4.41776400000E-03
   4.10611800000E-03   3.82937200000E-03   0.00000000000E+00   1.00000000000E+00
   6.24943000000E-01   2.49886700000E-01   2.74563200000E-01   2.89847500000E-01
   2.93346000000E-01   2.70809600000E-01   3.18717000000E-01   3.23571000000E-01
   2.78957500000E-01   1.84892000000E-01   1.85673300000E-01   1.64907500000E-01
   1.29295400000E-01   8.40418800000E-02   2.03757700000E+00   7.27379000000E+00
   8.00716000000E+00   8.82280300000E+00   8.89823900000E+00   8.92728800000E+00
   8.91641500000E+00   8.87167800000E+00   8.92353100000E+00   8.94693400000E+00
   8.94068900000E+00   8.90369200000E+00   8.96142600000E+00   9.00178600000E+00
   9.02731100000E+00   9.21128100000E+00   1.03190700000E+01   1.13472400000E+01
   1.21948300000E+01   1.29084700000E+01   1.32476800000E+01   1.35553000000E+01
   1.38251100000E+01   1.40934300000E+01   1.43356000000E+01   1.45476000000E+01
   1.46945400000E+01   1.48151700000E+01   1.50134300000E+01   1.52170600000E+01
   1.59563300000E+01   1.66954400000E+01   1.77234400000E+01   1.87165600000E+01
   2.02087600000E+01   2.13111700000E+01   2.24490200000E+01   2.37312400000E+01
   2.49891900000E+01   2.61465000000E+01   2.73069900000E+01   2.83395600000E+01
   2.93932200000E+01   3.05666600000E+01   3.18085600000E+01   3.29825400000E+01
   3.41923700000E+01   3.53228400000E+01   3.64211100000E+01   3.75895900000E+01
   3.87330000000E+01   3.98455900000E+01   4.09739800000E+01   4.20881000000E+01
   4.31900800000E+01   4.43181300000E+01   4.54335500000E+01   4.65051300000E+01
   4.75750300000E+01   5.02939300000E+01   5.28992300000E+01   5.55372400000E+01
   5.82238000000E+01   6.35728700000E+01   6.86447000000E+01   7.41287600000E+01
   7.92582400000E+01   8.46143500000E+01   8.97794800000E+01   9.49623400000E+01
   1.00760600000E+02   1.06325500000E+02   1.11872000000E+02                   5
   0.00000000000E+00                   1                   1                  89
   0.00000000000E+00   1.76668300000E-05   5.08921700000E-05   1.11488600000E-04
   2.09486500000E-04   3.56977700000E-04   5.68931900000E-04   8.64314300000E-04
   1.26762600000E-03   1.81095600000E-03   2.53632600000E-03   3.49704800000E-03
   4.75407800000E-03   6.36024600000E-03   8.33627000000E-03   1.06899200000E-02
   1.35261500000E-02   1.71267600000E-02   2.19000800000E-02   2.83387900000E-02
   3.70610400000E-02   4.88819700000E-02   6.48726000000E-02   8.63835300000E-02
   1.14954900000E-01   1.51776900000E-01   1.96052400000E-01   2.42245700000E-01
   2.78907800000E-01   2.93968700000E-01   2.84296900000E-01   2.57519500000E-01
   2.24301600000E-01   1.91966300000E-01   1.63703400000E-01   1.40178800000E-01
   1.20977300000E-01   1.05373900000E-01   9.26521700000E-02   8.22052900000E-02
   6.61052800000E-02   5.46098500000E-02   4.61075200000E-02   3.96230000000E-02
   3.45479600000E-02   3.04902800000E-02   2.71891400000E-02   2.44658000000E-02
   2.21943900000E-02   2.02838600000E-02   1.72915000000E-02   1.51158000000E-02
   1.35236000000E-02   1.23580200000E-02   1.15078700000E-02   1.08917900000E-02
   1.04491800000E-02   1.01345600000E-02   9.91368000000E-03   9.76075900000E-03
   9.65637400000E-03   9.58592600000E-03   9.53845000000E-03   9.50573500000E-03
   9.48165000000E-03   9.46164200000E-03   9.44235300000E-03   9.42133700000E-03
   9.39683800000E-03   9.36763300000E-03   9.33289900000E-03   9.29212800000E-03
   9.24504600000E-03   9.19156200000E-03   9.13172400000E-03   8.95554200000E-03
   8.74509100000E-03   8.50626600000E-03   8.24568900000E-03   7.68665600000E-03
   7.12168200000E-03   6.60099500000E-03   6.17059500000E-03   5.63548500000E-03
   5.17327000000E-03   4.77078200000E-03   4.41776400000E-03   4.10611800000E-03
   3.82937200000E-03                   1                   1                 446
                 521                 596                 597                 598
                 599                 751                 752                 752
                 753                   2                   1               52941
               53032               53123               53124               53125
               53126               53304               53305               53305
               53306                   9                   1               67040
               67119               67198               67199               67200
               67201               67359               67360               67360
               67361                  31                   1              125278
              125344              125410              125411              125412
              125413              125545              125546              125546
              125547                  32                   1              172683
              172748              172813              172814              172815
              172816              172948              172949              172949
              172950                  33                   1              220083
              220139              220195              220196              220197
              220198              220316              220317              220317
              220318                  34                   1              263255
              263340              263425              263426              263427
              263428              263604              263605              263605
              263606                  17                  73   0.00000000000E+00
   1.36499800000E-02   2.15397400000E-02   2.80199700000E-02   3.67164600000E-02
   4.84891500000E-02   6.44280400000E-02   8.58944400000E-02   1.14433200000E-01
   1.51237500000E-01   1.95514700000E-01   2.41734200000E-01   2.78446200000E-01
   2.93566300000E-01   2.83940700000E-01   2.68860900000E-01   2.67136500000E-01
   2.59224200000E-01   2.43128500000E-01   2.21936400000E-01   1.99592900000E-01
   1.78864400000E-01   1.60317400000E-01   1.44081600000E-01   1.17725900000E-01
   9.81288200000E-02   8.31663000000E-02   7.16197200000E-02   6.24516600000E-02
   5.53355600000E-02   5.04804700000E-02   4.73578400000E-02   4.49656800000E-02
   4.26730400000E-02   3.82637600000E-02   3.43778300000E-02   3.16750800000E-02
   3.00299000000E-02   2.90260800000E-02   2.83187000000E-02   2.78226000000E-02
   2.75114300000E-02   2.74509100000E-02   2.76312400000E-02   2.80120700000E-02
   2.85017500000E-02   2.89387200000E-02   2.94288900000E-02   2.99276200000E-02
   3.04233300000E-02   3.09571000000E-02   3.14650600000E-02   3.19152200000E-02
   3.23555500000E-02   3.27788600000E-02   3.31506000000E-02   3.34934900000E-02
   3.38205600000E-02   3.41378200000E-02   3.47018500000E-02   3.50744000000E-02
   3.53207600000E-02   3.52968100000E-02   3.49545200000E-02   3.42694500000E-02
   3.34613400000E-02   3.29631700000E-02   3.15337500000E-02   3.02882700000E-02
   2.94704700000E-02   2.84264700000E-02   2.74069500000E-02   2.64468000000E-02
                  17                  73   0.00000000000E+00   7.99374000000E-02
   4.06378800000E-01   7.17887700000E-01   8.67632200000E-01   1.01725300000E+00
   1.16715900000E+00   1.31743000000E+00   1.35650700000E+00   1.39547400000E+00
   1.43426600000E+00   1.47285400000E+00   1.51502000000E+00   1.55695700000E+00
   1.59864600000E+00   1.71453700000E+00   1.93717100000E+00   2.17528200000E+00
   2.36919000000E+00   2.50082100000E+00   2.75147900000E+00   2.98049700000E+00
   3.19080000000E+00   3.38661700000E+00   3.73359200000E+00   4.06233800000E+00
   4.36187700000E+00   4.65569400000E+00   4.93850500000E+00   5.24166200000E+00
   5.52250700000E+00   5.92457900000E+00   6.33706400000E+00   6.72168300000E+00
   7.56934400000E+00   8.30092700000E+00   9.08580500000E+00   9.84965000000E+00
   1.06631200000E+01   1.14794200000E+01   1.22555400000E+01   1.30146500000E+01
   1.38057500000E+01   1.45987700000E+01   1.54124200000E+01   1.62695000000E+01
   1.70831900000E+01   1.79170300000E+01   1.87611100000E+01   1.95847500000E+01
   2.04509100000E+01   2.13236700000E+01   2.21842900000E+01   2.30681000000E+01
   2.39288500000E+01   2.47858400000E+01   2.56566000000E+01   2.65523600000E+01
   2.74794400000E+01   2.96836600000E+01   3.19671000000E+01   3.42380300000E+01
   3.64739400000E+01   4.09421800000E+01   4.56468100000E+01   5.00273700000E+01
   5.47657500000E+01   5.91863500000E+01   6.38330300000E+01   6.84722900000E+01
   7.24940200000E+01   7.67899900000E+01   8.11013300000E+01                   5
                  -1                   1                   6                   5
                   0                  74   1.00000000000E+00   8.83971800000E+00
   9.00000000000E+00   9.50000000000E+00   1.00000000000E+01   1.05000000000E+01
   1.10000000000E+01   1.15000000000E+01   1.20000000000E+01   1.25000000000E+01
   1.30000000000E+01   1.35000000000E+01   1.40000000000E+01   1.45000000000E+01
   1.50000000000E+01   1.55000000000E+01   1.60000000000E+01   1.65000000000E+01
   1.70000000000E+01   1.75000000000E+01   1.80000000000E+01   1.85000000000E+01
   1.90000000000E+01   1.95000000000E+01   2.00000000000E+01   2.10000000000E+01
   2.20000000000E+01   2.30000000000E+01   2.40000000000E+01   2.50000000000E+01
   2.60000000000E+01   2.70000000000E+01   2.80000000000E+01   2.90000000000E+01
   3.00000000000E+01   3.20000000000E+01   3.40000000000E+01   3.60000000000E+01
   3.80000000000E+01   4.00000000000E+01   4.20000000000E+01   4.40000000000E+01
   4.60000000000E+01   4.80000000000E+01   5.00000000000E+01   5.20000000000E+01
   5.40000000000E+01   5.60000000000E+01   5.80000000000E+01   6.00000000000E+01
   6.20000000000E+01   6.40000000000E+01   6.60000000000E+01   6.80000000000E+01
   7.00000000000E+01   7.20000000000E+01   7.40000000000E+01   7.60000000000E+01
   7.80000000000E+01   8.00000000000E+01   8.50000000000E+01   9.00000000000E+01
   9.50000000000E+01   1.00000000000E+02   1.10000000000E+02   1.20000000000E+02
   1.30000000000E+02   1.40000000000E+02   1.50000000000E+02   1.60000000000E+02
   1.70000000000E+02   1.80000000000E+02   1.90000000000E+02   2.00000000000E+02
   0.00000000000E+00   0.00000000000E+00   7.96997200000E-01   9.83546200000E-01
   9.88749700000E-01   9.90702400000E-01   9.91963900000E-01   9.93147200000E-01
   9.94338200000E-01   9.95461700000E-01   9.96446100000E-01   9.97257400000E-01
   9.97888500000E-01   9.98345000000E-01   9.98631100000E-01   9.98747100000E-01
   1.04404100000E+00   1.19097000000E+00   1.35036300000E+00   1.48517700000E+00
   1.58323800000E+00   1.64983800000E+00   1.69742600000E+00   1.73031500000E+00
   1.75270500000E+00   1.78088500000E+00   1.79690700000E+00   1.80374700000E+00
   1.80752900000E+00   1.80768000000E+00   1.81485900000E+00   1.85664100000E+00
   1.93567500000E+00   2.02599300000E+00   2.10379300000E+00   2.21286500000E+00
   2.27429800000E+00   2.34220800000E+00   2.42999300000E+00   2.52228100000E+00
   2.60000400000E+00   2.66265900000E+00   2.71461500000E+00   2.76899300000E+00
   2.83085000000E+00   2.90088900000E+00   2.97329100000E+00   3.03390200000E+00
   3.09590900000E+00   3.15637300000E+00   3.21543900000E+00   3.27853700000E+00
   3.33976600000E+00   3.39637900000E+00   3.45397300000E+00   3.51218400000E+00
   3.56760000000E+00   3.62285800000E+00   3.67952300000E+00   3.73837600000E+00
   3.87490200000E+00   4.01075300000E+00   4.15232300000E+00   4.28063800000E+00
   4.54742900000E+00   4.81198800000E+00   5.06913600000E+00   5.34197600000E+00
   5.59557000000E+00   5.85476300000E+00   6.17728300000E+00   6.43458300000E+00
   6.67466200000E+00   6.90630200000E+00                   0                   1
                   0                   4                  10                   0
                   2   1.00000000000E+00   2.00000000000E+02   1.00000000000E+00
   1.00000000000E+00                   0                  31   1.00000000000E+00
   8.83971800000E+00   1.00000000000E+01   1.20000000000E+01   1.40000000000E+01
   1.60000000000E+01   1.80000000000E+01   2.00000000000E+01   2.20000000000E+01
   2.40000000000E+01   2.60000000000E+01   2.80000000000E+01   3.00000000000E+01
   3.20000000000E+01   3.60000000000E+01   4.00000000000E+01   4.40000000000E+01
   4.80000000000E+01   5.00000000000E+01   5.20000000000E+01   5.60000000000E+01
   6.00000000000E+01   7.00000000000E+01   8.00000000000E+01   9.00000000000E+01
   1.00000000000E+02   1.20000000000E+02   1.40000000000E+02   1.60000000000E+02
   1.80000000000E+02   2.00000000000E+02                  74                  97
                 120                 220                 528                1124
                1885                2745                3693                4707
                5970                7285                8652               10058
               11503               13000               14787               16619
               18481               20358               22265               24187
               26139               28402               30699               33304
               35947               38910               42201               45515
               48852                   2                   3   0.00000000000E+00
   5.00000000000E-07   1.00000000000E-06   0.00000000000E+00   2.00000000000E+06
   0.00000000000E+00   0.00000000000E+00   5.00000000000E-01   1.00000000000E+00
                   0                   0                   0                   0
                   0                   0                   0                   0
                   0                   0                   0                   0
                   2                   3   0.00000000000E+00   5.00000000000E-07
   1.00000000000E-06   0.00000000000E+00   2.00000000000E+06   0.00000000000E+00
   0.00000000000E+00   5.00000000000E-01   1.00000000000E+00                   0
                   0                   0                   0                   0
                   0                   0                   0                   0
                   0                   0                   0                   2
                  14   0.00000000000E+00   2.50000000000E-02   1.00000000000E-01
   2.00000000000E-01   3.00000000000E-01   4.00000000000E-01   5.00000000000E-01
   6.00000000000E-01   7.00000000000E-01   8.00000000000E-01   9.00000000000E-01
   1.00000000000E+00   1.10000000000E+00   1.20000000000E+00   0.00000000000E+00
   7.13709600000E-02   2.83045400000E-01   4.23235400000E-01   5.06884300000E-01
   5.56592500000E-01   2.94319400000E-01   1.43228800000E+00   1.19691200000E+00
   1.28900000000E+00   1.67100200000E+00   1.88321900000E+00   4.29758700000E-01
   6.68769800000E-02   0.00000000000E+00   8.92137000000E-04   1.41827505000E-02
   4.94967905000E-02   9.60027755000E-02   1.49176616000E-01   1.91722211000E-01
   2.78052581000E-01   4.09512581000E-01   5.33808181000E-01   6.81808281000E-01
   8.59519331000E-01   9.75168216000E-01   1.00000000000E+00                   0
                   0                   0                   0                   0
                   0                   0                   0                   0
                   0                   0                   0                   0
                   0                   0                   0                   0
                   0                   0                   0                   0
                   0                   0                   0                   0
                   0                   0                   0                   0
                   0                   0                   0                   0
                   0                   0                   0                   0
                   0                   0                   0                   0
                   0                   0                   0                   0
                   0                   0                   0                   0
                   0                   0                   0                   0
                   0                   0                   0                   2
                  34   0.00000000000E+00   2.50000000000E-02   1.00000000000E-01
   2.00000000000E-01   3.00000000000E-01   4.00000000000E-01   5.00000000000E-01
   6.00000000000E-01   7.00000000000E-01   8.00000000000E-01   9.00000000000E-01
   1.00000000000E+00   1.10000000000E+00   1.20000000000E+00   1.30000000000E+00
   1.40000000000E+00   1.50000000000E+00   1.60000000000E+00   1.70000000000E+00
   1.80000000000E+00   1.90000000000E+00   2.00000000000E+00   2.10000000000E+00
   2.20000000000E+00   2.30000000000E+00   2.40000000000E+00   2.50000000000E+00
   2.60000000000E+00   2.70000000000E+00   2.80000000000E+00   2.90000000000E+00
   3.00000000000E+00   3.10000000000E+00   3.20000000000E+00                   0
                   0                   0                   0                   0
                   0                   0                   0                   0
                   0                   0                   0                   0
                   0                   0                   0                   0
                   0                   0                   0                   0
                   0                   0                   0                   0
                   0                   0                   0                   0
                   0                   0                   0                   0
                   0                   0                   0                   0
                   0                   0                   0                   0
                   0                   0                   0                   0
                   0                   0                   1                   1
                   1                   1                   1                   1
                   1                   1   7.80926051000E-01   8.04074546000E-01
                   1                   1                   1                   1
                   1                   1                   1   9.57293737000E-01
   9.82423687000E-01                   1                   1                   0
                   0                   0                   0                   0
                   0                   0                   0                   0
                   0                   0                   0                   0
                   0                   0                   0                   0
                   0                   0                   0                   0
                   0                   0                   0                   0
                   0                   0                   0                   0
                   0                   0                   0                   0
                   0                   0                   0                   0
                   0                   0                   0                   0
                   0                   0                   0                   0
                   0                   0
