 19039.00u   38.628990  0.0000E+00   02/26/20
Ace K39 IAEA-PD                                                          mat1925
      0         0.      0         0.      0         0.      0         0.
      0         0.      0         0.      0         0.      0         0.
      0         0.      0         0.      0         0.      0         0.
      0         0.      0         0.      0         0.      0         0.
   295493    19039       89        1        7        2       12        0
        0        0        0        0        0        0        0        1
        1       90       90        0      179      268      269      270
      271      362      446        0        0        0        0        0
        0        0        0        0        0        0        0        0
        0        0        0        0        0        0        0        0
   9.99999000000E-01   1.00000000000E+00   1.50000000000E+00   2.00000000000E+00
   2.50000000000E+00   3.00000000000E+00   3.50000000000E+00   4.00000000000E+00
   4.50000000000E+00   5.00000000000E+00   5.50000000000E+00   6.00000000000E+00
   6.50000000000E+00   7.00000000000E+00   7.50000000000E+00   8.00000000000E+00
   8.50000000000E+00   9.00000000000E+00   9.50000000000E+00   1.00000000000E+01
   1.05000000000E+01   1.10000000000E+01   1.15000000000E+01   1.20000000000E+01
   1.25000000000E+01   1.30000000000E+01   1.35000000000E+01   1.40000000000E+01
   1.45000000000E+01   1.50000000000E+01   1.55000000000E+01   1.60000000000E+01
   1.65000000000E+01   1.70000000000E+01   1.75000000000E+01   1.80000000000E+01
   1.85000000000E+01   1.90000000000E+01   1.95000000000E+01   2.00000000000E+01
   2.10000000000E+01   2.20000000000E+01   2.30000000000E+01   2.40000000000E+01
   2.50000000000E+01   2.60000000000E+01   2.70000000000E+01   2.80000000000E+01
   2.90000000000E+01   3.00000000000E+01   3.20000000000E+01   3.40000000000E+01
   3.60000000000E+01   3.80000000000E+01   4.00000000000E+01   4.20000000000E+01
   4.40000000000E+01   4.60000000000E+01   4.80000000000E+01   5.00000000000E+01
   5.20000000000E+01   5.40000000000E+01   5.60000000000E+01   5.80000000000E+01
   6.00000000000E+01   6.20000000000E+01   6.40000000000E+01   6.60000000000E+01
   6.80000000000E+01   7.00000000000E+01   7.20000000000E+01   7.40000000000E+01
   7.60000000000E+01   7.80000000000E+01   8.00000000000E+01   8.50000000000E+01
   9.00000000000E+01   9.50000000000E+01   1.00000000000E+02   1.10000000000E+02
   1.20000000000E+02   1.30000000000E+02   1.40000000000E+02   1.50000000000E+02
   1.60000000000E+02   1.70000000000E+02   1.80000000000E+02   1.90000000000E+02
   2.00000000000E+02   0.00000000000E+00   1.93811600000E-06   4.89611900000E-06
   9.71409200000E-06   1.68634200000E-05   2.68922100000E-05   4.04477200000E-05
   5.83068600000E-05   8.14208700000E-05   1.10983600000E-04   1.48530600000E-04
   1.96070400000E-04   2.56253200000E-04   3.32589800000E-04   4.29756600000E-04
   5.54036100000E-04   7.13947200000E-04   9.21052500000E-04   1.19063100000E-03
   1.54090500000E-03   1.98699300000E-03   2.52270800000E-03   3.09244000000E-03
   3.59918400000E-03   3.99995300000E-03   4.37739600000E-03   4.87182300000E-03
   5.60473000000E-03   6.68469600000E-03   8.25237200000E-03   1.05393000000E-02
   1.39605600000E-02   1.92776000000E-02   2.77489200000E-02   4.01425300000E-02
   5.15338800000E-02   5.37192500000E-02   5.25640000000E-02   5.43574700000E-02
   5.79749300000E-02   5.83230200000E-02   4.59819700000E-02   3.30219500000E-02
   2.43688000000E-02   1.92592000000E-02   1.64284000000E-02   1.49511100000E-02
   1.40405100000E-02   1.30314700000E-02   1.16851000000E-02   8.83284100000E-03
   6.78869700000E-03   5.51306600000E-03   4.70816600000E-03   4.18184100000E-03
   3.82686800000E-03   3.58207500000E-03   3.41072100000E-03   3.28959600000E-03
   3.20339800000E-03   3.14169200000E-03   3.09717200000E-03   3.06462400000E-03
   3.04026600000E-03   3.02133500000E-03   3.00579600000E-03   2.99214600000E-03
   2.97928100000E-03   2.96639100000E-03   2.95288900000E-03   2.93836200000E-03
   2.92252100000E-03   2.90518200000E-03   2.88623400000E-03   2.86562700000E-03
   2.80689900000E-03   2.73858600000E-03   2.66215500000E-03   2.57943600000E-03
   2.40311600000E-03   2.22567200000E-03   2.06244800000E-03   1.92763200000E-03
   1.76028500000E-03   1.61577900000E-03   1.48997300000E-03   1.37965000000E-03
   1.28226900000E-03   1.19580200000E-03   0.00000000000E+00   1.00000000000E+00
   1.11520900000E+00   1.23041800000E+00   1.34562700000E+00   1.46083600000E+00
   1.57604500000E+00   1.69125500000E+00   1.80646400000E+00   1.92167300000E+00
   2.03688200000E+00   2.15209100000E+00   2.26730100000E+00   2.66552100000E+00
   5.29996300000E+00   7.27485400000E+00   8.27179800000E+00   8.91248700000E+00
   9.37464000000E+00   9.57159900000E+00   9.78913500000E+00   1.00679100000E+01
   1.03866900000E+01   1.06874900000E+01   1.09608600000E+01   1.12052900000E+01
   1.15377900000E+01   1.16563400000E+01   1.17138600000E+01   1.17629400000E+01
   1.18419100000E+01   1.19331100000E+01   1.19954400000E+01   1.20699100000E+01
   1.21910700000E+01   1.23104400000E+01   1.24882300000E+01   1.27396200000E+01
   1.31323000000E+01   1.36663100000E+01   1.53760800000E+01   1.70637600000E+01
   1.86184800000E+01   1.98148800000E+01   2.07104400000E+01   2.14597800000E+01
   2.19555300000E+01   2.24331700000E+01   2.28809700000E+01   2.33225400000E+01
   2.43486200000E+01   2.59285600000E+01   2.76497300000E+01   2.93683200000E+01
   3.09752900000E+01   3.23777200000E+01   3.37380900000E+01   3.52044400000E+01
   3.66860600000E+01   3.81190100000E+01   3.96556000000E+01   4.11430800000E+01
   4.26389500000E+01   4.40654900000E+01   4.54614600000E+01   4.69347600000E+01
   4.83511300000E+01   4.97723300000E+01   5.11203700000E+01   5.25443300000E+01
   5.39769000000E+01   5.54046200000E+01   5.68124200000E+01   5.82269100000E+01
   5.96273300000E+01   6.31452500000E+01   6.65482800000E+01   7.01104200000E+01
   7.36053000000E+01   8.05895300000E+01   8.75622300000E+01   9.46904200000E+01
   1.01782700000E+02   1.09075000000E+02   1.18855300000E+02   1.26293900000E+02
   1.33699100000E+02   1.41148300000E+02   1.48560800000E+02                   5
   0.00000000000E+00                   1                   1                  89
   0.00000000000E+00   1.93811600000E-06   4.89611900000E-06   9.71409200000E-06
   1.68634200000E-05   2.68922100000E-05   4.04477200000E-05   5.83068600000E-05
   8.14208700000E-05   1.10983600000E-04   1.48530600000E-04   1.96070400000E-04
   2.56253200000E-04   3.32589800000E-04   4.29756600000E-04   5.54036100000E-04
   7.13947200000E-04   9.21052500000E-04   1.19063100000E-03   1.54090500000E-03
   1.98699300000E-03   2.52270800000E-03   3.09244000000E-03   3.59918400000E-03
   3.99995300000E-03   4.37739600000E-03   4.87182300000E-03   5.60473000000E-03
   6.68469600000E-03   8.25237200000E-03   1.05393000000E-02   1.39605600000E-02
   1.92776000000E-02   2.77489200000E-02   4.01425300000E-02   5.15338800000E-02
   5.37192500000E-02   5.25640000000E-02   5.43574700000E-02   5.79749300000E-02
   5.83230200000E-02   4.59819700000E-02   3.30219500000E-02   2.43688000000E-02
   1.92592000000E-02   1.64284000000E-02   1.49511100000E-02   1.40405100000E-02
   1.30314700000E-02   1.16851000000E-02   8.83284100000E-03   6.78869700000E-03
   5.51306600000E-03   4.70816600000E-03   4.18184100000E-03   3.82686800000E-03
   3.58207500000E-03   3.41072100000E-03   3.28959600000E-03   3.20339800000E-03
   3.14169200000E-03   3.09717200000E-03   3.06462400000E-03   3.04026600000E-03
   3.02133500000E-03   3.00579600000E-03   2.99214600000E-03   2.97928100000E-03
   2.96639100000E-03   2.95288900000E-03   2.93836200000E-03   2.92252100000E-03
   2.90518200000E-03   2.88623400000E-03   2.86562700000E-03   2.80689900000E-03
   2.73858600000E-03   2.66215500000E-03   2.57943600000E-03   2.40311600000E-03
   2.22567200000E-03   2.06244800000E-03   1.92763200000E-03   1.76028500000E-03
   1.61577900000E-03   1.48997300000E-03   1.37965000000E-03   1.28226900000E-03
   1.19580200000E-03                   1                   1                 446
                 512                 578                 579                 580
                 581                 715                 716                 716
                 717                   2                   1               46639
               46730               46821               46822               46823
               46824               46984               46985               46985
               46986                   9                   1               60318
               60398               60478               60479               60480
               60481               60641               60642               60642
               60643                  31                   1              115940
              116001              116062              116063              116064
              116065              116187              116188              116188
              116189                  32                   1              158722
              158777              158832              158833              158834
              158835              158947              158948              158948
              158949                  33                   1              199118
              199172              199226              199227              199228
              199229              199337              199338              199338
              199339                  34                   1              237983
              238061              238139              238140              238141
              238142              238298              238299              238299
              238300                  26                  64   0.00000000000E+00
   3.95319400000E-04   8.03648200000E-04   9.81147600000E-04   1.18405300000E-03
   1.45131300000E-03   2.13825400000E-03   3.20842500000E-03   5.41330900000E-03
   8.77107900000E-03   1.23805300000E-02   1.36506000000E-02   1.41820500000E-02
   1.51303000000E-02   1.70624900000E-02   2.03111000000E-02   1.97826900000E-02
   1.67691300000E-02   1.38712200000E-02   1.18093200000E-02   1.06086800000E-02
   9.98182900000E-03   9.58449400000E-03   9.05003500000E-03   8.27353900000E-03
   6.61525100000E-03   5.51621400000E-03   4.75961700000E-03   4.22973300000E-03
   3.87975800000E-03   3.63029400000E-03   3.47919600000E-03   3.40241700000E-03
   3.38853400000E-03   3.40021500000E-03   3.42075600000E-03   3.47353400000E-03
   3.52743700000E-03   3.57080800000E-03   3.63134000000E-03   3.68763700000E-03
   3.75559500000E-03   3.80896600000E-03   3.88457500000E-03   3.93567800000E-03
   3.99731800000E-03   4.05120700000E-03   4.10785800000E-03   4.15541200000E-03
   4.20780600000E-03   4.30006000000E-03   4.38167200000E-03   4.44568400000E-03
   4.48814900000E-03   4.51590900000E-03   4.47000200000E-03   4.41269000000E-03
   4.35345100000E-03   4.45216700000E-03   4.28859900000E-03   4.13139900000E-03
   3.98114800000E-03   3.84752800000E-03   3.72333500000E-03                  26
                  64   0.00000000000E+00   2.59148900000E-02   1.00019000000E-01
   1.37410900000E-01   1.68568700000E-01   1.94647500000E-01   2.53052500000E-01
   2.86347100000E-01   3.48967300000E-01   4.05785300000E-01   4.62579200000E-01
   5.34594500000E-01   6.15722900000E-01   6.84849900000E-01   7.76595600000E-01
   9.23523200000E-01   1.14657600000E+00   1.42360000000E+00   1.67446800000E+00
   1.92463600000E+00   2.15415900000E+00   2.40530700000E+00   2.64151400000E+00
   2.85760300000E+00   3.08701000000E+00   3.57060100000E+00   4.10298800000E+00
   4.60276300000E+00   5.11199800000E+00   5.61210300000E+00   6.10915300000E+00
   6.63465100000E+00   7.11106600000E+00   7.64935100000E+00   8.20301700000E+00
   8.72537800000E+00   9.27965100000E+00   9.82372100000E+00   1.03585200000E+01
   1.09422600000E+01   1.14765700000E+01   1.20557100000E+01   1.25999900000E+01
   1.32338800000E+01   1.38030500000E+01   1.43695800000E+01   1.49286100000E+01
   1.55198100000E+01   1.60999700000E+01   1.67235500000E+01   1.81743900000E+01
   1.97401500000E+01   2.12198300000E+01   2.27516300000E+01   2.57490500000E+01
   2.87772700000E+01   3.17667000000E+01   3.47039700000E+01   3.73171600000E+01
   3.75367100000E+01   4.01084400000E+01   4.26712000000E+01   4.51843600000E+01
   4.77317800000E+01                   5                  -1                   1
                   6                   5                   0                  65
   1.00000000000E+00   1.30777500000E+01   1.35000000000E+01   1.40000000000E+01
   1.45000000000E+01   1.50000000000E+01   1.55000000000E+01   1.60000000000E+01
   1.65000000000E+01   1.70000000000E+01   1.75000000000E+01   1.80000000000E+01
   1.85000000000E+01   1.90000000000E+01   1.95000000000E+01   2.00000000000E+01
   2.10000000000E+01   2.20000000000E+01   2.30000000000E+01   2.40000000000E+01
   2.50000000000E+01   2.60000000000E+01   2.70000000000E+01   2.80000000000E+01
   2.90000000000E+01   3.00000000000E+01   3.20000000000E+01   3.40000000000E+01
   3.60000000000E+01   3.80000000000E+01   4.00000000000E+01   4.20000000000E+01
   4.40000000000E+01   4.60000000000E+01   4.80000000000E+01   5.00000000000E+01
   5.20000000000E+01   5.40000000000E+01   5.60000000000E+01   5.80000000000E+01
   6.00000000000E+01   6.20000000000E+01   6.40000000000E+01   6.60000000000E+01
   6.80000000000E+01   7.00000000000E+01   7.20000000000E+01   7.40000000000E+01
   7.60000000000E+01   7.80000000000E+01   8.00000000000E+01   8.50000000000E+01
   9.00000000000E+01   9.50000000000E+01   1.00000000000E+02   1.10000000000E+02
   1.20000000000E+02   1.30000000000E+02   1.40000000000E+02   1.50000000000E+02
   1.60000000000E+02   1.70000000000E+02   1.80000000000E+02   1.90000000000E+02
   2.00000000000E+02   0.00000000000E+00   0.00000000000E+00   8.11440400000E-02
   1.43387500000E-01   1.46775200000E-01   1.43480300000E-01   1.37704900000E-01
   1.53163900000E-01   1.66432800000E-01   1.95081800000E-01   2.18498400000E-01
   2.40240600000E-01   2.54110000000E-01   2.69805400000E-01   2.78348100000E-01
   2.94308100000E-01   3.48251900000E-01   4.30227100000E-01   5.07817700000E-01
   5.69220500000E-01   6.13178100000E-01   6.45752500000E-01   6.67631300000E-01
   6.82631500000E-01   6.94475400000E-01   7.08041800000E-01   7.48938100000E-01
   8.12558600000E-01   8.63333900000E-01   8.98382300000E-01   9.27763200000E-01
   9.48633200000E-01   9.71279500000E-01   9.97565300000E-01   1.03007600000E+00
   1.06144000000E+00   1.08882600000E+00   1.12151800000E+00   1.15101800000E+00
   1.17450500000E+00   1.20189900000E+00   1.22684200000E+00   1.25515100000E+00
   1.27848500000E+00   1.30952900000E+00   1.33282300000E+00   1.36039000000E+00
   1.38620300000E+00   1.41397600000E+00   1.43973500000E+00   1.46837200000E+00
   1.53196100000E+00   1.59997600000E+00   1.66995700000E+00   1.73997300000E+00
   1.87918900000E+00   2.00838300000E+00   2.13954000000E+00   2.25844500000E+00
   2.52923100000E+00   2.65419900000E+00   2.77280100000E+00   2.88562200000E+00
   3.00056200000E+00   3.11367200000E+00                   0                   1
                   0                   4                  10                   0
                   2   1.00000000000E+00   2.00000000000E+02   1.00000000000E+00
   1.00000000000E+00                   0                  29   1.00000000000E+00
   1.30777500000E+01   1.40000000000E+01   1.60000000000E+01   1.80000000000E+01
   2.00000000000E+01   2.20000000000E+01   2.40000000000E+01   2.60000000000E+01
   2.80000000000E+01   3.00000000000E+01   3.20000000000E+01   3.60000000000E+01
   4.00000000000E+01   4.40000000000E+01   4.80000000000E+01   5.00000000000E+01
   5.20000000000E+01   5.60000000000E+01   6.00000000000E+01   7.00000000000E+01
   8.00000000000E+01   9.00000000000E+01   1.00000000000E+02   1.20000000000E+02
   1.40000000000E+02   1.60000000000E+02   1.80000000000E+02   2.00000000000E+02
                  70                  99                 128                 229
                 550                1025                1729                2550
                3462                4465                5533                6666
                7851                9127               10674               12281
               13948               15645               17357               19114
               20901               23011               25172               27644
               30154               33012               36188               39410
               42655                   2                   3   0.00000000000E+00
   5.00000000000E-07   1.00000000000E-06   0.00000000000E+00   2.00000000000E+06
   0.00000000000E+00   0.00000000000E+00   5.00000000000E-01   1.00000000000E+00
                   0                   0                   0                   0
                   0                   0                   0                   0
                   0                   0                   0                   0
                   0                   0                   0                   0
                   0                   0                   2                   3
   0.00000000000E+00   5.00000000000E-07   1.00000000000E-06   0.00000000000E+00
   2.00000000000E+06   0.00000000000E+00   0.00000000000E+00   5.00000000000E-01
   1.00000000000E+00                   0                   0                   0
                   0                   0                   0                   0
                   0                   0                   0                   0
                   0                   0                   0                   0
                   0                   0                   0                   2
                  11   0.00000000000E+00   2.50000000000E-02   1.00000000000E-01
   2.00000000000E-01   3.00000000000E-01   4.00000000000E-01   5.00000000000E-01
   6.00000000000E-01   7.00000000000E-01   8.00000000000E-01   9.00000000000E-01
   0.00000000000E+00   1.30139000000E-07   1.54783000000E-07   1.29572000000E-07
   8.93939000000E-08   5.38039000000E-08   4.47395900000E+00   1.18653000000E-08
   3.45356000000E-09   2.34980400000E+00   6.35247400000E+00   0.00000000000E+00
   1.62673742000E-09   1.23113119000E-08   2.65290612000E-08   3.74773557000E-08
   4.46372453000E-08   2.23697986000E-01   4.47395926000E-01   4.47395927000E-01
   5.64886121000E-01   1.00000000000E+00                   0                   0
                   0                   0                   0                   0
                   0                   0                   0                   0
                   0                   0                   0                   0
                   0                   0                   0                   0
                   0                   0                   0                   0
                   0                   0                   0                   0
                   0                   0                   0                   0
                   0                   0                   0                   0
                   0                   0                   0                   0
                   0                   0                   0                   0
                   0                   0                   0                   0
                   0                   0                   0                   0
                   0                   0                   0                   0
                   0                   0                   0                   0
                   0                   0                   0                   0
                   0                   0                   0                   0
                   2                  29   0.00000000000E+00   2.66666700000E-02
   1.06666700000E-01   2.13333300000E-01   3.20000000000E-01   4.26666700000E-01
   5.33333300000E-01   6.40000000000E-01   7.46666700000E-01   8.53333300000E-01
   9.60000000000E-01   1.06666700000E+00   1.17333300000E+00   1.28000000000E+00
   1.38666700000E+00   1.49333300000E+00   1.60000000000E+00   1.70666700000E+00
   1.81333300000E+00   1.92000000000E+00   2.02666700000E+00   2.13333300000E+00
   2.24000000000E+00   2.34666700000E+00   2.45333300000E+00   2.56000000000E+00
   2.66666700000E+00   2.77333300000E+00   2.88000000000E+00                   0
                   0                   1                   0                   1
                   0                   1                   0                   0
                   0                   0                   0                   2
                   0                   0                   0                   0
                   0                   0                   0                   0
                   0                   0                   0                   3
                   0                   0                   1                   2
   0.00000000000E+00   2.64937911000E-03   4.23896797000E-02   8.47793884000E-02
   1.17858963000E-01   1.50938519000E-01   2.14552266000E-01   2.78166039000E-01
   2.78166324000E-01   2.78166575000E-01   2.78166794000E-01   2.78166983000E-01
   3.94755200000E-01   5.11344483000E-01   5.11344595000E-01   5.11344684000E-01
   5.11344755000E-01   5.11344810000E-01   5.11344851000E-01   5.11344881000E-01
   5.11344902000E-01   5.11344915000E-01   5.11344924000E-01   5.11344929000E-01
   6.46932623000E-01   7.82521586000E-01   7.82521586000E-01   8.30678029000E-01
   1.00000000000E+00   0.00000000000E+00   0.00000000000E+00   0.00000000000E+00
   0.00000000000E+00   0.00000000000E+00   0.00000000000E+00   0.00000000000E+00
   0.00000000000E+00   0.00000000000E+00   0.00000000000E+00   0.00000000000E+00
   0.00000000000E+00   0.00000000000E+00   0.00000000000E+00   0.00000000000E+00
   0.00000000000E+00   0.00000000000E+00   0.00000000000E+00   0.00000000000E+00
   0.00000000000E+00   0.00000000000E+00   0.00000000000E+00   0.00000000000E+00
   0.00000000000E+00   0.00000000000E+00   0.00000000000E+00   0.00000000000E+00
   0.00000000000E+00   0.00000000000E+00   0.00000000000E+00   0.00000000000E+00
   0.00000000000E+00   0.00000000000E+00   0.00000000000E+00   0.00000000000E+00
   0.00000000000E+00   0.00000000000E+00   0.00000000000E+00   0.00000000000E+00
   0.00000000000E+00   0.00000000000E+00   0.00000000000E+00   0.00000000000E+00
   0.00000000000E+00   0.00000000000E+00   0.00000000000E+00   0.00000000000E+00
   0.00000000000E+00   0.00000000000E+00   0.00000000000E+00   0.00000000000E+00
   0.00000000000E+00   0.00000000000E+00   0.00000000000E+00   0.00000000000E+00
   0.00000000000E+00   0.00000000000E+00   0.00000000000E+00   0.00000000000E+00
   0.00000000000E+00   0.00000000000E+00   0.00000000000E+00   0.00000000000E+00
   0.00000000000E+00   0.00000000000E+00   0.00000000000E+00   0.00000000000E+00
   0.00000000000E+00   0.00000000000E+00   0.00000000000E+00   0.00000000000E+00
   0.00000000000E+00   0.00000000000E+00   0.00000000000E+00   0.00000000000E+00
   0.00000000000E+00   0.00000000000E+00   0.00000000000E+00   0.00000000000E+00
   0.00000000000E+00   0.00000000000E+00   0.00000000000E+00   0.00000000000E+00
   0.00000000000E+00   0.00000000000E+00   0.00000000000E+00   0.00000000000E+00
   0.00000000000E+00   0.00000000000E+00   0.00000000000E+00   0.00000000000E+00
   0.00000000000E+00   0.00000000000E+00   0.00000000000E+00   0.00000000000E+00
   0.00000000000E+00   0.00000000000E+00   0.00000000000E+00   0.00000000000E+00
   0.00000000000E+00   0.00000000000E+00   0.00000000000E+00   0.00000000000E+00
   0.00000000000E+00   0.00000000000E+00   0.00000000000E+00   0.00000000000E+00
   0.00000000000E+00   0.00000000000E+00   0.00000000000E+00   0.00000000000E+00
   0.00000000000E+00   0.00000000000E+00   0.00000000000E+00   0.00000000000E+00
   0.00000000000E+00   0.00000000000E+00   0.00000000000E+00   0.00000000000E+00
   0.00000000000E+00   0.00000000000E+00   0.00000000000E+00   0.00000000000E+00
   0.00000000000E+00   0.00000000000E+00   0.00000000000E+00   0.00000000000E+00
   0.00000000000E+00   0.00000000000E+00   0.00000000000E+00   0.00000000000E+00
   0.00000000000E+00   0.00000000000E+00   0.00000000000E+00   0.00000000000E+00
   0.00000000000E+00   0.00000000000E+00   0.00000000000E+00   0.00000000000E+00
   0.00000000000E+00   0.00000000000E+00   0.00000000000E+00   0.00000000000E+00
   0.00000000000E+00   0.00000000000E+00   0.00000000000E+00   0.00000000000E+00
   0.00000000000E+00   0.00000000000E+00   0.00000000000E+00   0.00000000000E+00
   0.00000000000E+00   0.00000000000E+00   0.00000000000E+00   0.00000000000E+00
   0.00000000000E+00   0.00000000000E+00   0.00000000000E+00   0.00000000000E+00
   0.00000000000E+00   0.00000000000E+00   0.00000000000E+00   0.00000000000E+00
   0.00000000000E+00   0.00000000000E+00   0.00000000000E+00   0.00000000000E+00
   0.00000000000E+00   0.00000000000E+00   0.00000000000E+00   0.00000000000E+00
   0.00000000000E+00   0.00000000000E+00   0.00000000000E+00   0.00000000000E+00
   0.00000000000E+00   0.00000000000E+00   0.00000000000E+00   0.00000000000E+00
   0.00000000000E+00   0.00000000000E+00   0.00000000000E+00   0.00000000000E+00
   0.00000000000E+00   0.00000000000E+00   0.00000000000E+00   0.00000000000E+00
   0.00000000000E+00   0.00000000000E+00   0.00000000000E+00   0.00000000000E+00
   0.00000000000E+00   0.00000000000E+00   0.00000000000E+00   0.00000000000E+00
   0.00000000000E+00   0.00000000000E+00   0.00000000000E+00   0.00000000000E+00
   0.00000000000E+00   0.00000000000E+00   0.00000000000E+00                   0
                   0                   0                   0                   0
                   0                   0                   0                   0
                   0                   0                   0                   0
                   0                   0                   0                   0
                   0                   0                   0                   0
                   0                   0                   0                   0
                   0                   0
