 57139.00u  137.713100  0.0000E+00   05/27/20
Ace La139 IAEA-PD                                                        mat5728
      0         0.      0         0.      0         0.      0         0.
      0         0.      0         0.      0         0.      0         0.
      0         0.      0         0.      0         0.      0         0.
      0         0.      0         0.      0         0.      0         0.
   333061    57139       89        1        7        2       12        0
        0        0        0        0        0        0        0        1
        1       90       90        0      179      268      269      270
      271      362      446        0        0        0        0        0
        0        0        0        0        0        0        0        0
        0        0        0        0        0        0        0        0
   9.99999000000E-01   1.00000000000E+00   1.50000000000E+00   2.00000000000E+00
   2.50000000000E+00   3.00000000000E+00   3.50000000000E+00   4.00000000000E+00
   4.50000000000E+00   5.00000000000E+00   5.50000000000E+00   6.00000000000E+00
   6.50000000000E+00   7.00000000000E+00   7.50000000000E+00   8.00000000000E+00
   8.50000000000E+00   9.00000000000E+00   9.50000000000E+00   1.00000000000E+01
   1.05000000000E+01   1.10000000000E+01   1.15000000000E+01   1.20000000000E+01
   1.25000000000E+01   1.30000000000E+01   1.35000000000E+01   1.40000000000E+01
   1.45000000000E+01   1.50000000000E+01   1.55000000000E+01   1.60000000000E+01
   1.65000000000E+01   1.70000000000E+01   1.75000000000E+01   1.80000000000E+01
   1.85000000000E+01   1.90000000000E+01   1.95000000000E+01   2.00000000000E+01
   2.10000000000E+01   2.20000000000E+01   2.30000000000E+01   2.40000000000E+01
   2.50000000000E+01   2.60000000000E+01   2.70000000000E+01   2.80000000000E+01
   2.90000000000E+01   3.00000000000E+01   3.20000000000E+01   3.40000000000E+01
   3.60000000000E+01   3.80000000000E+01   4.00000000000E+01   4.20000000000E+01
   4.40000000000E+01   4.60000000000E+01   4.80000000000E+01   5.00000000000E+01
   5.20000000000E+01   5.40000000000E+01   5.60000000000E+01   5.80000000000E+01
   6.00000000000E+01   6.20000000000E+01   6.40000000000E+01   6.60000000000E+01
   6.80000000000E+01   7.00000000000E+01   7.20000000000E+01   7.40000000000E+01
   7.60000000000E+01   7.80000000000E+01   8.00000000000E+01   8.50000000000E+01
   9.00000000000E+01   9.50000000000E+01   1.00000000000E+02   1.10000000000E+02
   1.20000000000E+02   1.30000000000E+02   1.40000000000E+02   1.50000000000E+02
   1.60000000000E+02   1.70000000000E+02   1.80000000000E+02   1.90000000000E+02
   2.00000000000E+02   0.00000000000E+00   1.70466900000E-05   4.87595000000E-05
   1.06411100000E-04   1.99609300000E-04   3.40118000000E-04   5.42763900000E-04
   8.26713900000E-04   1.21728300000E-03   1.74839300000E-03   2.46544700000E-03
   3.42713200000E-03   4.70208400000E-03   6.35675000000E-03   8.45417800000E-03
   1.11285900000E-02   1.47408300000E-02   1.99915600000E-02   2.79411700000E-02
   3.94675200000E-02   5.26102800000E-02   6.27118100000E-02   7.22273300000E-02
   8.74413300000E-02   1.12211100000E-01   1.49951800000E-01   2.04154500000E-01
   2.74799900000E-01   3.50026700000E-01   4.01436100000E-01   4.03813400000E-01
   3.63236300000E-01   3.05916900000E-01   2.51283000000E-01   2.06280200000E-01
   1.71177200000E-01   1.44190200000E-01   1.23375500000E-01   1.07148200000E-01
   9.43255900000E-02   7.54835200000E-02   6.27183200000E-02   5.36763700000E-02
   4.70331800000E-02   4.20040800000E-02   3.81018400000E-02   3.50111800000E-02
   3.25206300000E-02   3.04839000000E-02   2.87970200000E-02   2.61897200000E-02
   2.42943900000E-02   2.28740400000E-02   2.17816900000E-02   2.09220400000E-02
   2.02309200000E-02   1.96638800000E-02   1.91893100000E-02   1.87843000000E-02
   1.84319300000E-02   1.81195500000E-02   1.78375700000E-02   1.75786600000E-02
   1.73371800000E-02   1.71087600000E-02   1.68900100000E-02   1.66782900000E-02
   1.64715400000E-02   1.62681700000E-02   1.60669700000E-02   1.58670000000E-02
   1.56675600000E-02   1.54681600000E-02   1.52684500000E-02   1.50681900000E-02
   1.45645500000E-02   1.40570400000E-02   1.35477500000E-02   1.30400500000E-02
   1.20463000000E-02   1.11127000000E-02   1.02781600000E-02   9.58114600000E-03
   8.80346900000E-03   8.13023800000E-03   7.54257900000E-03   7.02581100000E-03
   6.56835500000E-03   6.16097300000E-03   0.00000000000E+00   1.00000000000E+00
   1.05745200000E+00   1.11490600000E+00   1.17235900000E+00   9.68545600000E-01
   6.71679300000E-01   3.22568700000E-01   3.32874700000E-01   3.34189400000E-01
   3.06444400000E-01   2.33054300000E-01   2.55025400000E-01   2.38955700000E-01
   1.93324300000E-01   1.27571000000E-01   1.87673800000E+00   8.22272400000E+00
   8.45579100000E+00   8.76107400000E+00   8.75930600000E+00   8.79537300000E+00
   8.82452100000E+00   8.81419900000E+00   8.89221300000E+00   8.92402200000E+00
   8.90987900000E+00   8.84600600000E+00   8.87294900000E+00   8.87468700000E+00
   8.85686200000E+00   8.82498100000E+00   9.25607300000E+00   1.01442800000E+01
   1.11514200000E+01   1.20389200000E+01   1.28461000000E+01   1.34431500000E+01
   1.39749900000E+01   1.45019600000E+01   1.48641100000E+01   1.52125000000E+01
   1.54037000000E+01   1.55253900000E+01   1.56531800000E+01   1.57516600000E+01
   1.64601100000E+01   1.74402200000E+01   1.89361700000E+01   2.02940800000E+01
   2.20841900000E+01   2.29972400000E+01   2.38885400000E+01   2.53502700000E+01
   2.67657400000E+01   2.79790800000E+01   2.91607700000E+01   3.00915700000E+01
   3.10196300000E+01   3.22429900000E+01   3.36330400000E+01   3.50074700000E+01
   3.63747000000E+01   3.75343100000E+01   3.87228500000E+01   3.99125200000E+01
   4.11139800000E+01   4.23116500000E+01   4.35027600000E+01   4.46908900000E+01
   4.59108300000E+01   4.71316800000E+01   4.83068400000E+01   4.94517800000E+01
   5.05485300000E+01   5.35242900000E+01   5.64462600000E+01   5.93159500000E+01
   6.21338300000E+01   6.79500900000E+01   7.34884600000E+01   7.92686200000E+01
   8.48368300000E+01   9.05929300000E+01   9.62916500000E+01   1.02066000000E+02
   1.07893100000E+02   1.14310400000E+02   1.19831000000E+02                   5
   0.00000000000E+00                   1                   1                  89
   0.00000000000E+00   1.70466900000E-05   4.87595000000E-05   1.06411100000E-04
   1.99609300000E-04   3.40118000000E-04   5.42763900000E-04   8.26713900000E-04
   1.21728300000E-03   1.74839300000E-03   2.46544700000E-03   3.42713200000E-03
   4.70208400000E-03   6.35675000000E-03   8.45417800000E-03   1.11285900000E-02
   1.47408300000E-02   1.99915600000E-02   2.79411700000E-02   3.94675200000E-02
   5.26102800000E-02   6.27118100000E-02   7.22273300000E-02   8.74413300000E-02
   1.12211100000E-01   1.49951800000E-01   2.04154500000E-01   2.74799900000E-01
   3.50026700000E-01   4.01436100000E-01   4.03813400000E-01   3.63236300000E-01
   3.05916900000E-01   2.51283000000E-01   2.06280200000E-01   1.71177200000E-01
   1.44190200000E-01   1.23375500000E-01   1.07148200000E-01   9.43255900000E-02
   7.54835200000E-02   6.27183200000E-02   5.36763700000E-02   4.70331800000E-02
   4.20040800000E-02   3.81018400000E-02   3.50111800000E-02   3.25206300000E-02
   3.04839000000E-02   2.87970200000E-02   2.61897200000E-02   2.42943900000E-02
   2.28740400000E-02   2.17816900000E-02   2.09220400000E-02   2.02309200000E-02
   1.96638800000E-02   1.91893100000E-02   1.87843000000E-02   1.84319300000E-02
   1.81195500000E-02   1.78375700000E-02   1.75786600000E-02   1.73371800000E-02
   1.71087600000E-02   1.68900100000E-02   1.66782900000E-02   1.64715400000E-02
   1.62681700000E-02   1.60669700000E-02   1.58670000000E-02   1.56675600000E-02
   1.54681600000E-02   1.52684500000E-02   1.50681900000E-02   1.45645500000E-02
   1.40570400000E-02   1.35477500000E-02   1.30400500000E-02   1.20463000000E-02
   1.11127000000E-02   1.02781600000E-02   9.58114600000E-03   8.80346900000E-03
   8.13023800000E-03   7.54257900000E-03   7.02581100000E-03   6.56835500000E-03
   6.16097300000E-03                   1                   1                 446
                 521                 596                 597                 598
                 599                 751                 752                 752
                 753                   2                   1               53050
               53141               53232               53233               53234
               53235               53411               53412               53412
               53413                   9                   1               67077
               67157               67237               67238               67239
               67240               67402               67403               67403
               67404                  31                   1              126149
              126216              126283              126284              126285
              126286              126422              126423              126423
              126424                  32                   1              174533
              174598              174663              174664              174665
              174666              174800              174801              174801
              174802                  33                   1              221898
              221956              222014              222015              222016
              222017              222139              222140              222140
              222141                  34                   1              266348
              266434              266520              266521              266522
              266523              266701              266702              266702
              266703                  17                  73   0.00000000000E+00
   1.80278000000E-02   2.72181000000E-02   3.89313800000E-02   5.20668000000E-02
   6.21642500000E-02   7.16860600000E-02   8.69135300000E-02   1.11701500000E-01
   1.49456400000E-01   2.03665100000E-01   2.74312800000E-01   3.49550700000E-01
   4.00990900000E-01   4.03414600000E-01   3.62874500000E-01   3.13669800000E-01
   2.86626500000E-01   2.65759700000E-01   2.45285800000E-01   2.24164700000E-01
   2.02760700000E-01   1.83269500000E-01   1.65594800000E-01   1.36543700000E-01
   1.15358000000E-01   9.95471200000E-02   8.76041400000E-02   7.83828900000E-02
   7.11618500000E-02   6.66403900000E-02   6.56176900000E-02   6.60499200000E-02
   6.60419000000E-02   6.40958600000E-02   6.09151900000E-02   5.83881400000E-02
   5.80959500000E-02   5.88426100000E-02   5.92751200000E-02   5.90465200000E-02
   5.85624900000E-02   5.82683700000E-02   5.85137300000E-02   5.92358300000E-02
   5.99685400000E-02   6.06319300000E-02   6.10270100000E-02   6.14706600000E-02
   6.20073100000E-02   6.24917700000E-02   6.29562800000E-02   6.32865800000E-02
   6.34629700000E-02   6.36275900000E-02   6.38017200000E-02   6.39663600000E-02
   6.42126700000E-02   6.44171300000E-02   6.45534900000E-02   6.45086100000E-02
   6.42307900000E-02   6.38298200000E-02   6.26112300000E-02   6.12501900000E-02
   5.97049400000E-02   5.85035400000E-02   5.64685800000E-02   5.45322100000E-02
   5.27427300000E-02   5.10765500000E-02   4.94790400000E-02   4.85803100000E-02
                  17                  73   0.00000000000E+00   1.05005500000E-01
   3.69305300000E-01   6.33070400000E-01   7.94414800000E-01   9.55211600000E-01
   1.11611600000E+00   1.27770300000E+00   1.29033700000E+00   1.30266700000E+00
   1.31458800000E+00   1.32615400000E+00   1.38453700000E+00   1.44273400000E+00
   1.50076500000E+00   1.55860800000E+00   1.57711100000E+00   1.72934100000E+00
   1.92487100000E+00   2.10933100000E+00   2.38961300000E+00   2.63299700000E+00
   2.85156900000E+00   3.04100600000E+00   3.30395500000E+00   3.53283900000E+00
   3.72047700000E+00   3.89555100000E+00   4.11915200000E+00   4.33919500000E+00
   4.51729000000E+00   4.88940600000E+00   5.30322600000E+00   5.66906800000E+00
   6.42342300000E+00   7.03668400000E+00   7.62755700000E+00   8.26590900000E+00
   9.02817400000E+00   9.81143000000E+00   1.04717400000E+01   1.11327800000E+01
   1.18137700000E+01   1.25043200000E+01   1.32412200000E+01   1.39872400000E+01
   1.47302000000E+01   1.54797100000E+01   1.62567000000E+01   1.70331000000E+01
   1.78148900000E+01   1.86120300000E+01   1.93908400000E+01   2.01425200000E+01
   2.08738900000E+01   2.16286400000E+01   2.24018600000E+01   2.32275800000E+01
   2.40638800000E+01   2.60414700000E+01   2.80943300000E+01   3.00683500000E+01
   3.21213000000E+01   3.60414300000E+01   4.02711100000E+01   4.42466800000E+01
   4.84069700000E+01   5.24301700000E+01   5.64766200000E+01   6.04189500000E+01
   6.44147000000E+01   6.77634100000E+01   7.19970000000E+01                   5
                  -1                   1                   6                   5
                   0                  74   1.00000000000E+00   8.77834900000E+00
   9.00000000000E+00   9.50000000000E+00   1.00000000000E+01   1.05000000000E+01
   1.10000000000E+01   1.15000000000E+01   1.20000000000E+01   1.25000000000E+01
   1.30000000000E+01   1.35000000000E+01   1.40000000000E+01   1.45000000000E+01
   1.50000000000E+01   1.55000000000E+01   1.60000000000E+01   1.65000000000E+01
   1.70000000000E+01   1.75000000000E+01   1.80000000000E+01   1.85000000000E+01
   1.90000000000E+01   1.95000000000E+01   2.00000000000E+01   2.10000000000E+01
   2.20000000000E+01   2.30000000000E+01   2.40000000000E+01   2.50000000000E+01
   2.60000000000E+01   2.70000000000E+01   2.80000000000E+01   2.90000000000E+01
   3.00000000000E+01   3.20000000000E+01   3.40000000000E+01   3.60000000000E+01
   3.80000000000E+01   4.00000000000E+01   4.20000000000E+01   4.40000000000E+01
   4.60000000000E+01   4.80000000000E+01   5.00000000000E+01   5.20000000000E+01
   5.40000000000E+01   5.60000000000E+01   5.80000000000E+01   6.00000000000E+01
   6.20000000000E+01   6.40000000000E+01   6.60000000000E+01   6.80000000000E+01
   7.00000000000E+01   7.20000000000E+01   7.40000000000E+01   7.60000000000E+01
   7.80000000000E+01   8.00000000000E+01   8.50000000000E+01   9.00000000000E+01
   9.50000000000E+01   1.00000000000E+02   1.10000000000E+02   1.20000000000E+02
   1.30000000000E+02   1.40000000000E+02   1.50000000000E+02   1.60000000000E+02
   1.70000000000E+02   1.80000000000E+02   1.90000000000E+02   2.00000000000E+02
   0.00000000000E+00   0.00000000000E+00   9.01770500000E-01   9.74121700000E-01
   9.86415700000E-01   9.89669700000E-01   9.91268600000E-01   9.92506000000E-01
   9.93964000000E-01   9.95458600000E-01   9.96696300000E-01   9.97602800000E-01
   9.98227400000E-01   9.98640100000E-01   9.98891000000E-01   9.99012400000E-01
   9.99004000000E-01   1.02534300000E+00   1.14065200000E+00   1.28834300000E+00
   1.43293500000E+00   1.55464600000E+00   1.64344400000E+00   1.71043000000E+00
   1.75556600000E+00   1.80892100000E+00   1.83930300000E+00   1.85458000000E+00
   1.86260300000E+00   1.86607800000E+00   1.86767500000E+00   1.90340300000E+00
   2.01772500000E+00   2.16671500000E+00   2.29335900000E+00   2.44736700000E+00
   2.50737700000E+00   2.55259400000E+00   2.66719200000E+00   2.81247000000E+00
   2.92992700000E+00   3.00279100000E+00   3.05182900000E+00   3.10197200000E+00
   3.17458500000E+00   3.26916700000E+00   3.36192300000E+00   3.44917800000E+00
   3.52000800000E+00   3.59293500000E+00   3.67124200000E+00   3.74689300000E+00
   3.82212500000E+00   3.89020900000E+00   3.94990300000E+00   4.01005800000E+00
   4.07221800000E+00   4.13535700000E+00   4.20557900000E+00   4.27504100000E+00
   4.43223400000E+00   4.58906100000E+00   4.74106700000E+00   4.89490600000E+00
   5.19754900000E+00   5.51172900000E+00   5.80891300000E+00   6.10611100000E+00
   6.41435600000E+00   6.70733300000E+00   6.99266500000E+00   7.26984400000E+00
   7.53294200000E+00   7.88516800000E+00                   0                   1
                   0                   4                  10                   0
                   2   1.00000000000E+00   2.00000000000E+02   1.00000000000E+00
   1.00000000000E+00                   0                  31   1.00000000000E+00
   8.77834900000E+00   1.00000000000E+01   1.20000000000E+01   1.40000000000E+01
   1.60000000000E+01   1.80000000000E+01   2.00000000000E+01   2.20000000000E+01
   2.40000000000E+01   2.60000000000E+01   2.80000000000E+01   3.00000000000E+01
   3.20000000000E+01   3.60000000000E+01   4.00000000000E+01   4.40000000000E+01
   4.80000000000E+01   5.00000000000E+01   5.20000000000E+01   5.60000000000E+01
   6.00000000000E+01   7.00000000000E+01   8.00000000000E+01   9.00000000000E+01
   1.00000000000E+02   1.20000000000E+02   1.40000000000E+02   1.60000000000E+02
   1.80000000000E+02   2.00000000000E+02                  74                 103
                 132                 260                 568                1164
                1936                2807                3755                4769
                6032                7347                8714               10120
               11565               13062               14849               16681
               18558               20450               22357               24279
               26231               28494               30808               33413
               36056               39019               42310               45624
               48961                   2                   3   0.00000000000E+00
   5.00000000000E-07   1.00000000000E-06   0.00000000000E+00   2.00000000000E+06
   0.00000000000E+00   0.00000000000E+00   5.00000000000E-01   1.00000000000E+00
                   0                   0                   0                   0
                   0                   0                   0                   0
                   0                   0                   0                   0
                   0                   0                   0                   0
                   0                   0                   2                   3
   0.00000000000E+00   5.00000000000E-07   1.00000000000E-06   0.00000000000E+00
   2.00000000000E+06   0.00000000000E+00   0.00000000000E+00   5.00000000000E-01
   1.00000000000E+00                   0                   0                   0
                   0                   0                   0                   0
                   0                   0                   0                   0
                   0                   0                   0                   0
                   0                   0                   0                   2
                  14   0.00000000000E+00   2.50000000000E-02   1.00000000000E-01
   2.00000000000E-01   3.00000000000E-01   4.00000000000E-01   5.00000000000E-01
   6.00000000000E-01   7.00000000000E-01   8.00000000000E-01   9.00000000000E-01
   1.00000000000E+00   1.10000000000E+00   1.20000000000E+00   0.00000000000E+00
   1.34043400000E-01   5.30728300000E-01   6.35361100000E-02   2.27086800000E+00
   8.07170300000E-01   1.12439500000E+00   2.00253300000E-01   1.47562000000E+00
   4.94259200000E-01   1.15837800000E-01   9.96203100000E-01   1.62748800000E+00
   5.85919600000E-01   0.00000000000E+00   1.67554257000E-03   2.66044824000E-02
   5.63177042000E-02   1.73037915000E-01   3.26939836000E-01   4.23518105000E-01
   4.89750523000E-01   5.73544192000E-01   6.72038156000E-01   7.02543007000E-01
   7.58145055000E-01   8.89329615000E-01   1.00000000000E+00                   0
                   0                   0                   0                   0
                   0                   0                   0                   0
                   0                   0                   0                   0
                   0                   0                   0                   0
                   0                   0                   0                   0
                   0                   0                   0                   0
                   0                   0                   0                   0
                   0                   0                   0                   0
                   0                   0                   0                   0
                   0                   0                   0                   0
                   0                   0                   0                   0
                   0                   0                   0                   0
                   0                   0                   0                   0
                   0                   0                   0                   0
                   0                   0                   0                   0
                   0                   0                   0                   0
                   0                   0                   0                   0
                   0                   0                   0                   0
                   0                   0                   0                   0
                   0                   0                   0                   0
                   0                   0                   0                   2
                  34                   0                   0                   0
                   0                   0                   0                   1
                   1                   1                   1                   1
   1.00000000000E+00   1.10000000000E+00                   1                   1
   1.40000000000E+00                   2                   2   1.70000000000E+00
   1.80000000000E+00                   2                   2                   2
                   2                   2                   2                   3
                   3                   3                   3                   3
   3.00000000000E+00   3.10000000000E+00   3.20000000000E+00   0.00000000000E+00
   7.71222000000E-02   2.94833200000E-01                   0                   0
