 25055.00u   54.466100  0.0000E+00   05/27/20
Ace Mn55 IAEA-PD                                                         mat2525
      0         0.      0         0.      0         0.      0         0.
      0         0.      0         0.      0         0.      0         0.
      0         0.      0         0.      0         0.      0         0.
      0         0.      0         0.      0         0.      0         0.
   299304    25055       89        1        7        2       12        0
        0        0        0        0        0        0        0        1
        1       90       90        0      179      268      269      270
      271      362      446        0        0        0        0        0
        0        0        0        0        0        0        0        0
        0        0        0        0        0        0        0        0
   9.99999000000E-01   1.00000000000E+00   1.50000000000E+00   2.00000000000E+00
   2.50000000000E+00   3.00000000000E+00   3.50000000000E+00   4.00000000000E+00
   4.50000000000E+00   5.00000000000E+00   5.50000000000E+00   6.00000000000E+00
   6.50000000000E+00   7.00000000000E+00   7.50000000000E+00   8.00000000000E+00
   8.50000000000E+00   9.00000000000E+00   9.50000000000E+00   1.00000000000E+01
   1.05000000000E+01   1.10000000000E+01   1.15000000000E+01   1.20000000000E+01
   1.25000000000E+01   1.30000000000E+01   1.35000000000E+01   1.40000000000E+01
   1.45000000000E+01   1.50000000000E+01   1.55000000000E+01   1.60000000000E+01
   1.65000000000E+01   1.70000000000E+01   1.75000000000E+01   1.80000000000E+01
   1.85000000000E+01   1.90000000000E+01   1.95000000000E+01   2.00000000000E+01
   2.10000000000E+01   2.20000000000E+01   2.30000000000E+01   2.40000000000E+01
   2.50000000000E+01   2.60000000000E+01   2.70000000000E+01   2.80000000000E+01
   2.90000000000E+01   3.00000000000E+01   3.20000000000E+01   3.40000000000E+01
   3.60000000000E+01   3.80000000000E+01   4.00000000000E+01   4.20000000000E+01
   4.40000000000E+01   4.60000000000E+01   4.80000000000E+01   5.00000000000E+01
   5.20000000000E+01   5.40000000000E+01   5.60000000000E+01   5.80000000000E+01
   6.00000000000E+01   6.20000000000E+01   6.40000000000E+01   6.60000000000E+01
   6.80000000000E+01   7.00000000000E+01   7.20000000000E+01   7.40000000000E+01
   7.60000000000E+01   7.80000000000E+01   8.00000000000E+01   8.50000000000E+01
   9.00000000000E+01   9.50000000000E+01   1.00000000000E+02   1.10000000000E+02
   1.20000000000E+02   1.30000000000E+02   1.40000000000E+02   1.50000000000E+02
   1.60000000000E+02   1.70000000000E+02   1.80000000000E+02   1.90000000000E+02
   2.00000000000E+02   0.00000000000E+00   3.98334600000E-06   1.04433000000E-05
   2.13587400000E-05   3.80434700000E-05   6.20448900000E-05   9.52217600000E-05
   1.39849500000E-04   1.98769900000E-04   2.75609600000E-04   3.75096800000E-04
   5.03503400000E-04   6.69257300000E-04   8.83781100000E-04   1.16259800000E-03
   1.52655300000E-03   2.00221600000E-03   2.61834400000E-03   3.39123900000E-03
   4.29416300000E-03   5.24273100000E-03   6.17436600000E-03   7.17178400000E-03
   8.44206300000E-03   1.02151100000E-02   1.27265300000E-02   1.62647700000E-02
   2.12157400000E-02   2.80527300000E-02   3.71567100000E-02   4.82415300000E-02
   5.94121500000E-02   6.72896400000E-02   6.99474400000E-02   6.91563900000E-02
   6.80268300000E-02   6.81401400000E-02   6.91294100000E-02   6.94932900000E-02
   6.77668800000E-02   5.74222400000E-02   4.42485600000E-02   3.35458900000E-02
   2.59563700000E-02   2.06844100000E-02   1.69587900000E-02   1.42542600000E-02
   1.22373700000E-02   1.06967600000E-02   9.49570500000E-03   7.77772800000E-03
   6.64457500000E-03   5.87229600000E-03   5.33564000000E-03   4.95904800000E-03
   4.69409200000E-03   4.50825300000E-03   4.37892800000E-03   4.29001800000E-03
   4.22986100000E-03   4.18991500000E-03   4.16387700000E-03   4.14707800000E-03
   4.13605600000E-03   4.12824900000E-03   4.12176400000E-03   4.11521700000E-03
   4.10760400000E-03   4.09821600000E-03   4.08656000000E-03   4.07231400000E-03
   4.05528500000E-03   4.03537800000E-03   4.01257400000E-03   3.98690800000E-03
   3.91084000000E-03   3.81950500000E-03   3.71557600000E-03   3.60201300000E-03
   3.35809700000E-03   3.11140900000E-03   2.88398100000E-03   2.69594700000E-03
   2.46217200000E-03   2.26023000000E-03   2.08437600000E-03   1.93013200000E-03
   1.79396200000E-03   1.67304100000E-03   0.00000000000E+00   1.00000000000E+00
   9.47224200000E-01   8.94449200000E-01   8.41674200000E-01   7.88899200000E-01
   7.36124200000E-01   4.21181500000E-01   4.21252600000E-01   4.03263600000E-01
   3.89225000000E-01   3.87751200000E-01   3.60249300000E-01   3.40428300000E-01
   3.25016400000E-01   3.10945000000E-01   3.27404400000E-01   3.43948000000E-01
   5.37527900000E-01   1.61420200000E+00   8.98978200000E+00   8.95448200000E+00
   9.46105900000E+00   1.02609300000E+01   1.02667600000E+01   1.02840700000E+01
   1.02983400000E+01   1.03182700000E+01   1.03961800000E+01   1.04542900000E+01
   1.04869900000E+01   1.04872400000E+01   1.05357900000E+01   1.05656600000E+01
   1.05747200000E+01   1.05660500000E+01   1.07271900000E+01   1.08858300000E+01
   1.11708700000E+01   1.16944300000E+01   1.35773700000E+01   1.51989200000E+01
   1.62382400000E+01   1.71007000000E+01   1.75897800000E+01   1.81040500000E+01
   1.84818000000E+01   1.88519900000E+01   1.92839400000E+01   1.97752200000E+01
   2.12033900000E+01   2.30818400000E+01   2.47348400000E+01   2.60817000000E+01
   2.74516900000E+01   2.85697500000E+01   2.97225700000E+01   3.11831600000E+01
   3.26560400000E+01   3.42082700000E+01   3.55916100000E+01   3.70109200000E+01
   3.83776400000E+01   3.97294100000E+01   4.10782600000E+01   4.24582400000E+01
   4.37979800000E+01   4.51354700000E+01   4.64602200000E+01   4.78076500000E+01
   4.91444200000E+01   5.05107100000E+01   5.18772900000E+01   5.32475600000E+01
   5.45957100000E+01   5.79654500000E+01   6.13351600000E+01   6.47366700000E+01
   6.81260900000E+01   7.49355900000E+01   8.16286100000E+01   8.86164400000E+01
   9.54828000000E+01   1.02614200000E+02   1.09512000000E+02   1.16638300000E+02
   1.23625300000E+02   1.31480800000E+02   1.42430300000E+02                   5
   0.00000000000E+00                   1                   1                  89
   0.00000000000E+00   3.98334600000E-06   1.04433000000E-05   2.13587400000E-05
   3.80434700000E-05   6.20448900000E-05   9.52217600000E-05   1.39849500000E-04
   1.98769900000E-04   2.75609600000E-04   3.75096800000E-04   5.03503400000E-04
   6.69257300000E-04   8.83781100000E-04   1.16259800000E-03   1.52655300000E-03
   2.00221600000E-03   2.61834400000E-03   3.39123900000E-03   4.29416300000E-03
   5.24273100000E-03   6.17436600000E-03   7.17178400000E-03   8.44206300000E-03
   1.02151100000E-02   1.27265300000E-02   1.62647700000E-02   2.12157400000E-02
   2.80527300000E-02   3.71567100000E-02   4.82415300000E-02   5.94121500000E-02
   6.72896400000E-02   6.99474400000E-02   6.91563900000E-02   6.80268300000E-02
   6.81401400000E-02   6.91294100000E-02   6.94932900000E-02   6.77668800000E-02
   5.74222400000E-02   4.42485600000E-02   3.35458900000E-02   2.59563700000E-02
   2.06844100000E-02   1.69587900000E-02   1.42542600000E-02   1.22373700000E-02
   1.06967600000E-02   9.49570500000E-03   7.77772800000E-03   6.64457500000E-03
   5.87229600000E-03   5.33564000000E-03   4.95904800000E-03   4.69409200000E-03
   4.50825300000E-03   4.37892800000E-03   4.29001800000E-03   4.22986100000E-03
   4.18991500000E-03   4.16387700000E-03   4.14707800000E-03   4.13605600000E-03
   4.12824900000E-03   4.12176400000E-03   4.11521700000E-03   4.10760400000E-03
   4.09821600000E-03   4.08656000000E-03   4.07231400000E-03   4.05528500000E-03
   4.03537800000E-03   4.01257400000E-03   3.98690800000E-03   3.91084000000E-03
   3.81950500000E-03   3.71557600000E-03   3.60201300000E-03   3.35809700000E-03
   3.11140900000E-03   2.88398100000E-03   2.69594700000E-03   2.46217200000E-03
   2.26023000000E-03   2.08437600000E-03   1.93013200000E-03   1.79396200000E-03
   1.67304100000E-03                   1                   1                 446
                 518                 590                 591                 592
                 593                 739                 740                 740
                 741                   2                   1               50844
               50935               51026               51027               51028
               51029               51201               51202               51202
               51203                   9                   1               64852
               64928               65004               65005               65006
               65007               65161               65162               65162
               65163                  31                   1              118977
              119038              119099              119100              119101
              119102              119226              119227              119227
              119228                  32                   1              163013
              163071              163129              163130              163131
              163132              163250              163251              163251
              163252                  33                   1              205264
              205315              205366              205367              205368
              205369              205473              205474              205474
              205475                  34                   1              242648
              242725              242802              242803              242804
              242805              242959              242960              242960
              242961                  20                  70   0.00000000000E+00
   5.18129200000E-03   6.10870200000E-03   7.05023100000E-03   8.27828300000E-03
   9.97901300000E-03   1.23838900000E-02   1.57582200000E-02   2.04292900000E-02
   2.67736300000E-02   3.50606300000E-02   4.49612300000E-02   5.48786500000E-02
   6.17530100000E-02   6.38376700000E-02   6.29560200000E-02   6.17888400000E-02
   6.17223600000E-02   6.24514000000E-02   6.45461500000E-02   6.85291200000E-02
   6.97185200000E-02   6.04979100000E-02   4.89628800000E-02   3.95280200000E-02
   3.21009200000E-02   2.65862100000E-02   2.23093600000E-02   1.90994100000E-02
   1.65225700000E-02   1.45525000000E-02   1.18678600000E-02   1.03902400000E-02
   9.53329700000E-03   8.93909100000E-03   8.49743300000E-03   8.16806700000E-03
   7.95131000000E-03   7.87207800000E-03   7.90861800000E-03   8.02158000000E-03
   8.12652000000E-03   8.25694300000E-03   8.40278500000E-03   8.56512300000E-03
   8.70819400000E-03   8.85466200000E-03   9.02696700000E-03   9.17216100000E-03
   9.33023600000E-03   9.45538400000E-03   9.60659700000E-03   9.71115000000E-03
   9.81027800000E-03   9.90536800000E-03   9.97787900000E-03   1.01602500000E-02
   1.02449000000E-02   1.02896900000E-02   1.02639500000E-02   1.01007500000E-02
   9.83057100000E-03   9.54953600000E-03   9.33948800000E-03   8.85548700000E-03
   8.44992900000E-03   8.06965300000E-03   7.73886600000E-03   7.85133900000E-03
   7.54714700000E-03                  20                  70   0.00000000000E+00
   1.67716000000E-01   4.74397800000E-01   7.75912100000E-01   1.07775900000E+00
   1.26374600000E+00   1.44814000000E+00   1.63036200000E+00   1.80774200000E+00
   1.88420500000E+00   1.95427600000E+00   2.02058200000E+00   2.09206500000E+00
   2.13461700000E+00   2.17860400000E+00   2.22872500000E+00   2.27923500000E+00
   2.27188200000E+00   2.26471000000E+00   2.32727400000E+00   2.53258800000E+00
   2.97073600000E+00   3.26652100000E+00   3.63633500000E+00   3.94964300000E+00
   4.27999100000E+00   4.58097700000E+00   4.88365400000E+00   5.17945400000E+00
   5.42849400000E+00   5.68611600000E+00   6.14432500000E+00   6.59199400000E+00
   7.15031000000E+00   7.76819700000E+00   8.34324300000E+00   8.90969000000E+00
   9.47388100000E+00   1.00038200000E+01   1.06147300000E+01   1.12004800000E+01
   1.18283600000E+01   1.24330400000E+01   1.30509900000E+01   1.36902400000E+01
   1.43034600000E+01   1.49113500000E+01   1.55774000000E+01   1.62153100000E+01
   1.68975800000E+01   1.75440500000E+01   1.82304700000E+01   1.88549600000E+01
   1.94953800000E+01   2.01556600000E+01   2.07983300000E+01   2.24658200000E+01
   2.40985200000E+01   2.57265400000E+01   2.73413900000E+01   3.05164600000E+01
   3.37938800000E+01   3.68515000000E+01   4.00559400000E+01   4.29693600000E+01
   4.61025200000E+01   4.89640000000E+01   5.19746700000E+01   5.41661000000E+01
   5.31854400000E+01                   5                  -1                   1
                   6                   5                   0                  71
   1.00000000000E+00   1.02261000000E+01   1.05000000000E+01   1.10000000000E+01
   1.15000000000E+01   1.20000000000E+01   1.25000000000E+01   1.30000000000E+01
   1.35000000000E+01   1.40000000000E+01   1.45000000000E+01   1.50000000000E+01
   1.55000000000E+01   1.60000000000E+01   1.65000000000E+01   1.70000000000E+01
   1.75000000000E+01   1.80000000000E+01   1.85000000000E+01   1.90000000000E+01
   1.95000000000E+01   2.00000000000E+01   2.10000000000E+01   2.20000000000E+01
   2.30000000000E+01   2.40000000000E+01   2.50000000000E+01   2.60000000000E+01
   2.70000000000E+01   2.80000000000E+01   2.90000000000E+01   3.00000000000E+01
   3.20000000000E+01   3.40000000000E+01   3.60000000000E+01   3.80000000000E+01
   4.00000000000E+01   4.20000000000E+01   4.40000000000E+01   4.60000000000E+01
   4.80000000000E+01   5.00000000000E+01   5.20000000000E+01   5.40000000000E+01
   5.60000000000E+01   5.80000000000E+01   6.00000000000E+01   6.20000000000E+01
   6.40000000000E+01   6.60000000000E+01   6.80000000000E+01   7.00000000000E+01
   7.20000000000E+01   7.40000000000E+01   7.60000000000E+01   7.80000000000E+01
   8.00000000000E+01   8.50000000000E+01   9.00000000000E+01   9.50000000000E+01
   1.00000000000E+02   1.10000000000E+02   1.20000000000E+02   1.30000000000E+02
   1.40000000000E+02   1.50000000000E+02   1.60000000000E+02   1.70000000000E+02
   1.80000000000E+02   1.90000000000E+02   2.00000000000E+02   0.00000000000E+00
   0.00000000000E+00   9.88281100000E-01   9.89365100000E-01   9.83051200000E-01
   9.80599500000E-01   9.76887500000E-01   9.73076700000E-01   9.68856000000E-01
   9.62930800000E-01   9.54403700000E-01   9.43588100000E-01   9.32002600000E-01
   9.23694100000E-01   9.17719400000E-01   9.12652000000E-01   9.10342800000E-01
   9.08301000000E-01   9.05815000000E-01   9.03398400000E-01   9.28811300000E-01
   1.01124800000E+00   1.21413800000E+00   1.36722900000E+00   1.45957900000E+00
   1.52286400000E+00   1.55193800000E+00   1.56769500000E+00   1.56510100000E+00
   1.56074500000E+00   1.54463300000E+00   1.53253500000E+00   1.52587700000E+00
   1.56371800000E+00   1.62343600000E+00   1.67535500000E+00   1.71352100000E+00
   1.74007400000E+00   1.76372300000E+00   1.79771800000E+00   1.84349300000E+00
   1.89641700000E+00   1.93954300000E+00   1.98299400000E+00   2.02619400000E+00
   2.07084300000E+00   2.10941600000E+00   2.14827000000E+00   2.19355800000E+00
   2.23297100000E+00   2.27665800000E+00   2.31377600000E+00   2.35900200000E+00
   2.39469000000E+00   2.43106800000E+00   2.46858200000E+00   2.50266100000E+00
   2.59797100000E+00   2.68225900000E+00   2.76933900000E+00   2.84950400000E+00
   3.00787900000E+00   3.15952400000E+00   3.31123400000E+00   3.46427000000E+00
   3.59661600000E+00   3.73852600000E+00   3.87149600000E+00   4.00950100000E+00
   4.37653600000E+00   4.51103500000E+00                   0                   1
                   0                   4                  10                   0
                   2   1.00000000000E+00   2.00000000000E+02   1.00000000000E+00
   1.00000000000E+00                   0                  30   1.00000000000E+00
   1.02261000000E+01   1.20000000000E+01   1.40000000000E+01   1.60000000000E+01
   1.80000000000E+01   2.00000000000E+01   2.20000000000E+01   2.40000000000E+01
   2.60000000000E+01   2.80000000000E+01   3.00000000000E+01   3.20000000000E+01
   3.60000000000E+01   4.00000000000E+01   4.40000000000E+01   4.80000000000E+01
   5.00000000000E+01   5.20000000000E+01   5.60000000000E+01   6.00000000000E+01
   7.00000000000E+01   8.00000000000E+01   9.00000000000E+01   1.00000000000E+02
   1.20000000000E+02   1.40000000000E+02   1.60000000000E+02   1.80000000000E+02
   2.00000000000E+02                  72                 101                 130
                 312                 754                1372                2111
                2938                4006                5152                6363
                7626                8941               10295               11714
               13426               15183               16985               18802
               20649               22526               24418               26630
               28893               31460               34065               36986
               40231               43499               46790                   2
                   3   0.00000000000E+00   5.00000000000E-07   1.00000000000E-06
   0.00000000000E+00   2.00000000000E+06   0.00000000000E+00   0.00000000000E+00
   5.00000000000E-01   1.00000000000E+00                   0                   0
                   0                   0                   0                   0
                   0                   0                   0                   0
                   0                   0                   0                   0
                   0                   0                   0                   0
                   2                   3   0.00000000000E+00   5.00000000000E-07
   1.00000000000E-06   0.00000000000E+00   2.00000000000E+06   0.00000000000E+00
   0.00000000000E+00   5.00000000000E-01   1.00000000000E+00                   0
                   0                   0                   0                   0
                   0                   0                   0                   0
                   0                   0                   0                   0
                   0                   0                   0                   0
                   0                   2                  20   0.00000000000E+00
   2.50000000000E-02   1.00000000000E-01   2.00000000000E-01   3.00000000000E-01
   4.00000000000E-01   5.00000000000E-01   6.00000000000E-01   7.00000000000E-01
   8.00000000000E-01   9.00000000000E-01   1.00000000000E+00   1.10000000000E+00
   1.20000000000E+00   1.30000000000E+00   1.40000000000E+00   1.50000000000E+00
   1.60000000000E+00   1.70000000000E+00   1.80000000000E+00   0.00000000000E+00
   1.15735300000E-01   4.62916500000E-01   3.77324200000E-01   9.38528200000E-01
   8.42739600000E-01   4.02068000000E-06   1.66865300000E-01   6.06737000000E-02
   9.01969100000E-01   7.71262300000E-01   7.19696000000E-07   4.38987000000E-07
   2.50268000000E-07   1.29975000000E-07   1.93366700000E+00   1.99879000000E-08
   1.18918900000E+00   1.52134000000E+00   1.66703300000E+00   0.00000000000E+00
   1.44669124000E-03   2.31461336000E-02   6.51581683000E-02   1.30950788000E-01
   2.20014177000E-01   2.62151358000E-01   2.70494824000E-01   2.81871774000E-01
   3.30003914000E-01   4.13665483000E-01   4.52228634000E-01   4.52228692000E-01
   4.52228726000E-01   4.52228745000E-01   5.48912101000E-01   6.45595451000E-01
   7.05054902000E-01   8.40581351000E-01   1.00000000000E+00                   0
                   0                   0                   0                   0
                   0                   0                   0                   0
                   0                   0                   0                   0
                   0                   0                   0                   0
                   0                   0                   0                   0
                   0                   0                   0                   0
                   0                   0                   0                   0
                   0                   0                   0                   0
                   0                   0                   0                   0
                   0                   0                   0                   0
                   0                   0                   0                   0
                   0                   0                   0                   0
                   0                   0                   0                   0
                   0                   0                   0                   0
                   0                   0                   0                   0
                   0                   0                   0                   0
                   0                   0                   0                   0
                   0                   0                   0                   0
                   0                   0                   0                   0
                   0                   0                   0                   0
                   0                   0                   0                   0
                   0                   0                   0                   0
                   0                   0                   0                   0
                   0                   0                   0
