 42100.00u   99.049210  0.0000E+00   05/27/20
Ace Mo100 IAEA-PD                                                        mat4249
      0         0.      0         0.      0         0.      0         0.
      0         0.      0         0.      0         0.      0         0.
      0         0.      0         0.      0         0.      0         0.
      0         0.      0         0.      0         0.      0         0.
   313762    42100       89        1        7        2       12        0
        0        0        0        0        0        0        0        1
        1       90       90        0      179      268      269      270
      271      362      446        0        0        0        0        0
        0        0        0        0        0        0        0        0
        0        0        0        0        0        0        0        0
   9.99999000000E-01   1.00000000000E+00   1.50000000000E+00   2.00000000000E+00
   2.50000000000E+00   3.00000000000E+00   3.50000000000E+00   4.00000000000E+00
   4.50000000000E+00   5.00000000000E+00   5.50000000000E+00   6.00000000000E+00
   6.50000000000E+00   7.00000000000E+00   7.50000000000E+00   8.00000000000E+00
   8.50000000000E+00   9.00000000000E+00   9.50000000000E+00   1.00000000000E+01
   1.05000000000E+01   1.10000000000E+01   1.15000000000E+01   1.20000000000E+01
   1.25000000000E+01   1.30000000000E+01   1.35000000000E+01   1.40000000000E+01
   1.45000000000E+01   1.50000000000E+01   1.55000000000E+01   1.60000000000E+01
   1.65000000000E+01   1.70000000000E+01   1.75000000000E+01   1.80000000000E+01
   1.85000000000E+01   1.90000000000E+01   1.95000000000E+01   2.00000000000E+01
   2.10000000000E+01   2.20000000000E+01   2.30000000000E+01   2.40000000000E+01
   2.50000000000E+01   2.60000000000E+01   2.70000000000E+01   2.80000000000E+01
   2.90000000000E+01   3.00000000000E+01   3.20000000000E+01   3.40000000000E+01
   3.60000000000E+01   3.80000000000E+01   4.00000000000E+01   4.20000000000E+01
   4.40000000000E+01   4.60000000000E+01   4.80000000000E+01   5.00000000000E+01
   5.20000000000E+01   5.40000000000E+01   5.60000000000E+01   5.80000000000E+01
   6.00000000000E+01   6.20000000000E+01   6.40000000000E+01   6.60000000000E+01
   6.80000000000E+01   7.00000000000E+01   7.20000000000E+01   7.40000000000E+01
   7.60000000000E+01   7.80000000000E+01   8.00000000000E+01   8.50000000000E+01
   9.00000000000E+01   9.50000000000E+01   1.00000000000E+02   1.10000000000E+02
   1.20000000000E+02   1.30000000000E+02   1.40000000000E+02   1.50000000000E+02
   1.60000000000E+02   1.70000000000E+02   1.80000000000E+02   1.90000000000E+02
   2.00000000000E+02   0.00000000000E+00   1.61372500000E-05   4.57913800000E-05
   9.92879600000E-05   1.85139100000E-04   3.13567100000E-04   4.97162600000E-04
   7.51787300000E-04   1.09783700000E-03   1.56201800000E-03   2.17977100000E-03
   2.99821200000E-03   4.07851300000E-03   5.49373000000E-03   7.31256100000E-03
   9.56138000000E-03   1.22043300000E-02   1.52489300000E-02   1.89234400000E-02
   2.36667000000E-02   2.99919900000E-02   3.84403500000E-02   4.95816400000E-02
   6.39313700000E-02   8.16817500000E-02   1.02205000000E-01   1.23532400000E-01
   1.42471100000E-01   1.55994800000E-01   1.63119100000E-01   1.65210900000E-01
   1.64332200000E-01   1.61522200000E-01   1.56514200000E-01   1.48706900000E-01
   1.38213100000E-01   1.26018000000E-01   1.13396800000E-01   1.01352900000E-01
   9.04398500000E-02   7.23856000000E-02   5.89872200000E-02   4.90377400000E-02
   4.15145100000E-02   3.56981000000E-02   3.11043100000E-02   2.74075000000E-02
   2.43852800000E-02   2.18825400000E-02   1.97885000000E-02   1.65230000000E-02
   1.41503400000E-02   1.24049000000E-02   1.11132300000E-02   1.01555000000E-02
   9.44572500000E-03   8.92071600000E-03   8.53338900000E-03   8.24840800000E-03
   8.03914200000E-03   7.88548500000E-03   7.77223800000E-03   7.68791200000E-03
   7.62382400000E-03   7.57341900000E-03   7.53175900000E-03   7.49513700000E-03
   7.46078600000E-03   7.42665800000E-03   7.39125700000E-03   7.35351100000E-03
   7.31267700000E-03   7.26826000000E-03   7.21996400000E-03   7.16764300000E-03
   7.01924700000E-03   6.84735500000E-03   6.65549300000E-03   6.44814400000E-03
   6.00669900000E-03   5.56280600000E-03   5.15465200000E-03   4.81761800000E-03
   4.39930400000E-03   4.03811600000E-03   3.72369000000E-03   3.44797000000E-03
   3.20460300000E-03   2.98851800000E-03   0.00000000000E+00   1.00000000000E+00
   1.05880300000E+00   1.11760600000E+00   1.17641000000E+00   1.01820700000E+00
   7.50373800000E-01   3.99380900000E-01   4.04373700000E-01   4.00912800000E-01
   3.76011200000E-01   3.17246800000E-01   3.21619800000E-01   2.96078700000E-01
   2.46311800000E-01   1.79651000000E-01   8.15513000000E+00   7.50879300000E+00
   7.62507100000E+00   8.32248800000E+00   8.40870800000E+00   8.43020200000E+00
   8.39153300000E+00   8.30850000000E+00   8.33197600000E+00   8.33870100000E+00
   8.33442200000E+00   8.31638900000E+00   8.82407700000E+00   9.78196400000E+00
   1.05932100000E+01   1.12174000000E+01   1.17056400000E+01   1.20535200000E+01
   1.22990200000E+01   1.26243800000E+01   1.27469800000E+01   1.28851900000E+01
   1.30316500000E+01   1.31800400000E+01   1.33306700000E+01   1.34718200000E+01
   1.36840500000E+01   1.39993800000E+01   1.49345900000E+01   1.59246700000E+01
   1.68084600000E+01   1.76779300000E+01   1.82916400000E+01   1.89013400000E+01
   1.99015500000E+01   2.11545800000E+01   2.23022200000E+01   2.34620200000E+01
   2.46583400000E+01   2.57981800000E+01   2.69554800000E+01   2.81855700000E+01
   2.94047000000E+01   3.06483300000E+01   3.18592800000E+01   3.29776500000E+01
   3.41074300000E+01   3.52667400000E+01   3.63143200000E+01   3.74329600000E+01
   3.85476600000E+01   3.96205800000E+01   4.07229200000E+01   4.17873900000E+01
   4.28833000000E+01   4.39949900000E+01   4.51106000000E+01   4.62525700000E+01
   4.73337300000E+01   5.00946700000E+01   5.27362400000E+01   5.54749400000E+01
   5.80704400000E+01   6.35059400000E+01   6.87817800000E+01   7.42444700000E+01
   7.94515600000E+01   8.45627200000E+01   9.04596800000E+01   9.61609900000E+01
   1.01604500000E+02   1.07264200000E+02   1.12914400000E+02                   5
   0.00000000000E+00                   1                   1                  89
   0.00000000000E+00   1.61372500000E-05   4.57913800000E-05   9.92879600000E-05
   1.85139100000E-04   3.13567100000E-04   4.97162600000E-04   7.51787300000E-04
   1.09783700000E-03   1.56201800000E-03   2.17977100000E-03   2.99821200000E-03
   4.07851300000E-03   5.49373000000E-03   7.31256100000E-03   9.56138000000E-03
   1.22043300000E-02   1.52489300000E-02   1.89234400000E-02   2.36667000000E-02
   2.99919900000E-02   3.84403500000E-02   4.95816400000E-02   6.39313700000E-02
   8.16817500000E-02   1.02205000000E-01   1.23532400000E-01   1.42471100000E-01
   1.55994800000E-01   1.63119100000E-01   1.65210900000E-01   1.64332200000E-01
   1.61522200000E-01   1.56514200000E-01   1.48706900000E-01   1.38213100000E-01
   1.26018000000E-01   1.13396800000E-01   1.01352900000E-01   9.04398500000E-02
   7.23856000000E-02   5.89872200000E-02   4.90377400000E-02   4.15145100000E-02
   3.56981000000E-02   3.11043100000E-02   2.74075000000E-02   2.43852800000E-02
   2.18825400000E-02   1.97885000000E-02   1.65230000000E-02   1.41503400000E-02
   1.24049000000E-02   1.11132300000E-02   1.01555000000E-02   9.44572500000E-03
   8.92071600000E-03   8.53338900000E-03   8.24840800000E-03   8.03914200000E-03
   7.88548500000E-03   7.77223800000E-03   7.68791200000E-03   7.62382400000E-03
   7.57341900000E-03   7.53175900000E-03   7.49513700000E-03   7.46078600000E-03
   7.42665800000E-03   7.39125700000E-03   7.35351100000E-03   7.31267700000E-03
   7.26826000000E-03   7.21996400000E-03   7.16764300000E-03   7.01924700000E-03
   6.84735500000E-03   6.65549300000E-03   6.44814400000E-03   6.00669900000E-03
   5.56280600000E-03   5.15465200000E-03   4.81761800000E-03   4.39930400000E-03
   4.03811600000E-03   3.72369000000E-03   3.44797000000E-03   3.20460300000E-03
   2.98851800000E-03                   1                   1                 446
                 522                 598                 599                 600
                 601                 755                 756                 756
                 757                   2                   1               53821
               53912               54003               54004               54005
               54006               54182               54183               54183
               54184                   9                   1               67848
               67918               67988               67989               67990
               67991               68133               68134               68134
               68135                  31                   1              117544
              117605              117666              117667              117668
              117669              117791              117792              117792
              117793                  32                   1              161569
              161630              161691              161692              161693
              161694              161818              161819              161819
              161820                  33                   1              206235
              206290              206345              206346              206347
              206348              206462              206463              206463
              206464                  34                   1              247719
              247804              247889              247890              247891
              247892              248066              248067              248067
              248068                  16                  74   0.00000000000E+00
   1.20065100000E-02   1.51696400000E-02   1.88767800000E-02   2.36195700000E-02
   2.99252600000E-02   3.83464700000E-02   4.94547700000E-02   6.37669200000E-02
   8.14781500000E-02   1.01965700000E-01   1.23267100000E-01   1.42195900000E-01
   1.61265900000E-01   1.98686600000E-01   2.27537700000E-01   2.44213300000E-01
   2.53768300000E-01   2.56580800000E-01   2.51744900000E-01   2.39329300000E-01
   2.22017000000E-01   2.02165100000E-01   1.82444300000E-01   1.63960200000E-01
   1.32464500000E-01   1.08586800000E-01   9.05489700000E-02   7.82323100000E-02
   7.01231000000E-02   6.43589900000E-02   5.88428300000E-02   5.40359800000E-02
   4.95113700000E-02   4.54453800000E-02   3.86690600000E-02   3.40613700000E-02
   3.07752400000E-02   2.83416800000E-02   2.65173500000E-02   2.52120900000E-02
   2.43158200000E-02   2.37924700000E-02   2.35008400000E-02   2.34024800000E-02
   2.34454600000E-02   2.36159200000E-02   2.37921100000E-02   2.39982300000E-02
   2.43161200000E-02   2.46625200000E-02   2.49494000000E-02   2.52916700000E-02
   2.55818200000E-02   2.59036500000E-02   2.61797400000E-02   2.64546800000E-02
   2.66795500000E-02   2.68965900000E-02   2.70910200000E-02   2.74477700000E-02
   2.76403200000E-02   2.76450200000E-02   2.75789800000E-02   2.70749000000E-02
   2.62692500000E-02   2.54035600000E-02   2.47602000000E-02   2.38154900000E-02
   2.26310400000E-02   2.15887700000E-02   2.07065200000E-02   1.98134700000E-02
   1.89982100000E-02                  16                  74   0.00000000000E+00
   9.78510600000E-02   3.39390100000E-01   5.81427600000E-01   8.22923500000E-01
   9.78062600000E-01   1.13314700000E+00   1.28829500000E+00   1.44355500000E+00
   1.47781600000E+00   1.51219100000E+00   1.54664200000E+00   1.58114200000E+00
   1.59404000000E+00   1.82667100000E+00   2.00722500000E+00   2.10303900000E+00
   2.28117500000E+00   2.44060200000E+00   2.58263900000E+00   2.70542600000E+00
   2.89072300000E+00   3.06499200000E+00   3.23582700000E+00   3.40102500000E+00
   3.75435800000E+00   4.09988500000E+00   4.38218500000E+00   4.74745600000E+00
   5.09262300000E+00   5.51591900000E+00   5.94782900000E+00   6.37053400000E+00
   6.77818100000E+00   7.15748900000E+00   7.98896600000E+00   8.73292800000E+00
   9.53241600000E+00   1.03253300000E+01   1.11107000000E+01   1.18900000000E+01
   1.26859100000E+01   1.34851200000E+01   1.42999700000E+01   1.51096300000E+01
   1.59370100000E+01   1.68025500000E+01   1.76389000000E+01   1.84742900000E+01
   1.93872600000E+01   2.02677400000E+01   2.11074300000E+01   2.20085100000E+01
   2.28845700000E+01   2.38138200000E+01   2.46917600000E+01   2.55990600000E+01
   2.64905600000E+01   2.74085100000E+01   2.83396000000E+01   3.06091300000E+01
   3.29285900000E+01   3.51687800000E+01   3.75363000000E+01   4.20501000000E+01
   4.66649100000E+01   5.10490100000E+01   5.56864000000E+01   6.03848900000E+01
   6.43053400000E+01   6.84462800000E+01   7.28904000000E+01   7.70326100000E+01
   8.12488000000E+01                   5                  -1                   1
                   6                   5                   0                  75
   1.00000000000E+00   8.29424400000E+00   8.50000000000E+00   9.00000000000E+00
   9.50000000000E+00   1.00000000000E+01   1.05000000000E+01   1.10000000000E+01
   1.15000000000E+01   1.20000000000E+01   1.25000000000E+01   1.30000000000E+01
   1.35000000000E+01   1.40000000000E+01   1.45000000000E+01   1.50000000000E+01
   1.55000000000E+01   1.60000000000E+01   1.65000000000E+01   1.70000000000E+01
   1.75000000000E+01   1.80000000000E+01   1.85000000000E+01   1.90000000000E+01
   1.95000000000E+01   2.00000000000E+01   2.10000000000E+01   2.20000000000E+01
   2.30000000000E+01   2.40000000000E+01   2.50000000000E+01   2.60000000000E+01
   2.70000000000E+01   2.80000000000E+01   2.90000000000E+01   3.00000000000E+01
   3.20000000000E+01   3.40000000000E+01   3.60000000000E+01   3.80000000000E+01
   4.00000000000E+01   4.20000000000E+01   4.40000000000E+01   4.60000000000E+01
   4.80000000000E+01   5.00000000000E+01   5.20000000000E+01   5.40000000000E+01
   5.60000000000E+01   5.80000000000E+01   6.00000000000E+01   6.20000000000E+01
   6.40000000000E+01   6.60000000000E+01   6.80000000000E+01   7.00000000000E+01
   7.20000000000E+01   7.40000000000E+01   7.60000000000E+01   7.80000000000E+01
   8.00000000000E+01   8.50000000000E+01   9.00000000000E+01   9.50000000000E+01
   1.00000000000E+02   1.10000000000E+02   1.20000000000E+02   1.30000000000E+02
   1.40000000000E+02   1.50000000000E+02   1.60000000000E+02   1.70000000000E+02
   1.80000000000E+02   1.90000000000E+02   2.00000000000E+02   0.00000000000E+00
   0.00000000000E+00   9.83791000000E-01   9.94800300000E-01   9.97534300000E-01
   9.98008600000E-01   9.97775100000E-01   9.97557800000E-01   9.97441200000E-01
   9.97427700000E-01   9.97507400000E-01   9.97658600000E-01   9.97852400000E-01
   9.98068400000E-01   1.03379000000E+00   1.21804600000E+00   1.37725600000E+00
   1.48609500000E+00   1.57110500000E+00   1.63934500000E+00   1.69289300000E+00
   1.73159600000E+00   1.76178800000E+00   1.78281100000E+00   1.80009000000E+00
   1.81292000000E+00   1.82998400000E+00   1.84085300000E+00   1.84651600000E+00
   1.88445700000E+00   1.96433700000E+00   2.06913400000E+00   2.14696100000E+00
   2.21592600000E+00   2.26259700000E+00   2.29655500000E+00   2.34031700000E+00
   2.40710600000E+00   2.48089400000E+00   2.55026500000E+00   2.61113200000E+00
   2.66915400000E+00   2.72577000000E+00   2.78816200000E+00   2.84913600000E+00
   2.91106700000E+00   2.97324300000E+00   3.03849700000E+00   3.09474300000E+00
   3.14779400000E+00   3.21071900000E+00   3.27447000000E+00   3.32874500000E+00
   3.38994700000E+00   3.44459400000E+00   3.50463400000E+00   3.56016900000E+00
   3.61764600000E+00   3.67069300000E+00   3.72530800000E+00   3.77962700000E+00
   3.91035800000E+00   4.03664200000E+00   4.15371500000E+00   4.27704200000E+00
   4.50745100000E+00   4.72230200000E+00   4.92827800000E+00   5.13951100000E+00
   5.41346800000E+00   5.60435600000E+00   5.79768200000E+00   6.00542300000E+00
   6.18281600000E+00   6.35706700000E+00                   0                   1
                   0                   4                  10                   0
                   2   1.00000000000E+00   2.00000000000E+02   1.00000000000E+00
   1.00000000000E+00                   0                  31   1.00000000000E+00
   8.29424400000E+00   1.00000000000E+01   1.20000000000E+01   1.40000000000E+01
   1.60000000000E+01   1.80000000000E+01   2.00000000000E+01   2.20000000000E+01
   2.40000000000E+01   2.60000000000E+01   2.80000000000E+01   3.00000000000E+01
   3.20000000000E+01   3.60000000000E+01   4.00000000000E+01   4.40000000000E+01
   4.80000000000E+01   5.00000000000E+01   5.20000000000E+01   5.60000000000E+01
   6.00000000000E+01   7.00000000000E+01   8.00000000000E+01   9.00000000000E+01
   1.00000000000E+02   1.20000000000E+02   1.40000000000E+02   1.60000000000E+02
   1.80000000000E+02   2.00000000000E+02                  74                 103
                 132                 305                 658                1309
                2125                3040                4032                5079
                6381                7735                9141               10586
               12057               13580               15397               17259
               19151               21058               22980               24932
               26899               29179               31493               34117
               36779               39763               43054               46368
               49705                   2                   3   0.00000000000E+00
   5.00000000000E-07   1.00000000000E-06   0.00000000000E+00   2.00000000000E+06
   0.00000000000E+00   0.00000000000E+00   5.00000000000E-01   1.00000000000E+00
                   0                   0                   0                   0
                   0                   0                   0                   0
                   0                   0                   0                   0
                   0                   0                   0                   0
                   0                   0                   2                   3
   0.00000000000E+00   5.00000000000E-07   1.00000000000E-06   0.00000000000E+00
   2.00000000000E+06   0.00000000000E+00   0.00000000000E+00   5.00000000000E-01
   1.00000000000E+00                   0                   0                   0
                   0                   0                   0                   0
                   0                   0                   0                   0
                   0                   0                   0                   0
                   0                   0                   0                   2
                  19   0.00000000000E+00   2.50000000000E-02   1.00000000000E-01
   2.00000000000E-01   3.00000000000E-01   4.00000000000E-01   5.00000000000E-01
   6.00000000000E-01   7.00000000000E-01   8.00000000000E-01   9.00000000000E-01
   1.00000000000E+00   1.10000000000E+00   1.20000000000E+00   1.30000000000E+00
   1.40000000000E+00   1.50000000000E+00   1.60000000000E+00   1.70000000000E+00
   0.00000000000E+00   5.17558400000E-02   2.05403800000E-01   3.63595600000E-01
   8.49622800000E-01   9.19300500000E-01   9.18132700000E-01   8.34927400000E-02
   7.16111500000E-01   1.82349900000E+00   5.23930000000E-01   3.67544000000E-01
   8.43773100000E-01   1.05632300000E+00   8.59299000000E-07   5.64681100000E-01
   1.15310200000E-01   3.92987200000E-01   5.12178500000E-01   0.00000000000E+00
   6.46948013000E-04   1.02904347000E-02   3.87404053000E-02   9.94013265000E-02
   1.87847493000E-01   2.79719155000E-01   3.29800428000E-01   3.69780641000E-01
   4.96761169000E-01   6.14132621000E-01   6.58706322000E-01   7.19272178000E-01
   8.14276985000E-01   8.67093179000E-01   8.95327278000E-01   9.29326844000E-01
   9.54741714000E-01   1.00000000000E+00                   0                   0
                   0                   0                   0                   0
                   0                   0                   0                   0
                   0                   0                   0                   0
                   0                   0                   0                   0
                   0                   0                   0                   0
                   0                   0                   0                   0
                   0                   0                   0                   0
                   0                   0                   0                   0
                   0                   0                   0                   0
                   0                   0                   0                   0
                   0                   0                   0                   0
                   0                   0                   0                   0
                   0                   0                   0                   0
                   0                   0                   0                   0
                   0                   0                   0                   0
                   0                   0                   0                   0
                   0                   0                   0                   0
                   0                   0                   0                   0
                   0                   0                   0                   0
                   0                   0                   0                   0
                   0                   0                   0                   0
                   0                   0                   0                   0
                   0                   0                   0                   0
                   0                   0                   0                   0
