 42092.00u   91.117280  0.0000E+00   05/27/20
Ace Mo92 IAEA-PD                                                         mat4225
      0         0.      0         0.      0         0.      0         0.
      0         0.      0         0.      0         0.      0         0.
      0         0.      0         0.      0         0.      0         0.
      0         0.      0         0.      0         0.      0         0.
   290574    42092       89        1        7        2       12        0
        0        0        0        0        0        0        0        1
        1       90       90        0      179      268      269      270
      271      362      446        0        0        0        0        0
        0        0        0        0        0        0        0        0
        0        0        0        0        0        0        0        0
   9.99999000000E-01   1.00000000000E+00   1.50000000000E+00   2.00000000000E+00
   2.50000000000E+00   3.00000000000E+00   3.50000000000E+00   4.00000000000E+00
   4.50000000000E+00   5.00000000000E+00   5.50000000000E+00   6.00000000000E+00
   6.50000000000E+00   7.00000000000E+00   7.50000000000E+00   8.00000000000E+00
   8.50000000000E+00   9.00000000000E+00   9.50000000000E+00   1.00000000000E+01
   1.05000000000E+01   1.10000000000E+01   1.15000000000E+01   1.20000000000E+01
   1.25000000000E+01   1.30000000000E+01   1.35000000000E+01   1.40000000000E+01
   1.45000000000E+01   1.50000000000E+01   1.55000000000E+01   1.60000000000E+01
   1.65000000000E+01   1.70000000000E+01   1.75000000000E+01   1.80000000000E+01
   1.85000000000E+01   1.90000000000E+01   1.95000000000E+01   2.00000000000E+01
   2.10000000000E+01   2.20000000000E+01   2.30000000000E+01   2.40000000000E+01
   2.50000000000E+01   2.60000000000E+01   2.70000000000E+01   2.80000000000E+01
   2.90000000000E+01   3.00000000000E+01   3.20000000000E+01   3.40000000000E+01
   3.60000000000E+01   3.80000000000E+01   4.00000000000E+01   4.20000000000E+01
   4.40000000000E+01   4.60000000000E+01   4.80000000000E+01   5.00000000000E+01
   5.20000000000E+01   5.40000000000E+01   5.60000000000E+01   5.80000000000E+01
   6.00000000000E+01   6.20000000000E+01   6.40000000000E+01   6.60000000000E+01
   6.80000000000E+01   7.00000000000E+01   7.20000000000E+01   7.40000000000E+01
   7.60000000000E+01   7.80000000000E+01   8.00000000000E+01   8.50000000000E+01
   9.00000000000E+01   9.50000000000E+01   1.00000000000E+02   1.10000000000E+02
   1.20000000000E+02   1.30000000000E+02   1.40000000000E+02   1.50000000000E+02
   1.60000000000E+02   1.70000000000E+02   1.80000000000E+02   1.90000000000E+02
   2.00000000000E+02   0.00000000000E+00   1.04980200000E-05   2.92788200000E-05
   6.26869100000E-05   1.15712800000E-04   1.94277000000E-04   3.05575600000E-04
   4.58552000000E-04   6.64561000000E-04   9.38315200000E-04   1.29920400000E-03
   1.77298700000E-03   2.39350900000E-03   3.20284900000E-03   4.24527700000E-03
   5.54705700000E-03   7.08729500000E-03   8.81801700000E-03   1.07829400000E-02
   1.31935500000E-02   1.63569200000E-02   2.06145400000E-02   2.63734900000E-02
   3.41759900000E-02   4.47735900000E-02   5.92015200000E-02   7.88350600000E-02
   1.05312100000E-01   1.39928800000E-01   1.81782500000E-01   2.24580500000E-01
   2.55548200000E-01   2.62691400000E-01   2.45764000000E-01   2.15280500000E-01
   1.82170700000E-01   1.52361700000E-01   1.27633700000E-01   1.07790300000E-01
   9.20146400000E-02   6.91937400000E-02   5.41419000000E-02   4.37684400000E-02
   3.63201600000E-02   3.07806800000E-02   2.65382600000E-02   2.32099700000E-02
   2.05471400000E-02   1.83827600000E-02   1.66011500000E-02   1.38789200000E-02
   1.19474400000E-02   1.05553400000E-02   9.54440300000E-03   8.80871600000E-03
   8.27412300000E-03   7.88720100000E-03   7.60877100000E-03   7.40980300000E-03
   7.26865900000E-03   7.16915900000E-03   7.09917900000E-03   7.04963500000E-03
   7.01372000000E-03   6.98634300000E-03   6.96371100000E-03   6.94300900000E-03
   6.92217000000E-03   6.89969300000E-03   6.87451100000E-03   6.84588800000E-03
   6.81334500000E-03   6.77659300000E-03   6.73549900000E-03   6.69003900000E-03
   6.55789900000E-03   6.40167500000E-03   6.22535800000E-03   6.03358300000E-03
   5.62318800000E-03   5.20911700000E-03   4.82779200000E-03   4.51268700000E-03
   4.12117200000E-03   3.78303400000E-03   3.48861700000E-03   3.23040600000E-03
   3.00246900000E-03   2.80006700000E-03   0.00000000000E+00   1.00000000000E+00
   1.08038200000E+00   1.16076400000E+00   1.24114600000E+00   1.32152900000E+00
   1.40191100000E+00   1.48229400000E+00   1.56267600000E+00   1.38024900000E+00
   1.11083000000E+00   7.65873100000E-01   7.84618500000E-01   7.97857100000E-01
   8.04404200000E-01   7.98458600000E-01   7.86557400000E-01   7.63733000000E-01
   8.22696800000E-01   1.59897100000E+00   4.12119500000E+00   6.81518200000E+00
   8.62580600000E+00   9.67501300000E+00   1.04595000000E+01   1.10400400000E+01
   1.19099500000E+01   1.23715500000E+01   1.25062200000E+01   1.28302000000E+01
   1.28069900000E+01   1.30471800000E+01   1.31135500000E+01   1.31670800000E+01
   1.32331200000E+01   1.32614000000E+01   1.33189800000E+01   1.33574900000E+01
   1.33933900000E+01   1.34341600000E+01   1.36185100000E+01   1.38201500000E+01
   1.45343400000E+01   1.59316900000E+01   1.74518000000E+01   1.85797000000E+01
   1.93257700000E+01   2.00913500000E+01   2.06818000000E+01   2.13208500000E+01
   2.24169500000E+01   2.35756900000E+01   2.48779900000E+01   2.63457500000E+01
   2.77450200000E+01   2.91290200000E+01   3.04843200000E+01   3.17772100000E+01
   3.29994600000E+01   3.42501100000E+01   3.55122600000E+01   3.67704300000E+01
   3.79908900000E+01   3.92095700000E+01   4.04261900000E+01   4.16645400000E+01
   4.28948100000E+01   4.41339200000E+01   4.53555600000E+01   4.65360200000E+01
   4.77742200000E+01   4.89523700000E+01   5.00750300000E+01   5.12153900000E+01
   5.23523900000E+01   5.52839200000E+01   5.81694500000E+01   6.10071700000E+01
   6.38359300000E+01   6.97398200000E+01   7.54496700000E+01   8.13378700000E+01
   8.68865800000E+01   9.27455300000E+01   9.83221700000E+01   1.04159800000E+02
   1.10064200000E+02   1.15830800000E+02   1.21780900000E+02                   5
   0.00000000000E+00                   1                   1                  89
   0.00000000000E+00   1.04980200000E-05   2.92788200000E-05   6.26869100000E-05
   1.15712800000E-04   1.94277000000E-04   3.05575600000E-04   4.58552000000E-04
   6.64561000000E-04   9.38315200000E-04   1.29920400000E-03   1.77298700000E-03
   2.39350900000E-03   3.20284900000E-03   4.24527700000E-03   5.54705700000E-03
   7.08729500000E-03   8.81801700000E-03   1.07829400000E-02   1.31935500000E-02
   1.63569200000E-02   2.06145400000E-02   2.63734900000E-02   3.41759900000E-02
   4.47735900000E-02   5.92015200000E-02   7.88350600000E-02   1.05312100000E-01
   1.39928800000E-01   1.81782500000E-01   2.24580500000E-01   2.55548200000E-01
   2.62691400000E-01   2.45764000000E-01   2.15280500000E-01   1.82170700000E-01
   1.52361700000E-01   1.27633700000E-01   1.07790300000E-01   9.20146400000E-02
   6.91937400000E-02   5.41419000000E-02   4.37684400000E-02   3.63201600000E-02
   3.07806800000E-02   2.65382600000E-02   2.32099700000E-02   2.05471400000E-02
   1.83827600000E-02   1.66011500000E-02   1.38789200000E-02   1.19474400000E-02
   1.05553400000E-02   9.54440300000E-03   8.80871600000E-03   8.27412300000E-03
   7.88720100000E-03   7.60877100000E-03   7.40980300000E-03   7.26865900000E-03
   7.16915900000E-03   7.09917900000E-03   7.04963500000E-03   7.01372000000E-03
   6.98634300000E-03   6.96371100000E-03   6.94300900000E-03   6.92217000000E-03
   6.89969300000E-03   6.87451100000E-03   6.84588800000E-03   6.81334500000E-03
   6.77659300000E-03   6.73549900000E-03   6.69003900000E-03   6.55789900000E-03
   6.40167500000E-03   6.22535800000E-03   6.03358300000E-03   5.62318800000E-03
   5.20911700000E-03   4.82779200000E-03   4.51268700000E-03   4.12117200000E-03
   3.78303400000E-03   3.48861700000E-03   3.23040600000E-03   3.00246900000E-03
   2.80006700000E-03                   1                   1                 446
                 513                 580                 581                 582
                 583                 719                 720                 720
                 721                   2                   1               46932
               47023               47114               47115               47116
               47117               47285               47286               47286
               47287                   9                   1               60812
               60890               60968               60969               60970
               60971               61127               61128               61128
               61129                  31                   1              114855
              114913              114971              114972              114973
              114974              115092              115093              115093
              115094                  32                   1              155459
              155510              155561              155562              155563
              155564              155668              155669              155669
              155670                  33                   1              191925
              191983              192041              192042              192043
              192044              192162              192163              192163
              192164                  34                   1              232886
              232966              233046              233047              233048
              233049              233213              233214              233214
              233215                  25                  65   0.00000000000E+00
   2.75549400000E-04   1.80470100000E-02   3.69304600000E-02   6.98013500000E-02
   8.71087000000E-02   1.22494000000E-01   1.48113300000E-01   1.61828300000E-01
   1.60560500000E-01   1.43580300000E-01   1.25649700000E-01   1.07802900000E-01
   9.25434900000E-02   7.99062100000E-02   6.94531900000E-02   5.34932900000E-02
   4.23288200000E-02   3.45972200000E-02   3.19281000000E-02   2.91195700000E-02
   2.58661200000E-02   2.32252900000E-02   2.08981500000E-02   1.89100900000E-02
   1.71171500000E-02   1.44860400000E-02   1.25672100000E-02   1.12821600000E-02
   1.04838100000E-02   9.96724700000E-03   9.65616600000E-03   9.45246300000E-03
   9.34946000000E-03   9.35029000000E-03   9.37170000000E-03   9.46760600000E-03
   9.58585800000E-03   9.73476300000E-03   9.91049200000E-03   1.00778600000E-02
   1.02681000000E-02   1.04556400000E-02   1.06305200000E-02   1.07940200000E-02
   1.09730000000E-02   1.11049400000E-02   1.12441700000E-02   1.14070800000E-02
   1.15362900000E-02   1.16455600000E-02   1.18719400000E-02   1.20225400000E-02
   1.21367300000E-02   1.21758700000E-02   1.20887600000E-02   1.18570900000E-02
   1.16034500000E-02   1.14538900000E-02   1.09306400000E-02   1.04930000000E-02
   1.00837300000E-02   9.68445400000E-03   9.35633900000E-03   9.02253500000E-03
                  25                  65   0.00000000000E+00   7.29844200000E-04
   9.04613200000E-02   2.22160900000E-01   3.90738000000E-01   4.47125100000E-01
   5.90630400000E-01   7.14427600000E-01   7.92956100000E-01   8.76564800000E-01
   9.31233500000E-01   1.00067500000E+00   1.06298100000E+00   1.12668100000E+00
   1.19012600000E+00   1.25069400000E+00   1.44852100000E+00   1.63426900000E+00
   1.79718100000E+00   2.15972200000E+00   2.52450900000E+00   2.80727300000E+00
   3.13648800000E+00   3.44650600000E+00   3.76813500000E+00   4.05988100000E+00
   4.68862400000E+00   5.28788500000E+00   5.94508100000E+00   6.59226100000E+00
   7.28815900000E+00   7.97237700000E+00   8.65480000000E+00   9.34001800000E+00
   1.00705000000E+01   1.07814900000E+01   1.14818700000E+01   1.22047400000E+01
   1.29568400000E+01   1.37107800000E+01   1.44589200000E+01   1.52137200000E+01
   1.59809800000E+01   1.67491900000E+01   1.75226200000E+01   1.83482100000E+01
   1.90935700000E+01   1.98801700000E+01   2.07415400000E+01   2.15765500000E+01
   2.24087100000E+01   2.44340200000E+01   2.65194400000E+01   2.86179700000E+01
   3.07494300000E+01   3.48754100000E+01   3.91685500000E+01   4.31847500000E+01
   4.75335700000E+01   5.15581200000E+01   5.58907100000E+01   5.99339000000E+01
   6.39148200000E+01   6.80737100000E+01   7.20824500000E+01                   5
                  -1                   1                   6                   5
                   0                  66   1.00000000000E+00   1.26710700000E+01
   1.30000000000E+01   1.35000000000E+01   1.40000000000E+01   1.45000000000E+01
   1.50000000000E+01   1.55000000000E+01   1.60000000000E+01   1.65000000000E+01
   1.70000000000E+01   1.75000000000E+01   1.80000000000E+01   1.85000000000E+01
   1.90000000000E+01   1.95000000000E+01   2.00000000000E+01   2.10000000000E+01
   2.20000000000E+01   2.30000000000E+01   2.40000000000E+01   2.50000000000E+01
   2.60000000000E+01   2.70000000000E+01   2.80000000000E+01   2.90000000000E+01
   3.00000000000E+01   3.20000000000E+01   3.40000000000E+01   3.60000000000E+01
   3.80000000000E+01   4.00000000000E+01   4.20000000000E+01   4.40000000000E+01
   4.60000000000E+01   4.80000000000E+01   5.00000000000E+01   5.20000000000E+01
   5.40000000000E+01   5.60000000000E+01   5.80000000000E+01   6.00000000000E+01
   6.20000000000E+01   6.40000000000E+01   6.60000000000E+01   6.80000000000E+01
   7.00000000000E+01   7.20000000000E+01   7.40000000000E+01   7.60000000000E+01
   7.80000000000E+01   8.00000000000E+01   8.50000000000E+01   9.00000000000E+01
   9.50000000000E+01   1.00000000000E+02   1.10000000000E+02   1.20000000000E+02
   1.30000000000E+02   1.40000000000E+02   1.50000000000E+02   1.60000000000E+02
   1.70000000000E+02   1.80000000000E+02   1.90000000000E+02   2.00000000000E+02
   0.00000000000E+00   0.00000000000E+00   4.65443100000E-03   2.28921100000E-01
   3.50676300000E-01   4.98834800000E-01   4.79191900000E-01   5.45434700000E-01
   5.79590500000E-01   6.16039600000E-01   6.53311700000E-01   6.66945200000E-01
   6.89736100000E-01   7.07545900000E-01   7.25071000000E-01   7.41311700000E-01
   7.54805900000E-01   7.73094400000E-01   7.81812600000E-01   7.90460400000E-01
   8.79073800000E-01   9.46034000000E-01   9.74672800000E-01   1.00066000000E+00
   1.01708300000E+00   1.02868600000E+00   1.03108200000E+00   1.04374400000E+00
   1.05187500000E+00   1.06885800000E+00   1.09842500000E+00   1.13152100000E+00
   1.16703200000E+00   1.19845600000E+00   1.22877400000E+00   1.26188100000E+00
   1.28933000000E+00   1.32060200000E+00   1.35027700000E+00   1.38088900000E+00
   1.41301500000E+00   1.44250900000E+00   1.47451600000E+00   1.50592300000E+00
   1.53572100000E+00   1.56442000000E+00   1.59618600000E+00   1.62213300000E+00
   1.65031600000E+00   1.68330600000E+00   1.71276000000E+00   1.74073100000E+00
   1.81032700000E+00   1.87803000000E+00   1.94956300000E+00   2.01801600000E+00
   2.14980500000E+00   2.27621900000E+00   2.40346900000E+00   2.53815300000E+00
   2.65231300000E+00   2.77370000000E+00   2.89046600000E+00   2.99790600000E+00
   3.11621500000E+00   3.22225700000E+00                   0                   1
                   0                   4                  10                   0
                   2   1.00000000000E+00   2.00000000000E+02   1.00000000000E+00
   1.00000000000E+00                   0                  29   1.00000000000E+00
   1.26710700000E+01   1.40000000000E+01   1.60000000000E+01   1.80000000000E+01
   2.00000000000E+01   2.20000000000E+01   2.40000000000E+01   2.60000000000E+01
   2.80000000000E+01   3.00000000000E+01   3.20000000000E+01   3.60000000000E+01
   4.00000000000E+01   4.40000000000E+01   4.80000000000E+01   5.00000000000E+01
   5.20000000000E+01   5.60000000000E+01   6.00000000000E+01   7.00000000000E+01
   8.00000000000E+01   9.00000000000E+01   1.00000000000E+02   1.20000000000E+02
   1.40000000000E+02   1.60000000000E+02   1.80000000000E+02   2.00000000000E+02
                  70                  93                 116                 223
                 588                1096                1839                2699
                3650                4679                5773                6932
                8143                9432               10786               12423
               14105               15817               17544               19316
               21118               23245               25423               27914
               30443               33301               36477               39699
               42944                   2                   3   0.00000000000E+00
   5.00000000000E-07   1.00000000000E-06   0.00000000000E+00   2.00000000000E+06
   0.00000000000E+00   0.00000000000E+00   5.00000000000E-01   1.00000000000E+00
                   0                   0                   0                   0
                   0                   0                   0                   0
                   0                   0                   0                   0
                   2                   3   0.00000000000E+00   5.00000000000E-07
   1.00000000000E-06   0.00000000000E+00   2.00000000000E+06   0.00000000000E+00
   0.00000000000E+00   5.00000000000E-01   1.00000000000E+00                   0
                   0                   0                   0                   0
                   0                   0                   0                   0
                   0                   0                   0                   2
                  15   0.00000000000E+00   2.50000000000E-02   1.00000000000E-01
   2.00000000000E-01   3.00000000000E-01   4.00000000000E-01   5.00000000000E-01
   6.00000000000E-01   7.00000000000E-01   8.00000000000E-01   9.00000000000E-01
   1.00000000000E+00   1.10000000000E+00   1.20000000000E+00   1.30000000000E+00
   0.00000000000E+00   6.16758000000E-05   1.57085000000E-04   2.87884900000E+00
   1.22776000000E-04   7.78644000000E-05   4.74900000000E-05   3.04011000000E-05
   5.82931600000E+00   1.04695000000E-05   5.44175000000E-06   2.38079000000E-06
   7.34491000000E-07   8.68518000000E-08   2.58273800000E+00   0.00000000000E+00
   7.70947505000E-07   8.97447756000E-06   1.43959280000E-01   2.87907869000E-01
   2.87917902000E-01   2.87924169000E-01   2.87928064000E-01   5.79395386000E-01
   8.70861711000E-01   8.70862507000E-01   8.70862898000E-01   8.70863054000E-01
   8.70863095000E-01   1.00000000000E+00                   0                   0
                   0                   0                   0                   0
                   0                   0                   0                   0
                   0                   0                   0                   0
                   0                   0                   0                   0
                   0                   0                   0                   0
                   0                   0                   0                   0
                   0                   0                   0                   0
                   0                   0                   0                   0
                   0                   0                   0                   0
                   0                   0                   0                   0
                   0                   0                   0                   0
                   0                   0                   0                   0
                   0                   0                   0                   0
                   0                   0                   0                   0
                   0                   0                   2                  33
                   0                   0                   0                   0
                   0                   0                   1   6.40000000000E-01
                   1                   1   9.60000000000E-01                   1
                   1                   1                   1                   1
                   2                   2                   2                   2
                   2                   2   2.24000000000E+00   2.34666700000E+00
   2.45333300000E+00   2.56000000000E+00                   3                   3
   2.88000000000E+00   2.98666700000E+00   3.09333300000E+00                   3
                   3                   0   7.17825400000E-02   2.83872500000E-01
   5.17179100000E-01   3.33570500000E-01   4.01930000000E-01   3.84593500000E-02
   1.56894000000E+00   7.32480900000E-01   7.51351900000E-01   9.30897700000E-02
   4.00006200000E-01   1.31632400000E-01   4.23831300000E-01   1.32022900000E-01
   1.30895800000E-01   1.50399000000E-04   3.69422700000E-01   4.85223100000E-01
   1.15154900000E+00   3.53160000000E-05   6.51236500000E-01   1.52126000000E-05
   9.56292000000E-06   5.97238000000E-06   3.71252000000E-06   5.41847100000E-01
   1.28350000000E-06   6.38410000000E-07   2.55426000000E-07   7.21224000000E-08
   8.68983000000E-09   4.71654600000E-01   0.00000000000E+00   9.57100702000E-04
   1.51833084000E-02   5.79060359000E-02   1.03279364000E-01   1.42506072000E-01
   1.65993491000E-01   2.51721487000E-01   3.74463980000E-01   4.53601684000E-01
   4.98638589000E-01   5.24937124000E-01   5.53291007000E-01   5.82915832000E-01
   6.12561484000E-01   6.26583727000E-01   6.33572880000E-01   6.53283508000E-01
   6.98864335000E-01   7.86159124000E-01   8.47577150000E-01   8.82311431000E-01
   9.17044966000E-01   9.17046287000E-01   9.17047116000E-01   9.17047633000E-01
   9.45946434000E-01   9.74844836000E-01   9.74844938000E-01   9.74844986000E-01
   9.74845003000E-01   9.74845008000E-01   1.00000000000E+00   0.00000000000E+00
                   0                   0                   0                   0
                   0                   0                   0                   0
                   0                   0                   0                   0
                   0                   0                   0                   0
                   0                   0                   0                   0
                   0                   0                   0                   0
                   0                   0                   0
