 42094.00u   93.098390  0.0000E+00   02/26/20
Ace Mo94 IAEA-PD                                                         mat4231
      0         0.      0         0.      0         0.      0         0.
      0         0.      0         0.      0         0.      0         0.
      0         0.      0         0.      0         0.      0         0.
      0         0.      0         0.      0         0.      0         0.
   316242    42094       89        1        7        2       12        0
        0        0        0        0        0        0        0        1
        1       90       90        0      179      268      269      270
      271      362      446        0        0        0        0        0
        0        0        0        0        0        0        0        0
        0        0        0        0        0        0        0        0
   9.99999000000E-01   1.00000000000E+00   1.50000000000E+00   2.00000000000E+00
   2.50000000000E+00   3.00000000000E+00   3.50000000000E+00   4.00000000000E+00
   4.50000000000E+00   5.00000000000E+00   5.50000000000E+00   6.00000000000E+00
   6.50000000000E+00   7.00000000000E+00   7.50000000000E+00   8.00000000000E+00
   8.50000000000E+00   9.00000000000E+00   9.50000000000E+00   1.00000000000E+01
   1.05000000000E+01   1.10000000000E+01   1.15000000000E+01   1.20000000000E+01
   1.25000000000E+01   1.30000000000E+01   1.35000000000E+01   1.40000000000E+01
   1.45000000000E+01   1.50000000000E+01   1.55000000000E+01   1.60000000000E+01
   1.65000000000E+01   1.70000000000E+01   1.75000000000E+01   1.80000000000E+01
   1.85000000000E+01   1.90000000000E+01   1.95000000000E+01   2.00000000000E+01
   2.10000000000E+01   2.20000000000E+01   2.30000000000E+01   2.40000000000E+01
   2.50000000000E+01   2.60000000000E+01   2.70000000000E+01   2.80000000000E+01
   2.90000000000E+01   3.00000000000E+01   3.20000000000E+01   3.40000000000E+01
   3.60000000000E+01   3.80000000000E+01   4.00000000000E+01   4.20000000000E+01
   4.40000000000E+01   4.60000000000E+01   4.80000000000E+01   5.00000000000E+01
   5.20000000000E+01   5.40000000000E+01   5.60000000000E+01   5.80000000000E+01
   6.00000000000E+01   6.20000000000E+01   6.40000000000E+01   6.60000000000E+01
   6.80000000000E+01   7.00000000000E+01   7.20000000000E+01   7.40000000000E+01
   7.60000000000E+01   7.80000000000E+01   8.00000000000E+01   8.50000000000E+01
   9.00000000000E+01   9.50000000000E+01   1.00000000000E+02   1.10000000000E+02
   1.20000000000E+02   1.30000000000E+02   1.40000000000E+02   1.50000000000E+02
   1.60000000000E+02   1.70000000000E+02   1.80000000000E+02   1.90000000000E+02
   2.00000000000E+02   0.00000000000E+00   1.02379700000E-05   2.86158200000E-05
   6.13567200000E-05   1.13372000000E-04   1.90482700000E-04   2.99756800000E-04
   4.49969400000E-04   6.52250400000E-04   9.21004000000E-04   1.27518300000E-03
   1.73989100000E-03   2.34789700000E-03   3.13931700000E-03   4.15463900000E-03
   5.41381400000E-03   6.89055300000E-03   8.54233700000E-03   1.04257200000E-02
   1.27465100000E-02   1.57805500000E-02   1.98225400000E-02   2.52119700000E-02
   3.23782700000E-02   4.18720000000E-02   5.43695300000E-02   7.06260400000E-02
   9.12866900000E-02   1.16337200000E-01   1.44021600000E-01   1.69788000000E-01
   1.87064900000E-01   1.90998100000E-01   1.82000500000E-01   1.64823400000E-01
   1.44780600000E-01   1.25389400000E-01   1.08239100000E-01   9.37167200000E-02
   8.16526500000E-02   6.32986500000E-02   5.05910700000E-02   4.15364200000E-02
   3.48780700000E-02   2.98370600000E-02   2.59225400000E-02   2.28169800000E-02
   2.03091000000E-02   1.82543300000E-02   1.65511100000E-02   1.39257600000E-02
   1.20440300000E-02   1.06764000000E-02   9.67642500000E-03   8.94461200000E-03
   8.41039000000E-03   8.02227700000E-03   7.74211700000E-03   7.54138200000E-03
   7.39865300000E-03   7.29782100000E-03   7.22675800000E-03   7.17634400000E-03
   7.13972200000E-03   7.11175600000E-03   7.08860500000E-03   7.06742000000E-03
   7.04610400000E-03   7.02313100000E-03   6.99741600000E-03   6.96821100000E-03
   6.93502600000E-03   6.89756800000E-03   6.85569700000E-03   6.80939100000E-03
   6.67483000000E-03   6.51578300000E-03   6.33630100000E-03   6.14109600000E-03
   5.72338100000E-03   5.30193400000E-03   4.91382100000E-03   4.59311000000E-03
   4.19462200000E-03   3.85046100000E-03   3.55080100000E-03   3.28799100000E-03
   3.05599400000E-03   2.84998700000E-03   0.00000000000E+00   1.00000000000E+00
   9.79093500000E-01   9.58187700000E-01   9.37282000000E-01   9.16376200000E-01
   8.95470500000E-01   5.34249000000E-01   5.58888700000E-01   5.72166700000E-01
   5.80383200000E-01   5.84580200000E-01   5.70520700000E-01   5.45414700000E-01
   5.04918800000E-01   4.46410000000E-01   4.90488700000E-01   5.45352100000E-01
   6.38889500000E-01   9.38618200000E+00   9.91712500000E+00   9.20044100000E+00
   9.43058500000E+00   9.80532200000E+00   9.57231500000E+00   9.69415600000E+00
   9.77352500000E+00   9.76074300000E+00   9.80825400000E+00   9.81743200000E+00
   9.81013500000E+00   9.79882100000E+00   9.82527900000E+00   9.85570000000E+00
   9.88695200000E+00   1.00856300000E+01   1.14195400000E+01   1.26546200000E+01
   1.37071000000E+01   1.43641700000E+01   1.53579300000E+01   1.59060400000E+01
   1.61749600000E+01   1.67227800000E+01   1.69812500000E+01   1.72719200000E+01
   1.75396100000E+01   1.78151900000E+01   1.81714500000E+01   1.87133900000E+01
   2.10039200000E+01   2.35681200000E+01   2.54932900000E+01   2.67211800000E+01
   2.78640400000E+01   2.88581700000E+01   2.99478600000E+01   3.15068100000E+01
   3.29831100000E+01   3.44874200000E+01   3.59110500000E+01   3.71639900000E+01
   3.84770600000E+01   3.97956700000E+01   4.11289200000E+01   4.25158100000E+01
   4.38633300000E+01   4.51618400000E+01   4.64170300000E+01   4.76295800000E+01
   4.89081900000E+01   5.01783000000E+01   5.14272300000E+01   5.26643400000E+01
   5.39058900000E+01   5.70222500000E+01   6.01372100000E+01   6.33597600000E+01
   6.64967100000E+01   7.28883600000E+01   7.91073400000E+01   8.54124900000E+01
   9.17451500000E+01   9.81765000000E+01   1.04542900000E+02   1.11022200000E+02
   1.17541500000E+02   1.25616400000E+02   1.37209500000E+02                   5
   0.00000000000E+00                   1                   1                  89
   0.00000000000E+00   1.02379700000E-05   2.86158200000E-05   6.13567200000E-05
   1.13372000000E-04   1.90482700000E-04   2.99756800000E-04   4.49969400000E-04
   6.52250400000E-04   9.21004000000E-04   1.27518300000E-03   1.73989100000E-03
   2.34789700000E-03   3.13931700000E-03   4.15463900000E-03   5.41381400000E-03
   6.89055300000E-03   8.54233700000E-03   1.04257200000E-02   1.27465100000E-02
   1.57805500000E-02   1.98225400000E-02   2.52119700000E-02   3.23782700000E-02
   4.18720000000E-02   5.43695300000E-02   7.06260400000E-02   9.12866900000E-02
   1.16337200000E-01   1.44021600000E-01   1.69788000000E-01   1.87064900000E-01
   1.90998100000E-01   1.82000500000E-01   1.64823400000E-01   1.44780600000E-01
   1.25389400000E-01   1.08239100000E-01   9.37167200000E-02   8.16526500000E-02
   6.32986500000E-02   5.05910700000E-02   4.15364200000E-02   3.48780700000E-02
   2.98370600000E-02   2.59225400000E-02   2.28169800000E-02   2.03091000000E-02
   1.82543300000E-02   1.65511100000E-02   1.39257600000E-02   1.20440300000E-02
   1.06764000000E-02   9.67642500000E-03   8.94461200000E-03   8.41039000000E-03
   8.02227700000E-03   7.74211700000E-03   7.54138200000E-03   7.39865300000E-03
   7.29782100000E-03   7.22675800000E-03   7.17634400000E-03   7.13972200000E-03
   7.11175600000E-03   7.08860500000E-03   7.06742000000E-03   7.04610400000E-03
   7.02313100000E-03   6.99741600000E-03   6.96821100000E-03   6.93502600000E-03
   6.89756800000E-03   6.85569700000E-03   6.80939100000E-03   6.67483000000E-03
   6.51578300000E-03   6.33630100000E-03   6.14109600000E-03   5.72338100000E-03
   5.30193400000E-03   4.91382100000E-03   4.59311000000E-03   4.19462200000E-03
   3.85046100000E-03   3.55080100000E-03   3.28799100000E-03   3.05599400000E-03
   2.84998700000E-03                   1                   1                 446
                 519                 592                 593                 594
                 595                 743                 744                 744
                 745                   2                   1               51877
               51968               52059               52060               52061
               52062               52234               52235               52235
               52236                   9                   1               65888
               65964               66040               66041               66042
               66043               66195               66196               66196
               66197                  31                   1              118391
              118453              118515              118516              118517
              118518              118644              118645              118645
              118646                  32                   1              162796
              162855              162914              162915              162916
              162917              163037              163038              163038
              163039                  33                   1              205604
              205665              205726              205727              205728
              205729              205853              205854              205854
              205855                  34                   1              249534
              249622              249710              249711              249712
              249713              249887              249888              249888
              249889                  19                  71   0.00000000000E+00
   1.23258300000E-02   1.55453300000E-02   1.96340900000E-02   2.49649300000E-02
   3.19916300000E-02   4.13926400000E-02   5.36423300000E-02   6.94864900000E-02
   8.96104000000E-02   1.13978000000E-01   1.40845500000E-01   1.65738800000E-01
   1.82412300000E-01   1.86102900000E-01   1.77278300000E-01   1.60576600000E-01
   1.45451400000E-01   1.47811700000E-01   1.44236100000E-01   1.36127500000E-01
   1.24753700000E-01   1.03182300000E-01   8.56309500000E-02   7.17817500000E-02
   6.06016600000E-02   5.17178900000E-02   4.47370400000E-02   3.91911100000E-02
   3.46363200000E-02   3.09289900000E-02   2.78847500000E-02   2.34874000000E-02
   2.12913600000E-02   1.99084000000E-02   1.86723900000E-02   1.76625500000E-02
   1.68757200000E-02   1.62731400000E-02   1.60024600000E-02   1.59457200000E-02
   1.59967100000E-02   1.60780000000E-02   1.61645400000E-02   1.62530000000E-02
   1.63679000000E-02   1.65331500000E-02   1.67054200000E-02   1.69009800000E-02
   1.70847000000E-02   1.72586500000E-02   1.74185300000E-02   1.75901000000E-02
   1.77131800000E-02   1.78654500000E-02   1.79996600000E-02   1.80900600000E-02
   1.83285000000E-02   1.84400500000E-02   1.84512800000E-02   1.83970100000E-02
   1.81075700000E-02   1.76643500000E-02   1.71764200000E-02   1.67655300000E-02
   1.59947000000E-02   1.52883200000E-02   1.46448100000E-02   1.40419800000E-02
   1.42441000000E-02   1.37171700000E-02                  19                  71
   0.00000000000E+00   2.90097700000E-01   4.58515700000E-01   6.24910500000E-01
   7.88560100000E-01   9.50332800000E-01   1.05699200000E+00   1.16090900000E+00
   1.26334300000E+00   1.36592400000E+00   1.40053700000E+00   1.43521300000E+00
   1.46972200000E+00   1.50528600000E+00   1.52283100000E+00   1.54104500000E+00
   1.56004300000E+00   1.62801700000E+00   1.90406100000E+00   2.14535800000E+00
   2.33083300000E+00   2.44361900000E+00   2.71850900000E+00   2.93844000000E+00
   3.24222300000E+00   3.50316400000E+00   3.76361000000E+00   4.01493600000E+00
   4.22106400000E+00   4.41468900000E+00   4.60048100000E+00   4.78786100000E+00
   5.21426500000E+00   5.73923600000E+00   6.34290500000E+00   6.95256500000E+00
   7.51235000000E+00   8.11867200000E+00   8.69790400000E+00   9.27419900000E+00
   9.90821200000E+00   1.05413900000E+01   1.11770300000E+01   1.18190600000E+01
   1.24445200000E+01   1.30907200000E+01   1.37757700000E+01   1.44250000000E+01
   1.51046200000E+01   1.57885300000E+01   1.64813500000E+01   1.71812900000E+01
   1.78755500000E+01   1.85444100000E+01   1.92694900000E+01   2.00032500000E+01
   2.07164300000E+01   2.25005400000E+01   2.43113100000E+01   2.60793600000E+01
   2.79239600000E+01   3.14605100000E+01   3.52045000000E+01   3.87544400000E+01
   4.23676800000E+01   4.58127500000E+01   4.93207300000E+01   5.26744500000E+01
   5.60369700000E+01   5.77439500000E+01   5.61010600000E+01                   5
                  -1                   1                   6                   5
                   0                  72   1.00000000000E+00   9.67831300000E+00
   1.00000000000E+01   1.05000000000E+01   1.10000000000E+01   1.15000000000E+01
   1.20000000000E+01   1.25000000000E+01   1.30000000000E+01   1.35000000000E+01
   1.40000000000E+01   1.45000000000E+01   1.50000000000E+01   1.55000000000E+01
   1.60000000000E+01   1.65000000000E+01   1.70000000000E+01   1.75000000000E+01
   1.80000000000E+01   1.85000000000E+01   1.90000000000E+01   1.95000000000E+01
   2.00000000000E+01   2.10000000000E+01   2.20000000000E+01   2.30000000000E+01
   2.40000000000E+01   2.50000000000E+01   2.60000000000E+01   2.70000000000E+01
   2.80000000000E+01   2.90000000000E+01   3.00000000000E+01   3.20000000000E+01
   3.40000000000E+01   3.60000000000E+01   3.80000000000E+01   4.00000000000E+01
   4.20000000000E+01   4.40000000000E+01   4.60000000000E+01   4.80000000000E+01
   5.00000000000E+01   5.20000000000E+01   5.40000000000E+01   5.60000000000E+01
   5.80000000000E+01   6.00000000000E+01   6.20000000000E+01   6.40000000000E+01
   6.60000000000E+01   6.80000000000E+01   7.00000000000E+01   7.20000000000E+01
   7.40000000000E+01   7.60000000000E+01   7.80000000000E+01   8.00000000000E+01
   8.50000000000E+01   9.00000000000E+01   9.50000000000E+01   1.00000000000E+02
   1.10000000000E+02   1.20000000000E+02   1.30000000000E+02   1.40000000000E+02
   1.50000000000E+02   1.60000000000E+02   1.70000000000E+02   1.80000000000E+02
   1.90000000000E+02   2.00000000000E+02   0.00000000000E+00   0.00000000000E+00
   9.66996500000E-01   9.85094300000E-01   9.90493100000E-01   9.90201500000E-01
   9.88058700000E-01   9.88551800000E-01   9.86624900000E-01   9.83865000000E-01
   9.81637100000E-01   9.79721000000E-01   9.77947100000E-01   9.76151400000E-01
   9.75128400000E-01   9.74370400000E-01   9.74053900000E-01   9.74234200000E-01
   1.00463300000E+00   1.17882100000E+00   1.33256900000E+00   1.45254200000E+00
   1.52785900000E+00   1.63008700000E+00   1.69261000000E+00   1.72816400000E+00
   1.73752900000E+00   1.73334400000E+00   1.72579700000E+00   1.71762900000E+00
   1.70545800000E+00   1.69433700000E+00   1.68476600000E+00   1.68661500000E+00
   1.76779400000E+00   1.86471100000E+00   1.92967900000E+00   1.97465800000E+00
   2.00653200000E+00   2.02849400000E+00   2.06693600000E+00   2.11442900000E+00
   2.16211100000E+00   2.20312300000E+00   2.23676200000E+00   2.26480200000E+00
   2.29251200000E+00   2.32476300000E+00   2.35665800000E+00   2.39139300000E+00
   2.42470200000E+00   2.45740100000E+00   2.48928000000E+00   2.52433500000E+00
   2.55416200000E+00   2.59010900000E+00   2.62550400000E+00   2.65663400000E+00
   2.74591300000E+00   2.83005900000E+00   2.91199600000E+00   2.99572100000E+00
   3.16378900000E+00   3.33168000000E+00   3.49553200000E+00   3.65014800000E+00
   3.81314500000E+00   3.97051700000E+00   4.12436800000E+00   4.27068700000E+00
   4.66103700000E+00   4.81306400000E+00                   0                   1
                   0                   4                  10                   0
                   2   1.00000000000E+00   2.00000000000E+02   1.00000000000E+00
   1.00000000000E+00                   0                  31   1.00000000000E+00
   9.67831300000E+00   1.00000000000E+01   1.20000000000E+01   1.40000000000E+01
   1.60000000000E+01   1.80000000000E+01   2.00000000000E+01   2.20000000000E+01
   2.40000000000E+01   2.60000000000E+01   2.80000000000E+01   3.00000000000E+01
   3.20000000000E+01   3.60000000000E+01   4.00000000000E+01   4.40000000000E+01
   4.80000000000E+01   5.00000000000E+01   5.20000000000E+01   5.60000000000E+01
   6.00000000000E+01   7.00000000000E+01   8.00000000000E+01   9.00000000000E+01
   1.00000000000E+02   1.20000000000E+02   1.40000000000E+02   1.60000000000E+02
   1.80000000000E+02   2.00000000000E+02                  74                  85
                  96                 113                 340                 837
                1510                2293                3322                4442
                5640                6890                8192                9546
               10939               12397               14139               15926
               17758               19605               21467               23359
               25281               27510               29790               32376
               34981               37923               41191               44482
               47796                   2                   3   0.00000000000E+00
   5.00000000000E-07   1.00000000000E-06   0.00000000000E+00   2.00000000000E+06
   0.00000000000E+00   0.00000000000E+00   5.00000000000E-01   1.00000000000E+00
                   2                   3   0.00000000000E+00   5.00000000000E-07
   1.00000000000E-06   0.00000000000E+00   2.00000000000E+06   0.00000000000E+00
   0.00000000000E+00   5.00000000000E-01   1.00000000000E+00                   2
                   5   0.00000000000E+00   2.50000000000E-02   1.00000000000E-01
   2.00000000000E-01   3.00000000000E-01   0.00000000000E+00   7.51235000000E-05
   1.22964000000E-05   1.69066000000E-06   1.99999000000E+01   0.00000000000E+00
   9.39043749000E-07   4.21729000000E-06   4.91664299000E-06   1.00000000000E+00
                   2                  25   0.00000000000E+00   2.50000000000E-02
   1.00000000000E-01   2.00000000000E-01   3.00000000000E-01   4.00000000000E-01
   5.00000000000E-01   6.00000000000E-01   7.00000000000E-01   8.00000000000E-01
   9.00000000000E-01   1.00000000000E+00   1.10000000000E+00   1.20000000000E+00
   1.30000000000E+00   1.40000000000E+00   1.50000000000E+00   1.60000000000E+00
   1.70000000000E+00   1.80000000000E+00   1.90000000000E+00   2.00000000000E+00
   2.10000000000E+00   2.20000000000E+00   2.30000000000E+00   0.00000000000E+00
   2.02446700000E-01   8.06563300000E-01   1.55387800000E+00   5.20333000000E-04
   4.82787000000E-04   4.37750000000E-04   1.19412300000E+00   3.41333000000E-04
   2.59456000000E+00   2.53318000000E-04   1.69625000000E-01   1.39589000000E-04
   1.09458000000E-04   8.47279000000E-05   2.43256500000E+00   4.30094000000E-05
   2.63139000000E-05   1.57926000000E-05   8.63710000000E-06   4.32696000000E-06
   1.80545000000E-06   5.31855000000E-07   6.12683000000E-08   2.49162700000E+00
   0.00000000000E+00   2.53058362000E-03   4.03684567000E-02   1.58390516000E-01
   2.36110428000E-01   2.36160584000E-01   2.36206611000E-01   2.95934646000E-01
   3.55657859000E-01   4.85402919000E-01   6.15143578000E-01   6.23637494000E-01
   6.32125723000E-01   6.32138175000E-01   6.32147885000E-01   7.53780365000E-01
   8.75410759000E-01   8.75414225000E-01   8.75416330000E-01   8.75417552000E-01
   8.75418200000E-01   8.75418507000E-01   8.75418624000E-01   8.75418653000E-01
   1.00000000000E+00                   0                   0                   0
                   0                   0                   0                   0
                   0                   0                   0                   0
                   0                   0                   0                   0
                   0                   0                   0                   0
                   0                   0                   0                   0
                   0                   0                   0                   0
                   0                   0                   0                   0
                   0                   0                   0                   0
                   0                   0                   0                   0
                   0                   0                   0                   0
                   0                   0                   0                   0
                   0                   0                   0                   0
                   0                   0                   0                   0
                   0                   0                   0                   0
                   0                   0                   0                   0
                   0                   0                   0                   0
                   0                   0                   0                   0
                   0                   0                   0                   0
                   0                   0                   0                   0
                   0                   0                   0                   0
                   0                   0                   0                   0
                   0                   0                   0                   0
                   0                   0                   0                   0
                   0                   0                   0                   0
                   0                   0                   0                   0
                   0                   0                   0                   0
                   0                   0                   0                   0
                   0                   0                   0                   0
                   0                   0                   0                   0
                   0                   0                   0                   0
                   0                   0                   0                   0
                   0                   0                   0                   0
                   0
