 42095.00u   94.090550  0.0000E+00   02/26/20
Ace Mo95 IAEA-PD                                                         mat4234
      0         0.      0         0.      0         0.      0         0.
      0         0.      0         0.      0         0.      0         0.
      0         0.      0         0.      0         0.      0         0.
      0         0.      0         0.      0         0.      0         0.
   326867    42095       89        1        7        2       12        0
        0        0        0        0        0        0        0        1
        1       90       90        0      179      268      269      270
      271      362      446        0        0        0        0        0
        0        0        0        0        0        0        0        0
        0        0        0        0        0        0        0        0
   9.99999000000E-01   1.00000000000E+00   1.50000000000E+00   2.00000000000E+00
   2.50000000000E+00   3.00000000000E+00   3.50000000000E+00   4.00000000000E+00
   4.50000000000E+00   5.00000000000E+00   5.50000000000E+00   6.00000000000E+00
   6.50000000000E+00   7.00000000000E+00   7.50000000000E+00   8.00000000000E+00
   8.50000000000E+00   9.00000000000E+00   9.50000000000E+00   1.00000000000E+01
   1.05000000000E+01   1.10000000000E+01   1.15000000000E+01   1.20000000000E+01
   1.25000000000E+01   1.30000000000E+01   1.35000000000E+01   1.40000000000E+01
   1.45000000000E+01   1.50000000000E+01   1.55000000000E+01   1.60000000000E+01
   1.65000000000E+01   1.70000000000E+01   1.75000000000E+01   1.80000000000E+01
   1.85000000000E+01   1.90000000000E+01   1.95000000000E+01   2.00000000000E+01
   2.10000000000E+01   2.20000000000E+01   2.30000000000E+01   2.40000000000E+01
   2.50000000000E+01   2.60000000000E+01   2.70000000000E+01   2.80000000000E+01
   2.90000000000E+01   3.00000000000E+01   3.20000000000E+01   3.40000000000E+01
   3.60000000000E+01   3.80000000000E+01   4.00000000000E+01   4.20000000000E+01
   4.40000000000E+01   4.60000000000E+01   4.80000000000E+01   5.00000000000E+01
   5.20000000000E+01   5.40000000000E+01   5.60000000000E+01   5.80000000000E+01
   6.00000000000E+01   6.20000000000E+01   6.40000000000E+01   6.60000000000E+01
   6.80000000000E+01   7.00000000000E+01   7.20000000000E+01   7.40000000000E+01
   7.60000000000E+01   7.80000000000E+01   8.00000000000E+01   8.50000000000E+01
   9.00000000000E+01   9.50000000000E+01   1.00000000000E+02   1.10000000000E+02
   1.20000000000E+02   1.30000000000E+02   1.40000000000E+02   1.50000000000E+02
   1.60000000000E+02   1.70000000000E+02   1.80000000000E+02   1.90000000000E+02
   2.00000000000E+02   0.00000000000E+00   1.14033600000E-05   3.20137000000E-05
   6.88531300000E-05   1.27514700000E-04   2.14629900000E-04   3.38254900000E-04
   5.08398100000E-04   7.37759400000E-04   1.04277800000E-03   1.44507800000E-03
   1.97327200000E-03   2.66461000000E-03   3.56438500000E-03   4.71744400000E-03
   6.14389700000E-03   7.81189000000E-03   9.67780500000E-03   1.18163800000E-02
   1.44654800000E-02   1.79339500000E-02   2.25502400000E-02   2.86927100000E-02
   3.68355500000E-02   4.75738200000E-02   6.16095900000E-02   7.96626800000E-02
   1.02200600000E-01   1.28782700000E-01   1.56983400000E-01   1.81718000000E-01
   1.96695900000E-01   1.98203700000E-01   1.87632900000E-01   1.69829400000E-01
   1.49682700000E-01   1.30323800000E-01   1.13159700000E-01   9.85346700000E-02
   8.62938200000E-02   6.74689400000E-02   5.42605500000E-02   4.47443400000E-02
   3.76822400000E-02   3.22942400000E-02   2.80825100000E-02   2.47217300000E-02
   2.19936400000E-02   1.97479300000E-02   1.78783800000E-02   1.49800200000E-02
   1.28874000000E-02   1.13559200000E-02   1.02282500000E-02   9.39673400000E-03
   8.78451800000E-03   8.33525200000E-03   8.00699600000E-03   7.76829200000E-03
   7.59545800000E-03   7.47063400000E-03   7.38034900000E-03   7.31444000000E-03
   7.26525200000E-03   7.22702300000E-03   7.19543300000E-03   7.16725400000E-03
   7.14009600000E-03   7.11220100000E-03   7.08230400000E-03   7.04951000000E-03
   7.01321400000E-03   6.97303400000E-03   6.92875500000E-03   6.88029700000E-03
   6.74118900000E-03   6.57840600000E-03   6.39569300000E-03   6.19758900000E-03
   5.77471700000E-03   5.34876000000E-03   4.95678600000E-03   4.63299400000E-03
   4.23088600000E-03   3.88364300000E-03   3.58132700000E-03   3.31620600000E-03
   3.08218100000E-03   2.87438100000E-03   0.00000000000E+00   1.00000000000E+00
   5.82565700000E-01   1.65132300000E-01   2.20809000000E-01   2.38529400000E-01
   2.24872000000E-01   1.83135700000E-01   2.11644800000E-01   2.16350800000E-01
   1.92033100000E-01   1.34429500000E-01   1.90010300000E-01   2.22901400000E-01
   1.77287100000E+00   5.31010300000E+00   5.85192900000E+00   6.60472200000E+00
   6.80253600000E+00   7.33198300000E+00   7.09670500000E+00   7.10080300000E+00
   7.24479500000E+00   7.31916100000E+00   7.35191300000E+00   7.35922900000E+00
   7.35366100000E+00   7.34360700000E+00   7.37136300000E+00   7.39979400000E+00
   7.42408100000E+00   7.44457000000E+00   7.65573600000E+00   7.86822500000E+00
   8.61586800000E+00   1.00621200000E+01   1.15596000000E+01   1.27282500000E+01
   1.35458100000E+01   1.41954000000E+01   1.49367000000E+01   1.56238400000E+01
   1.60066900000E+01   1.63581700000E+01   1.65943600000E+01   1.68218400000E+01
   1.75026800000E+01   1.82467100000E+01   1.91939200000E+01   2.00428200000E+01
   2.16574100000E+01   2.27988100000E+01   2.40803100000E+01   2.50923100000E+01
   2.63649600000E+01   2.80940300000E+01   2.97286200000E+01   3.12523500000E+01
   3.26362800000E+01   3.38523600000E+01   3.50630000000E+01   3.63312400000E+01
   3.75831300000E+01   3.89367600000E+01   4.03010900000E+01   4.15894700000E+01
   4.28734100000E+01   4.41669400000E+01   4.54422500000E+01   4.67528000000E+01
   4.80366800000E+01   4.93272000000E+01   5.05554800000E+01   5.18009200000E+01
   5.30207100000E+01   5.61193100000E+01   5.91440700000E+01   6.22491300000E+01
   6.53711800000E+01   7.16298700000E+01   7.78300600000E+01   8.41832500000E+01
   9.03539400000E+01   9.68067700000E+01   1.03151400000E+02   1.09611600000E+02
   1.16027900000E+02   1.23732500000E+02   1.35244900000E+02                   5
   0.00000000000E+00                   1                   1                  89
   0.00000000000E+00   1.14033600000E-05   3.20137000000E-05   6.88531300000E-05
   1.27514700000E-04   2.14629900000E-04   3.38254900000E-04   5.08398100000E-04
   7.37759400000E-04   1.04277800000E-03   1.44507800000E-03   1.97327200000E-03
   2.66461000000E-03   3.56438500000E-03   4.71744400000E-03   6.14389700000E-03
   7.81189000000E-03   9.67780500000E-03   1.18163800000E-02   1.44654800000E-02
   1.79339500000E-02   2.25502400000E-02   2.86927100000E-02   3.68355500000E-02
   4.75738200000E-02   6.16095900000E-02   7.96626800000E-02   1.02200600000E-01
   1.28782700000E-01   1.56983400000E-01   1.81718000000E-01   1.96695900000E-01
   1.98203700000E-01   1.87632900000E-01   1.69829400000E-01   1.49682700000E-01
   1.30323800000E-01   1.13159700000E-01   9.85346700000E-02   8.62938200000E-02
   6.74689400000E-02   5.42605500000E-02   4.47443400000E-02   3.76822400000E-02
   3.22942400000E-02   2.80825100000E-02   2.47217300000E-02   2.19936400000E-02
   1.97479300000E-02   1.78783800000E-02   1.49800200000E-02   1.28874000000E-02
   1.13559200000E-02   1.02282500000E-02   9.39673400000E-03   8.78451800000E-03
   8.33525200000E-03   8.00699600000E-03   7.76829200000E-03   7.59545800000E-03
   7.47063400000E-03   7.38034900000E-03   7.31444000000E-03   7.26525200000E-03
   7.22702300000E-03   7.19543300000E-03   7.16725400000E-03   7.14009600000E-03
   7.11220100000E-03   7.08230400000E-03   7.04951000000E-03   7.01321400000E-03
   6.97303400000E-03   6.92875500000E-03   6.88029700000E-03   6.74118900000E-03
   6.57840600000E-03   6.39569300000E-03   6.19758900000E-03   5.77471700000E-03
   5.34876000000E-03   4.95678600000E-03   4.63299400000E-03   4.23088600000E-03
   3.88364300000E-03   3.58132700000E-03   3.31620600000E-03   3.08218100000E-03
   2.87438100000E-03                   1                   1                 446
                 524                 602                 603                 604
                 605                 763                 764                 764
                 765                   2                   1               55450
               55541               55632               55633               55634
               55635               55813               55814               55814
               55815                   9                   1               69549
               69624               69699               69700               69701
               69702               69854               69855               69855
               69856                  31                   1              123173
              123238              123303              123304              123305
              123306              123438              123439              123439
              123440                  32                   1              169704
              169764              169824              169825              169826
              169827              169949              169950              169950
              169951                  33                   1              213876
              213939              214002              214003              214004
              214005              214135              214136              214136
              214137                  34                   1              259704
              259791              259878              259879              259880
              259881              260057              260058              260058
              260059                  14                  76   0.00000000000E+00
   1.03950200000E-03   4.39602300000E-03   7.26592600000E-03   9.48740200000E-03
   1.16679900000E-02   1.43595200000E-02   1.78430800000E-02   2.24554500000E-02
   2.85685400000E-02   3.66673400000E-02   4.73374300000E-02   6.12633300000E-02
   7.91429500000E-02   1.01414800000E-01   1.27610300000E-01   1.55299100000E-01
   1.79445000000E-01   1.93842500000E-01   1.94878200000E-01   1.84030800000E-01
   1.80031200000E-01   1.84408300000E-01   1.79630200000E-01   1.68777400000E-01
   1.54181600000E-01   1.40605700000E-01   1.14852200000E-01   9.42111800000E-02
   7.83643400000E-02   6.62330200000E-02   5.67341700000E-02   4.93979800000E-02
   4.45437600000E-02   4.10638400000E-02   3.83721400000E-02   3.60722400000E-02
   3.19400500000E-02   2.83036900000E-02   2.52932000000E-02   2.29315000000E-02
   2.11698900000E-02   2.00432800000E-02   1.94402300000E-02   1.91279900000E-02
   1.89246100000E-02   1.88511900000E-02   1.88234800000E-02   1.88511600000E-02
   1.89635900000E-02   1.91077600000E-02   1.93133800000E-02   1.94530300000E-02
   1.96569700000E-02   1.98251100000E-02   1.99986900000E-02   2.01285200000E-02
   2.02844600000E-02   2.04148300000E-02   2.05870900000E-02   2.06839000000E-02
   2.07531800000E-02   2.08986600000E-02   2.09593700000E-02   2.09696600000E-02
   2.08056900000E-02   2.04192100000E-02   1.97941500000E-02   1.91731700000E-02
   1.87056000000E-02   1.77565400000E-02   1.69175000000E-02   1.61665200000E-02
   1.54757500000E-02   1.57068500000E-02   1.50949200000E-02                  14
                  76   0.00000000000E+00   2.74265900000E-02   4.29254700000E-01
   6.39637500000E-01   7.60215500000E-01   8.52403800000E-01   9.44050400000E-01
   1.05407100000E+00   1.16295300000E+00   1.27076200000E+00   1.37838500000E+00
   1.43015200000E+00   1.48150500000E+00   1.53240000000E+00   1.58278400000E+00
   1.60407600000E+00   1.62495600000E+00   1.64550100000E+00   1.66559200000E+00
   1.63051200000E+00   1.59533600000E+00   1.69058900000E+00   1.92562600000E+00
   2.18184300000E+00   2.39070600000E+00   2.53931300000E+00   2.67669600000E+00
   2.93231400000E+00   3.12939000000E+00   3.39929300000E+00   3.65505400000E+00
   3.88606600000E+00   4.12416800000E+00   4.35360500000E+00   4.64514200000E+00
   4.95019100000E+00   5.26047900000E+00   5.91640700000E+00   6.57318900000E+00
   7.15204800000E+00   7.70774000000E+00   8.25637400000E+00   8.79411900000E+00
   9.43119900000E+00   1.00830700000E+01   1.07136700000E+01   1.13526700000E+01
   1.20094200000E+01   1.26341400000E+01   1.32908500000E+01   1.39416700000E+01
   1.46327500000E+01   1.52995500000E+01   1.60241900000E+01   1.67324400000E+01
   1.74613300000E+01   1.81706000000E+01   1.88675000000E+01   1.95634600000E+01
   2.03254300000E+01   2.10401000000E+01   2.17529300000E+01   2.35538300000E+01
   2.54363500000E+01   2.73109500000E+01   2.91257600000E+01   3.27896400000E+01
   3.65273100000E+01   4.00473400000E+01   4.37511800000E+01   4.71754700000E+01
   5.07262900000E+01   5.41303200000E+01   5.75767800000E+01   5.95781300000E+01
   5.80003100000E+01                   5                  -1                   1
                   6                   5                   0                  77
   1.00000000000E+00   7.36911000000E+00   7.50000000000E+00   8.00000000000E+00
   8.50000000000E+00   9.00000000000E+00   9.50000000000E+00   1.00000000000E+01
   1.05000000000E+01   1.10000000000E+01   1.15000000000E+01   1.20000000000E+01
   1.25000000000E+01   1.30000000000E+01   1.35000000000E+01   1.40000000000E+01
   1.45000000000E+01   1.50000000000E+01   1.55000000000E+01   1.60000000000E+01
   1.65000000000E+01   1.70000000000E+01   1.75000000000E+01   1.80000000000E+01
   1.85000000000E+01   1.90000000000E+01   1.95000000000E+01   2.00000000000E+01
   2.10000000000E+01   2.20000000000E+01   2.30000000000E+01   2.40000000000E+01
   2.50000000000E+01   2.60000000000E+01   2.70000000000E+01   2.80000000000E+01
   2.90000000000E+01   3.00000000000E+01   3.20000000000E+01   3.40000000000E+01
   3.60000000000E+01   3.80000000000E+01   4.00000000000E+01   4.20000000000E+01
   4.40000000000E+01   4.60000000000E+01   4.80000000000E+01   5.00000000000E+01
   5.20000000000E+01   5.40000000000E+01   5.60000000000E+01   5.80000000000E+01
   6.00000000000E+01   6.20000000000E+01   6.40000000000E+01   6.60000000000E+01
   6.80000000000E+01   7.00000000000E+01   7.20000000000E+01   7.40000000000E+01
   7.60000000000E+01   7.80000000000E+01   8.00000000000E+01   8.50000000000E+01
   9.00000000000E+01   9.50000000000E+01   1.00000000000E+02   1.10000000000E+02
   1.20000000000E+02   1.30000000000E+02   1.40000000000E+02   1.50000000000E+02
   1.60000000000E+02   1.70000000000E+02   1.80000000000E+02   1.90000000000E+02
   2.00000000000E+02   0.00000000000E+00   0.00000000000E+00   2.20352800000E-01
   7.15510500000E-01   9.30111200000E-01   9.80325800000E-01   9.87442000000E-01
   9.92675000000E-01   9.94933100000E-01   9.95796500000E-01   9.95672400000E-01
   9.95433500000E-01   9.95031100000E-01   9.94379800000E-01   9.93475900000E-01
   9.92311200000E-01   9.90896300000E-01   9.89270800000E-01   9.87491600000E-01
   9.85493300000E-01   9.83221800000E-01   9.80802400000E-01   1.06007100000E+00
   1.23199500000E+00   1.37833800000E+00   1.49149700000E+00   1.56474500000E+00
   1.62938300000E+00   1.70229700000E+00   1.73627400000E+00   1.75138000000E+00
   1.75767200000E+00   1.75678900000E+00   1.75903000000E+00   1.80180600000E+00
   1.86707800000E+00   1.94309700000E+00   2.01764600000E+00   2.13217700000E+00
   2.19623000000E+00   2.22731400000E+00   2.24197700000E+00   2.25289900000E+00
   2.28166000000E+00   2.33229100000E+00   2.38891000000E+00   2.43613500000E+00
   2.48190300000E+00   2.51966300000E+00   2.55423700000E+00   2.59262400000E+00
   2.63002000000E+00   2.67238400000E+00   2.70352500000E+00   2.74260800000E+00
   2.77658900000E+00   2.81188500000E+00   2.84208600000E+00   2.87742800000E+00
   2.91090900000E+00   2.95238600000E+00   2.98522600000E+00   3.01632000000E+00
   3.10014400000E+00   3.18608600000E+00   3.27871600000E+00   3.35706200000E+00
   3.53596700000E+00   3.70069900000E+00   3.86806500000E+00   4.03747600000E+00
   4.19688500000E+00   4.35609000000E+00   4.51411400000E+00   4.66670300000E+00
   5.09601800000E+00   5.25153800000E+00                   0                   1
                   0                   4                  10                   0
                   2   1.00000000000E+00   2.00000000000E+02   1.00000000000E+00
   1.00000000000E+00                   0                  32   1.00000000000E+00
   7.36911000000E+00   8.00000000000E+00   1.00000000000E+01   1.20000000000E+01
   1.40000000000E+01   1.60000000000E+01   1.80000000000E+01   2.00000000000E+01
   2.20000000000E+01   2.40000000000E+01   2.60000000000E+01   2.80000000000E+01
   3.00000000000E+01   3.20000000000E+01   3.60000000000E+01   4.00000000000E+01
   4.40000000000E+01   4.80000000000E+01   5.00000000000E+01   5.20000000000E+01
   5.60000000000E+01   6.00000000000E+01   7.00000000000E+01   8.00000000000E+01
   9.00000000000E+01   1.00000000000E+02   1.20000000000E+02   1.40000000000E+02
   1.60000000000E+02   1.80000000000E+02   2.00000000000E+02                  76
                  87                  98                 124                 322
                 756                1506                2421                3424
                4493                5821                7201                8620
               10091               11588               13111               14686
               16548               18455               20392               22344
               24311               26293               28305               30619
               32967               35629               38310               41315
               44629               47966               51326                   2
                   3   0.00000000000E+00   5.00000000000E-07   1.00000000000E-06
   0.00000000000E+00   2.00000000000E+06   0.00000000000E+00   0.00000000000E+00
   5.00000000000E-01   1.00000000000E+00                   2                   3
   0.00000000000E+00   5.00000000000E-07   1.00000000000E-06   0.00000000000E+00
   2.00000000000E+06   0.00000000000E+00   0.00000000000E+00   5.00000000000E-01
   1.00000000000E+00                   2                   8   0.00000000000E+00
   2.50000000000E-02   1.00000000000E-01   2.00000000000E-01   3.00000000000E-01
   4.00000000000E-01   5.00000000000E-01   6.00000000000E-01   0.00000000000E+00
   6.89848900000E-04   4.74499000000E-04   4.85477000000E-04   3.16641000000E-04
   1.24714000000E-04   1.87861000000E-05   1.99965900000E+01   0.00000000000E+00
   8.62311187000E-06   5.22861587000E-05   1.00284955000E-04   1.40390852000E-04
   1.62458601000E-04   1.69633605000E-04   1.00000000000E+00                   2
                  28   0.00000000000E+00   2.50000000000E-02   1.00000000000E-01
   2.00000000000E-01   3.00000000000E-01   4.00000000000E-01   5.00000000000E-01
   6.00000000000E-01   7.00000000000E-01   8.00000000000E-01   9.00000000000E-01
   1.00000000000E+00   1.10000000000E+00   1.20000000000E+00   1.30000000000E+00
   1.40000000000E+00   1.50000000000E+00   1.60000000000E+00   1.70000000000E+00
   1.80000000000E+00   1.90000000000E+00   2.00000000000E+00   2.10000000000E+00
   2.20000000000E+00   2.30000000000E+00   2.40000000000E+00   2.50000000000E+00
   2.60000000000E+00   0.00000000000E+00   1.30833400000E-01   5.21998700000E-01
   8.47648500000E-01   8.90718800000E-01   9.41833000000E-04   5.77740300000E-01
   1.38794200000E+00   7.70542000000E-04   1.53491200000E+00   2.56079000000E-01
   2.25490000000E-04   1.42507100000E+00   1.31698000000E-04   1.01851000000E-04
   7.80712000000E-05   6.07942000000E-05   4.48065000000E-05   3.27182000000E-05
   2.20889400000E+00   1.45779000000E-05   8.82229000000E-06   4.76906000000E-06
   2.14839000000E-06   8.40580000000E-07   2.35423000000E-07   2.80326000000E-08
   6.92819200000E-01   0.00000000000E+00   1.63541750000E-03   2.61166213000E-02
   9.45989814000E-02   1.81517346000E-01   2.26100378000E-01   2.55034485000E-01
   3.53318600000E-01   4.22754227000E-01   4.99538354000E-01   5.89087904000E-01
   6.01903129000E-01   6.73167954000E-01   7.44428089000E-01   7.44439766000E-01
   7.44448762000E-01   7.44455705000E-01   7.44460985000E-01   7.44464862000E-01
   8.54911198000E-01   9.65356627000E-01   9.65357797000E-01   9.65358476000E-01
   9.65358822000E-01   9.65358972000E-01   9.65359025000E-01   9.65359039000E-01
   1.00000000000E+00                   0                   0                   0
                   0                   0                   0                   0
                   0                   0                   0                   0
                   0                   0                   0                   0
                   0                   0                   0                   0
                   0                   0                   0                   0
                   0                   0                   0                   0
                   0                   0                   0                   0
                   0                   0                   0                   0
                   0                   0                   0                   0
                   0                   0                   0                   0
                   0                   0                   0                   0
                   0                   0                   0                   0
                   0                   0                   0                   0
                   0                   0                   0                   0
                   0                   0                   0                   0
                   0                   0                   0                   0
                   0                   0                   0                   0
                   0                   0                   0                   0
                   0                   0                   0                   0
                   0                   0                   0                   0
                   0                   0                   0                   0
                   0                   0                   0                   0
                   0                   0                   0                   0
                   0                   0                   0                   0
                   0                   0                   0                   0
                   0                   0                   0                   0
                   0                   0                   0                   0
                   0                   2                  48                   0
                   0                   0                   0                   0
                   0                   1                   1                   1
                   1                   1                   1                   1
                   1   1.30000000000E+00   1.40000000000E+00                   2
                   2                   2                   2                   2
                   2                   2                   2                   2
   2.40000000000E+00   2.50000000000E+00   2.60000000000E+00   2.70000000000E+00
                   3                   3                   3                   3
                   3                   3                   3                   4
                   4                   4                   4   3.90000000000E+00
   4.00000000000E+00   4.10000000000E+00   4.20000000000E+00   4.30000000000E+00
   4.40000000000E+00   4.50000000000E+00   4.60000000000E+00                   0
                   0                   0                   0                   0
                   0                   0                   0                   0
                   0                   0                   0                   0
                   0                   0                   0                   1
                   1   3.39751400000E-01                   1   4.09522300000E-01
   3.59222200000E-02   3.39808700000E-01   2.60535900000E-01   2.28491600000E-01
   1.00378000000E-04   8.05504400000E-02   2.28889800000E-01   4.61342000000E-05
   2.36086600000E-01   6.15721600000E-02   1.89779000000E-05   2.06594700000E-01
   1.03931000000E-05   7.54811000000E-06   5.34824000000E-06   3.71171000000E-06
   2.52551000000E-06   1.68613000000E-06   2.56154700000E-01   6.87018000000E-07
   4.05155000000E-07   2.20161000000E-07   1.06068000000E-07   4.21700000000E-08
   1.17869000000E-08   1.39062000000E-09   6.96113500000E-02   0.00000000000E+00
   5.80223499000E-04   9.22176399000E-03   3.54924440000E-02   7.38592139000E-02
                   0
