 42096.00u   95.080810  0.0000E+00   02/26/20
Ace Mo96 IAEA-PD                                                         mat4237
      0         0.      0         0.      0         0.      0         0.
      0         0.      0         0.      0         0.      0         0.
      0         0.      0         0.      0         0.      0         0.
      0         0.      0         0.      0         0.      0         0.
   313523    42096       89        1        7        2       12        0
        0        0        0        0        0        0        0        1
        1       90       90        0      179      268      269      270
      271      362      446        0        0        0        0        0
        0        0        0        0        0        0        0        0
        0        0        0        0        0        0        0        0
   9.99999000000E-01   1.00000000000E+00   1.50000000000E+00   2.00000000000E+00
   2.50000000000E+00   3.00000000000E+00   3.50000000000E+00   4.00000000000E+00
   4.50000000000E+00   5.00000000000E+00   5.50000000000E+00   6.00000000000E+00
   6.50000000000E+00   7.00000000000E+00   7.50000000000E+00   8.00000000000E+00
   8.50000000000E+00   9.00000000000E+00   9.50000000000E+00   1.00000000000E+01
   1.05000000000E+01   1.10000000000E+01   1.15000000000E+01   1.20000000000E+01
   1.25000000000E+01   1.30000000000E+01   1.35000000000E+01   1.40000000000E+01
   1.45000000000E+01   1.50000000000E+01   1.55000000000E+01   1.60000000000E+01
   1.65000000000E+01   1.70000000000E+01   1.75000000000E+01   1.80000000000E+01
   1.85000000000E+01   1.90000000000E+01   1.95000000000E+01   2.00000000000E+01
   2.10000000000E+01   2.20000000000E+01   2.30000000000E+01   2.40000000000E+01
   2.50000000000E+01   2.60000000000E+01   2.70000000000E+01   2.80000000000E+01
   2.90000000000E+01   3.00000000000E+01   3.20000000000E+01   3.40000000000E+01
   3.60000000000E+01   3.80000000000E+01   4.00000000000E+01   4.20000000000E+01
   4.40000000000E+01   4.60000000000E+01   4.80000000000E+01   5.00000000000E+01
   5.20000000000E+01   5.40000000000E+01   5.60000000000E+01   5.80000000000E+01
   6.00000000000E+01   6.20000000000E+01   6.40000000000E+01   6.60000000000E+01
   6.80000000000E+01   7.00000000000E+01   7.20000000000E+01   7.40000000000E+01
   7.60000000000E+01   7.80000000000E+01   8.00000000000E+01   8.50000000000E+01
   9.00000000000E+01   9.50000000000E+01   1.00000000000E+02   1.10000000000E+02
   1.20000000000E+02   1.30000000000E+02   1.40000000000E+02   1.50000000000E+02
   1.60000000000E+02   1.70000000000E+02   1.80000000000E+02   1.90000000000E+02
   2.00000000000E+02   0.00000000000E+00   1.31677700000E-05   3.71337900000E-05
   8.01229800000E-05   1.48759600000E-04   2.50914000000E-04   3.96169300000E-04
   5.96457700000E-04   8.66949500000E-04   1.22730900000E-03   1.70341800000E-03
   2.32951300000E-03   3.15007100000E-03   4.21885300000E-03   5.58821000000E-03
   7.27976600000E-03   9.25474900000E-03   1.14686000000E-02   1.40228800000E-02
   1.72036600000E-02   2.13694000000E-02   2.68940700000E-02   3.41958000000E-02
   4.37687800000E-02   5.61690300000E-02   7.19190700000E-02   9.12807400000E-02
   1.13825300000E-01   1.37802200000E-01   1.59724400000E-01   1.75124400000E-01
   1.80789700000E-01   1.76731300000E-01   1.65837500000E-01   1.51828100000E-01
   1.37585800000E-01   1.24637400000E-01   1.13319300000E-01   1.03199000000E-01
   9.36755500000E-02   7.57604200000E-02   6.10403600000E-02   5.00184800000E-02
   4.18695400000E-02   3.57203200000E-02   3.09569000000E-02   2.71780400000E-02
   2.41202600000E-02   2.16062400000E-02   1.95131300000E-02   1.62626700000E-02
   1.39067400000E-02   1.21740000000E-02   1.08907300000E-02   9.93812400000E-03
   9.23122400000E-03   8.70760300000E-03   8.32070400000E-03   8.03553700000E-03
   7.82570900000E-03   7.67128000000E-03   7.55717300000E-03   7.47198900000E-03
   7.40711000000E-03   7.35602900000E-03   7.31384400000E-03   7.27687300000E-03
   7.24236400000E-03   7.20828000000E-03   7.17312800000E-03   7.13583800000E-03
   7.09566200000E-03   7.05210200000E-03   7.00485400000E-03   6.95376300000E-03
   6.80918000000E-03   6.64201600000E-03   6.45562100000E-03   6.25429700000E-03
   5.82588000000E-03   5.39521700000E-03   4.99928200000E-03   4.67235900000E-03
   4.26663000000E-03   3.91631700000E-03   3.61136300000E-03   3.34395100000E-03
   3.10792000000E-03   2.89835000000E-03   0.00000000000E+00   1.00000000000E+00
   9.59219000000E-01   9.18438800000E-01   8.77658700000E-01   8.36878600000E-01
   7.96098400000E-01   4.53645400000E-01   4.58240000000E-01   4.51575500000E-01
   4.34312100000E-01   4.03556300000E-01   4.06316700000E-01   3.88445400000E-01
   3.45487800000E-01   2.76628500000E-01   2.23337000000E+00   4.34116800000E+00
   8.67528400000E+00   9.17342000000E+00   9.16650100000E+00   9.14981300000E+00
   9.16670400000E+00   9.19727500000E+00   9.27910200000E+00   9.29535400000E+00
   9.25430000000E+00   9.16650100000E+00   9.18993800000E+00   9.19648900000E+00
   9.18378700000E+00   9.16363900000E+00   9.47759800000E+00   1.02441100000E+01
   1.13811000000E+01   1.21984000000E+01   1.28715800000E+01   1.33633800000E+01
   1.36993300000E+01   1.39632800000E+01   1.42701800000E+01   1.47509000000E+01
   1.50260500000E+01   1.53155300000E+01   1.54993600000E+01   1.56948300000E+01
   1.61259300000E+01   1.66950900000E+01   1.76354100000E+01   1.85569700000E+01
   2.02851500000E+01   2.15530100000E+01   2.27489500000E+01   2.39904400000E+01
   2.51616300000E+01   2.64827200000E+01   2.77464800000E+01   2.89519900000E+01
   3.01483700000E+01   3.13372300000E+01   3.25883900000E+01   3.38057900000E+01
   3.50066300000E+01   3.62746300000E+01   3.74957800000E+01   3.86787800000E+01
   3.98699900000E+01   4.10238000000E+01   4.21828000000E+01   4.33430900000E+01
   4.44846400000E+01   4.56243000000E+01   4.67597500000E+01   4.78869400000E+01
   4.91050500000E+01   5.20454300000E+01   5.48468700000E+01   5.77115100000E+01
   6.05906200000E+01   6.62651500000E+01   7.19023700000E+01   7.75127900000E+01
   8.32755300000E+01   8.90614500000E+01   9.47576700000E+01   1.00709800000E+02
   1.06514000000E+02   1.12365500000E+02   1.18388100000E+02                   5
   0.00000000000E+00                   1                   1                  89
   0.00000000000E+00   1.31677700000E-05   3.71337900000E-05   8.01229800000E-05
   1.48759600000E-04   2.50914000000E-04   3.96169300000E-04   5.96457700000E-04
   8.66949500000E-04   1.22730900000E-03   1.70341800000E-03   2.32951300000E-03
   3.15007100000E-03   4.21885300000E-03   5.58821000000E-03   7.27976600000E-03
   9.25474900000E-03   1.14686000000E-02   1.40228800000E-02   1.72036600000E-02
   2.13694000000E-02   2.68940700000E-02   3.41958000000E-02   4.37687800000E-02
   5.61690300000E-02   7.19190700000E-02   9.12807400000E-02   1.13825300000E-01
   1.37802200000E-01   1.59724400000E-01   1.75124400000E-01   1.80789700000E-01
   1.76731300000E-01   1.65837500000E-01   1.51828100000E-01   1.37585800000E-01
   1.24637400000E-01   1.13319300000E-01   1.03199000000E-01   9.36755500000E-02
   7.57604200000E-02   6.10403600000E-02   5.00184800000E-02   4.18695400000E-02
   3.57203200000E-02   3.09569000000E-02   2.71780400000E-02   2.41202600000E-02
   2.16062400000E-02   1.95131300000E-02   1.62626700000E-02   1.39067400000E-02
   1.21740000000E-02   1.08907300000E-02   9.93812400000E-03   9.23122400000E-03
   8.70760300000E-03   8.32070400000E-03   8.03553700000E-03   7.82570900000E-03
   7.67128000000E-03   7.55717300000E-03   7.47198900000E-03   7.40711000000E-03
   7.35602900000E-03   7.31384400000E-03   7.27687300000E-03   7.24236400000E-03
   7.20828000000E-03   7.17312800000E-03   7.13583800000E-03   7.09566200000E-03
   7.05210200000E-03   7.00485400000E-03   6.95376300000E-03   6.80918000000E-03
   6.64201600000E-03   6.45562100000E-03   6.25429700000E-03   5.82588000000E-03
   5.39521700000E-03   4.99928200000E-03   4.67235900000E-03   4.26663000000E-03
   3.91631700000E-03   3.61136300000E-03   3.34395100000E-03   3.10792000000E-03
   2.89835000000E-03                   1                   1                 446
                 520                 594                 595                 596
                 597                 747                 748                 748
                 749                   2                   1               52557
               52648               52739               52740               52741
               52742               52914               52915               52915
               52916                   9                   1               66580
               66654               66728               66729               66730
               66731               66881               66882               66882
               66883                  31                   1              118390
              118451              118512              118513              118514
              118515              118639              118640              118640
              118641                  32                   1              162120
              162179              162238              162239              162240
              162241              162361              162362              162362
              162363                  33                   1              205375
              205433              205491              205492              205493
              205494              205614              205615              205615
              205616                  34                   1              247949
              248035              248121              248122              248123
              248124              248298              248299              248299
              248300                  18                  72   0.00000000000E+00
   1.38860000000E-02   1.71110400000E-02   2.13016300000E-02   2.68300700000E-02
   3.41087100000E-02   4.36428900000E-02   5.59906600000E-02   7.16743200000E-02
   9.09574600000E-02   1.13418600000E-01   1.37316200000E-01   1.59172200000E-01
   1.74524400000E-01   1.80166400000E-01   1.76085000000E-01   1.82009100000E-01
   1.93327700000E-01   1.93123800000E-01   1.85480600000E-01   1.75680000000E-01
   1.64690500000E-01   1.53096500000E-01   1.27394900000E-01   1.04265600000E-01
   8.61059600000E-02   7.23728400000E-02   6.18433000000E-02   5.36242500000E-02
   4.72734300000E-02   4.30380200000E-02   3.99703800000E-02   3.71914600000E-02
   3.25929000000E-02   2.87181600000E-02   2.56575900000E-02   2.34507800000E-02
   2.19344900000E-02   2.09157700000E-02   2.02230500000E-02   1.97553500000E-02
   1.94518900000E-02   1.92765900000E-02   1.92183400000E-02   1.92194400000E-02
   1.92764900000E-02   1.94121700000E-02   1.95856900000E-02   1.97526400000E-02
   1.99214400000E-02   2.01027900000E-02   2.02771500000E-02   2.04273500000E-02
   2.05690900000E-02   2.07292200000E-02   2.08627400000E-02   2.09458900000E-02
   2.09541700000E-02   2.10632200000E-02   2.11387200000E-02   2.10556900000E-02
   2.08880500000E-02   2.04001000000E-02   1.96966000000E-02   1.91840300000E-02
   1.87182300000E-02   1.77080200000E-02   1.68178200000E-02   1.60482600000E-02
   1.53709700000E-02   1.47713400000E-02   1.41787200000E-02                  18
                  72   0.00000000000E+00   2.45266000000E-01   6.02692000000E-01
   7.84310200000E-01   9.65354000000E-01   1.14558300000E+00   1.32553600000E+00
   1.35203700000E+00   1.37862300000E+00   1.40532100000E+00   1.43216600000E+00
   1.45580400000E+00   1.47948000000E+00   1.50310000000E+00   1.52664100000E+00
   1.50789600000E+00   1.64071700000E+00   1.88000700000E+00   2.04647200000E+00
   2.28734100000E+00   2.50544800000E+00   2.70523600000E+00   2.89968200000E+00
   3.24153000000E+00   3.55493700000E+00   3.92643600000E+00   4.28765500000E+00
   4.62190500000E+00   4.95182100000E+00   5.21707700000E+00   5.60284900000E+00
   5.98120100000E+00   6.33980600000E+00   7.11458100000E+00   7.87692800000E+00
   8.59652100000E+00   9.29735600000E+00   1.00570300000E+01   1.08064000000E+01
   1.15709600000E+01   1.23364100000E+01   1.30953900000E+01   1.38668900000E+01
   1.46293200000E+01   1.54122400000E+01   1.62034800000E+01   1.69759600000E+01
   1.77703700000E+01   1.85603200000E+01   1.93564600000E+01   2.01757100000E+01
   2.10043000000E+01   2.18278200000E+01   2.26477500000E+01   2.35143800000E+01
   2.43802100000E+01   2.52167900000E+01   2.59908500000E+01   2.80213600000E+01
   3.02087300000E+01   3.22940700000E+01   3.44354200000E+01   3.86395100000E+01
   4.29283400000E+01   4.71056600000E+01   5.12481600000E+01   5.53012700000E+01
   5.95044000000E+01   6.34035800000E+01   6.74741100000E+01   7.14821300000E+01
   7.53416100000E+01                   5                  -1                   1
                   6                   5                   0                  73
   1.00000000000E+00   9.15433500000E+00   9.50000000000E+00   1.00000000000E+01
   1.05000000000E+01   1.10000000000E+01   1.15000000000E+01   1.20000000000E+01
   1.25000000000E+01   1.30000000000E+01   1.35000000000E+01   1.40000000000E+01
   1.45000000000E+01   1.50000000000E+01   1.55000000000E+01   1.60000000000E+01
   1.65000000000E+01   1.70000000000E+01   1.75000000000E+01   1.80000000000E+01
   1.85000000000E+01   1.90000000000E+01   1.95000000000E+01   2.00000000000E+01
   2.10000000000E+01   2.20000000000E+01   2.30000000000E+01   2.40000000000E+01
   2.50000000000E+01   2.60000000000E+01   2.70000000000E+01   2.80000000000E+01
   2.90000000000E+01   3.00000000000E+01   3.20000000000E+01   3.40000000000E+01
   3.60000000000E+01   3.80000000000E+01   4.00000000000E+01   4.20000000000E+01
   4.40000000000E+01   4.60000000000E+01   4.80000000000E+01   5.00000000000E+01
   5.20000000000E+01   5.40000000000E+01   5.60000000000E+01   5.80000000000E+01
   6.00000000000E+01   6.20000000000E+01   6.40000000000E+01   6.60000000000E+01
   6.80000000000E+01   7.00000000000E+01   7.20000000000E+01   7.40000000000E+01
   7.60000000000E+01   7.80000000000E+01   8.00000000000E+01   8.50000000000E+01
   9.00000000000E+01   9.50000000000E+01   1.00000000000E+02   1.10000000000E+02
   1.20000000000E+02   1.30000000000E+02   1.40000000000E+02   1.50000000000E+02
   1.60000000000E+02   1.70000000000E+02   1.80000000000E+02   1.90000000000E+02
   2.00000000000E+02   0.00000000000E+00   0.00000000000E+00   9.90238800000E-01
   9.94616300000E-01   9.96828600000E-01   9.97620300000E-01   9.97453200000E-01
   9.97123700000E-01   9.96824400000E-01   9.96596900000E-01   9.96458400000E-01
   9.96427000000E-01   9.96473200000E-01   9.96542800000E-01   9.96573900000E-01
   9.96552300000E-01   9.96343000000E-01   1.09751500000E+00   1.27333300000E+00
   1.40366100000E+00   1.48816200000E+00   1.55031000000E+00   1.59585400000E+00
   1.63432700000E+00   1.68155000000E+00   1.70814200000E+00   1.72148300000E+00
   1.72853200000E+00   1.73132000000E+00   1.73222300000E+00   1.73939800000E+00
   1.78431000000E+00   1.84994600000E+00   1.90597100000E+00   2.00415400000E+00
   2.06505300000E+00   2.10757300000E+00   2.15327900000E+00   2.20710600000E+00
   2.26576300000E+00   2.32245900000E+00   2.37424000000E+00   2.42073300000E+00
   2.46323900000E+00   2.50523300000E+00   2.54320500000E+00   2.57983400000E+00
   2.62074800000E+00   2.66253600000E+00   2.70071900000E+00   2.73763700000E+00
   2.77572200000E+00   2.81303600000E+00   2.84776000000E+00   2.88250500000E+00
   2.92139300000E+00   2.95837200000E+00   2.99019700000E+00   3.01335700000E+00
   3.09335600000E+00   3.18257600000E+00   3.26160600000E+00   3.33979200000E+00
   3.50163400000E+00   3.65075200000E+00   3.83735700000E+00   4.00616300000E+00
   4.15035300000E+00   4.29429500000E+00   4.44382400000E+00   4.59664900000E+00
   4.75280600000E+00   4.89199700000E+00                   0                   1
                   0                   4                  10                   0
                   2   1.00000000000E+00   2.00000000000E+02   1.00000000000E+00
   1.00000000000E+00                   0                  31   1.00000000000E+00
   9.15433500000E+00   1.00000000000E+01   1.20000000000E+01   1.40000000000E+01
   1.60000000000E+01   1.80000000000E+01   2.00000000000E+01   2.20000000000E+01
   2.40000000000E+01   2.60000000000E+01   2.80000000000E+01   3.00000000000E+01
   3.20000000000E+01   3.60000000000E+01   4.00000000000E+01   4.40000000000E+01
   4.80000000000E+01   5.00000000000E+01   5.20000000000E+01   5.60000000000E+01
   6.00000000000E+01   7.00000000000E+01   8.00000000000E+01   9.00000000000E+01
   1.00000000000E+02   1.20000000000E+02   1.40000000000E+02   1.60000000000E+02
   1.80000000000E+02   2.00000000000E+02                  74                  85
                  96                 128                 460                1012
                1740                2578                3493                4665
                5902                7191                8532                9912
               11331               12815               14587               16404
               18251               20128               22020               23927
               25864               28110               30407               33012
               35636               38599               41867               45158
               48472                   2                   3   0.00000000000E+00
   5.00000000000E-07   1.00000000000E-06   0.00000000000E+00   2.00000000000E+06
   0.00000000000E+00   0.00000000000E+00   5.00000000000E-01   1.00000000000E+00
                   2                   3   0.00000000000E+00   5.00000000000E-07
   1.00000000000E-06   0.00000000000E+00   2.00000000000E+06   0.00000000000E+00
   0.00000000000E+00   5.00000000000E-01   1.00000000000E+00                   2
                  10   0.00000000000E+00   2.50000000000E-02   1.00000000000E-01
   2.00000000000E-01   3.00000000000E-01   4.00000000000E-01   5.00000000000E-01
   6.00000000000E-01   7.00000000000E-01   8.00000000000E-01   0.00000000000E+00
   2.73484200000E-01   1.09322700000E+00   4.35014000000E-05   2.67720200000E-02
   1.11625000000E-05   4.57567000000E-06   5.75731200000E+00   1.75461000000E-07
   6.24508100000E+00   0.00000000000E+00   3.41855262000E-03   5.46702244000E-02
   1.09333751000E-01   1.10674527000E-01   1.12013687000E-01   1.12014473000E-01
   3.99880312000E-01   6.87745931000E-01   1.00000000000E+00                   2
                  30   0.00000000000E+00   2.50000000000E-02   1.00000000000E-01
   2.00000000000E-01   3.00000000000E-01   4.00000000000E-01   5.00000000000E-01
   6.00000000000E-01   7.00000000000E-01   8.00000000000E-01   9.00000000000E-01
   1.00000000000E+00   1.10000000000E+00   1.20000000000E+00   1.30000000000E+00
   1.40000000000E+00   1.50000000000E+00   1.60000000000E+00   1.70000000000E+00
   1.80000000000E+00   1.90000000000E+00   2.00000000000E+00   2.10000000000E+00
   2.20000000000E+00   2.30000000000E+00   2.40000000000E+00   2.50000000000E+00
   2.60000000000E+00   2.70000000000E+00   2.80000000000E+00   0.00000000000E+00
   4.79528100000E-02   1.87993100000E-01   3.40332000000E-01   4.15099200000E-01
   4.38204000000E-01   4.33660100000E-01   4.15872800000E-01   3.92603500000E-01
   3.67780900000E-01   3.43283000000E-01   5.50451000000E-01   8.17619400000E-03
   1.00161100000E+00   3.58147200000E-02   2.69056600000E-01   1.39860400000E+00
   3.49305000000E-05   2.46503000000E-05   1.24845700000E+00   6.78036500000E-02
   4.55168600000E-01   5.36827400000E-01   2.72516000000E-06   1.89769300000E-01
   6.62634000000E-07   2.52641000000E-07   4.83045900000E-01   8.13890000000E-09
   8.39691500000E-01   0.00000000000E+00   5.99410112000E-04   9.44738155000E-03
   3.58636360000E-02   7.36351952000E-02   1.16300354000E-01   1.59893558000E-01
   2.02370202000E-01   2.42794017000E-01   2.80813236000E-01   3.16366430000E-01
   3.61053129000E-01   3.88984488000E-01   4.39473847000E-01   4.91345132000E-01
   5.06588697000E-01   5.89971726000E-01   6.59903671000E-01   6.59906650000E-01
   7.22330731000E-01   7.88143762000E-01   8.14292374000E-01   8.63892173000E-01
   8.90733679000E-01   9.00222280000E-01   9.09710778000E-01   9.09710823000E-01
   9.33863131000E-01   9.58015425000E-01   1.00000000000E+00                   0
                   0                   0                   0                   0
                   0                   0                   0                   0
                   0                   0                   0                   0
                   0                   0                   0                   0
                   0                   0                   0                   0
                   0                   0                   0                   0
                   0                   0                   0                   0
                   0                   0                   0                   0
                   0                   0                   0                   0
                   0                   0                   0                   0
                   0                   0                   0                   0
                   0                   0                   0                   0
                   0                   0                   0                   0
                   0                   0                   0                   0
                   0                   0                   0                   0
                   0                   0                   0                   0
                   0                   0                   0                   0
                   0                   0                   0                   0
                   0                   0                   0                   0
                   0                   0                   0                   0
                   0                   0                   0                   0
                   0                   0                   0                   0
                   0                   0                   0                   0
                   0                   0                   0                   0
                   0                   0                   0                   0
                   0                   0                   0                   0
                   0                   0                   0                   0
                   0                   0                   0                   0
                   0                   0                   0                   0
                   0                   0                   0                   0
                   0                   0                   0                   0
                   0                   0                   0                   0
                   0                   0                   0
