 42097.00u   96.073550  0.0000E+00   05/27/20
Ace Mo97 IAEA-PD                                                         mat4240
      0         0.      0         0.      0         0.      0         0.
      0         0.      0         0.      0         0.      0         0.
      0         0.      0         0.      0         0.      0         0.
      0         0.      0         0.      0         0.      0         0.
   325856    42097       89        1        7        2       12        0
        0        0        0        0        0        0        0        1
        1       90       90        0      179      268      269      270
      271      362      446        0        0        0        0        0
        0        0        0        0        0        0        0        0
        0        0        0        0        0        0        0        0
   9.99999000000E-01   1.00000000000E+00   1.50000000000E+00   2.00000000000E+00
   2.50000000000E+00   3.00000000000E+00   3.50000000000E+00   4.00000000000E+00
   4.50000000000E+00   5.00000000000E+00   5.50000000000E+00   6.00000000000E+00
   6.50000000000E+00   7.00000000000E+00   7.50000000000E+00   8.00000000000E+00
   8.50000000000E+00   9.00000000000E+00   9.50000000000E+00   1.00000000000E+01
   1.05000000000E+01   1.10000000000E+01   1.15000000000E+01   1.20000000000E+01
   1.25000000000E+01   1.30000000000E+01   1.35000000000E+01   1.40000000000E+01
   1.45000000000E+01   1.50000000000E+01   1.55000000000E+01   1.60000000000E+01
   1.65000000000E+01   1.70000000000E+01   1.75000000000E+01   1.80000000000E+01
   1.85000000000E+01   1.90000000000E+01   1.95000000000E+01   2.00000000000E+01
   2.10000000000E+01   2.20000000000E+01   2.30000000000E+01   2.40000000000E+01
   2.50000000000E+01   2.60000000000E+01   2.70000000000E+01   2.80000000000E+01
   2.90000000000E+01   3.00000000000E+01   3.20000000000E+01   3.40000000000E+01
   3.60000000000E+01   3.80000000000E+01   4.00000000000E+01   4.20000000000E+01
   4.40000000000E+01   4.60000000000E+01   4.80000000000E+01   5.00000000000E+01
   5.20000000000E+01   5.40000000000E+01   5.60000000000E+01   5.80000000000E+01
   6.00000000000E+01   6.20000000000E+01   6.40000000000E+01   6.60000000000E+01
   6.80000000000E+01   7.00000000000E+01   7.20000000000E+01   7.40000000000E+01
   7.60000000000E+01   7.80000000000E+01   8.00000000000E+01   8.50000000000E+01
   9.00000000000E+01   9.50000000000E+01   1.00000000000E+02   1.10000000000E+02
   1.20000000000E+02   1.30000000000E+02   1.40000000000E+02   1.50000000000E+02
   1.60000000000E+02   1.70000000000E+02   1.80000000000E+02   1.90000000000E+02
   2.00000000000E+02   0.00000000000E+00   1.20210400000E-05   3.37302500000E-05
   7.25670800000E-05   1.34525100000E-04   2.26793700000E-04   3.58222500000E-04
   5.39965500000E-04   7.86403100000E-04   1.11648200000E-03   1.55563700000E-03
   2.13837100000E-03   2.91117200000E-03   3.93393500000E-03   5.27498100000E-03
   6.99474200000E-03   9.13500500000E-03   1.17170400000E-02   1.44788400000E-02
   1.70778600000E-02   2.04090600000E-02   2.53543000000E-02   3.23994200000E-02
   4.21020200000E-02   5.51218000000E-02   7.19229900000E-02   9.20790100000E-02
   1.13436400000E-01   1.32551300000E-01   1.47286300000E-01   1.58200500000E-01
   1.66189900000E-01   1.70311400000E-01   1.68724000000E-01   1.60882100000E-01
   1.48268400000E-01   1.33338500000E-01   1.18224900000E-01   1.04213700000E-01
   9.18479900000E-02   7.20253500000E-02   5.77710100000E-02   4.74409500000E-02
   3.97883500000E-02   3.39770300000E-02   2.94595100000E-02   2.58744500000E-02
   2.29788500000E-02   2.06055200000E-02   1.86367000000E-02   1.55953600000E-02
   1.34045800000E-02   1.18004000000E-02   1.06157700000E-02   9.73810700000E-03
   9.08787000000E-03   8.60710300000E-03   8.25274500000E-03   7.99245800000E-03
   7.80181300000E-03   7.66231200000E-03   7.55993100000E-03   7.48403800000E-03
   7.42658100000E-03   7.38147000000E-03   7.34411300000E-03   7.31106100000E-03
   7.27974300000E-03   7.24825500000E-03   7.21521300000E-03   7.17962900000E-03
   7.14082100000E-03   7.09834500000E-03   7.05193900000E-03   7.00148300000E-03
   6.85776200000E-03   6.69067700000E-03   6.50380900000E-03   6.30161800000E-03
   5.87074600000E-03   5.43720900000E-03   5.03846000000E-03   4.70915000000E-03
   4.30032600000E-03   3.94731300000E-03   3.63999300000E-03   3.37049600000E-03
   3.13261700000E-03   2.92140000000E-03   0.00000000000E+00   1.00000000000E+00
   5.78612700000E-01   1.57226400000E-01   1.63509500000E-01   1.64229300000E-01
   1.50217100000E-01   1.13924000000E-01   1.47354400000E-01   1.53137200000E-01
   1.26895600000E-01   6.70671000000E-02   1.02189100000E+00   3.30842300000E+00
   6.09172200000E+00   6.51580400000E+00   6.61351400000E+00   6.59030700000E+00
   6.60545900000E+00   6.79805500000E+00   6.88360400000E+00   6.90151800000E+00
   6.86590500000E+00   6.79335800000E+00   6.80690900000E+00   6.80991400000E+00
   6.80881500000E+00   6.80568000000E+00   6.82230900000E+00   6.83627500000E+00
   6.84763300000E+00   6.84776800000E+00   8.37200700000E+00   1.01112000000E+01
   1.14418700000E+01   1.24512700000E+01   1.30805800000E+01   1.35594700000E+01
   1.40141900000E+01   1.44425300000E+01   1.47349500000E+01   1.50228300000E+01
   1.51941200000E+01   1.53700900000E+01   1.60578100000E+01   1.68599300000E+01
   1.78926400000E+01   1.87818000000E+01   1.95186000000E+01   2.02743600000E+01
   2.12406000000E+01   2.20574100000E+01   2.30283800000E+01   2.46536300000E+01
   2.62978600000E+01   2.77563700000E+01   2.91537300000E+01   3.03439500000E+01
   3.14921900000E+01   3.27523800000E+01   3.40318000000E+01   3.52964000000E+01
   3.65685300000E+01   3.77930900000E+01   3.90754000000E+01   4.03676600000E+01
   4.16049700000E+01   4.28692300000E+01   4.40721500000E+01   4.52483700000E+01
   4.64897100000E+01   4.77005000000E+01   4.89093900000E+01   5.01076000000E+01
   5.13042500000E+01   5.43837200000E+01   5.73608800000E+01   6.04780300000E+01
   6.34669400000E+01   6.96375800000E+01   7.55582600000E+01   8.17333600000E+01
   8.77546900000E+01   9.39509700000E+01   1.00217300000E+02   1.06615800000E+02
   1.12826800000E+02   1.20190700000E+02   1.31250900000E+02                   5
   0.00000000000E+00                   1                   1                  89
   0.00000000000E+00   1.20210400000E-05   3.37302500000E-05   7.25670800000E-05
   1.34525100000E-04   2.26793700000E-04   3.58222500000E-04   5.39965500000E-04
   7.86403100000E-04   1.11648200000E-03   1.55563700000E-03   2.13837100000E-03
   2.91117200000E-03   3.93393500000E-03   5.27498100000E-03   6.99474200000E-03
   9.13500500000E-03   1.17170400000E-02   1.44788400000E-02   1.70778600000E-02
   2.04090600000E-02   2.53543000000E-02   3.23994200000E-02   4.21020200000E-02
   5.51218000000E-02   7.19229900000E-02   9.20790100000E-02   1.13436400000E-01
   1.32551300000E-01   1.47286300000E-01   1.58200500000E-01   1.66189900000E-01
   1.70311400000E-01   1.68724000000E-01   1.60882100000E-01   1.48268400000E-01
   1.33338500000E-01   1.18224900000E-01   1.04213700000E-01   9.18479900000E-02
   7.20253500000E-02   5.77710100000E-02   4.74409500000E-02   3.97883500000E-02
   3.39770300000E-02   2.94595100000E-02   2.58744500000E-02   2.29788500000E-02
   2.06055200000E-02   1.86367000000E-02   1.55953600000E-02   1.34045800000E-02
   1.18004000000E-02   1.06157700000E-02   9.73810700000E-03   9.08787000000E-03
   8.60710300000E-03   8.25274500000E-03   7.99245800000E-03   7.80181300000E-03
   7.66231200000E-03   7.55993100000E-03   7.48403800000E-03   7.42658100000E-03
   7.38147000000E-03   7.34411300000E-03   7.31106100000E-03   7.27974300000E-03
   7.24825500000E-03   7.21521300000E-03   7.17962900000E-03   7.14082100000E-03
   7.09834500000E-03   7.05193900000E-03   7.00148300000E-03   6.85776200000E-03
   6.69067700000E-03   6.50380900000E-03   6.30161800000E-03   5.87074600000E-03
   5.43720900000E-03   5.03846000000E-03   4.70915000000E-03   4.30032600000E-03
   3.94731300000E-03   3.63999300000E-03   3.37049600000E-03   3.13261700000E-03
   2.92140000000E-03                   1                   1                 446
                 525                 604                 605                 606
                 607                 767                 768                 768
                 769                   2                   1               56547
               56638               56729               56730               56731
               56732               56910               56911               56911
               56912                   9                   1               70634
               70708               70782               70783               70784
               70785               70935               70936               70936
               70937                  31                   1              123584
              123649              123714              123715              123716
              123717              123847              123848              123848
              123849                  32                   1              170128
              170188              170248              170249              170250
              170251              170373              170374              170374
              170375                  33                   1              214327
              214388              214449              214450              214451
              214452              214576              214577              214577
              214578                  34                   1              259511
              259597              259683              259684              259685
              259686              259860              259861              259861
              259862                  13                  77   0.00000000000E+00
   1.02457300000E-03   3.83486700000E-03   6.64010300000E-03   8.94946900000E-03
   1.15984800000E-02   1.43945900000E-02   1.69956100000E-02   2.03157300000E-02
   2.52446000000E-02   3.22692700000E-02   4.19481900000E-02   5.49414100000E-02
   7.17131700000E-02   9.18375700000E-02   1.13164100000E-01   1.32251800000E-01
   1.46958400000E-01   1.57829900000E-01   1.65749000000E-01   1.93459600000E-01
   2.27023200000E-01   2.41119200000E-01   2.37442400000E-01   2.24817800000E-01
   2.05682400000E-01   1.85621600000E-01   1.65813900000E-01   1.31758100000E-01
   1.06291500000E-01   8.74177300000E-02   7.34606300000E-02   6.42319100000E-02
   5.86969000000E-02   5.44614200000E-02   5.06006700000E-02   4.70028200000E-02
   4.35155600000E-02   3.72855700000E-02   3.24211900000E-02   2.90467100000E-02
   2.70618200000E-02   2.58655800000E-02   2.49093800000E-02   2.40921600000E-02
   2.35155300000E-02   2.32172600000E-02   2.31261600000E-02   2.32033700000E-02
   2.33824500000E-02   2.35393500000E-02   2.37320900000E-02   2.39384500000E-02
   2.40402900000E-02   2.42246200000E-02   2.44221700000E-02   2.46590700000E-02
   2.48542500000E-02   2.50617900000E-02   2.52296300000E-02   2.53226200000E-02
   2.54509900000E-02   2.55370800000E-02   2.56687000000E-02   2.57297800000E-02
   2.56170300000E-02   2.54270600000E-02   2.47723800000E-02   2.39516500000E-02
   2.31073500000E-02   2.24723000000E-02   2.13189900000E-02   2.02179800000E-02
   1.92595600000E-02   1.84471600000E-02   1.86012600000E-02   1.78596100000E-02
                  13                  77   0.00000000000E+00   1.87286400000E-02
   1.98413100000E-01   4.49907900000E-01   5.94689200000E-01   7.32610400000E-01
   8.68099400000E-01   1.00141500000E+00   1.09703000000E+00   1.19269500000E+00
   1.28848900000E+00   1.38441700000E+00   1.39703300000E+00   1.40962300000E+00
   1.42213500000E+00   1.43454900000E+00   1.46542300000E+00   1.49614400000E+00
   1.52663900000E+00   1.55682400000E+00   1.71939300000E+00   1.97302700000E+00
   2.12677900000E+00   2.19676700000E+00   2.41493800000E+00   2.59716100000E+00
   2.76681000000E+00   2.91361300000E+00   3.21336800000E+00   3.49438300000E+00
   3.72359300000E+00   3.95526600000E+00   4.15021000000E+00   4.47989700000E+00
   4.83114300000E+00   5.15742400000E+00   5.53252100000E+00   5.85765200000E+00
   6.57535900000E+00   7.15481700000E+00   7.79329800000E+00   8.40042900000E+00
   9.09599500000E+00   9.83097500000E+00   1.04934700000E+01   1.11631900000E+01
   1.18709900000E+01   1.25731200000E+01   1.32876000000E+01   1.40307400000E+01
   1.47351600000E+01   1.54509100000E+01   1.61678100000E+01   1.68389600000E+01
   1.75709200000E+01   1.83231300000E+01   1.91214500000E+01   1.99080400000E+01
   2.06764900000E+01   2.14369300000E+01   2.21584700000E+01   2.29371300000E+01
   2.37058600000E+01   2.55683600000E+01   2.75442000000E+01   2.94270600000E+01
   3.13913600000E+01   3.51158100000E+01   3.90482900000E+01   4.26946700000E+01
   4.65490600000E+01   5.02192000000E+01   5.38074700000E+01   5.72524500000E+01
   6.09476500000E+01   6.31660900000E+01   6.19875400000E+01                   5
                  -1                   1                   6                   5
                   0                  78   1.00000000000E+00   6.82113200000E+00
   7.00000000000E+00   7.50000000000E+00   8.00000000000E+00   8.50000000000E+00
   9.00000000000E+00   9.50000000000E+00   1.00000000000E+01   1.05000000000E+01
   1.10000000000E+01   1.15000000000E+01   1.20000000000E+01   1.25000000000E+01
   1.30000000000E+01   1.35000000000E+01   1.40000000000E+01   1.45000000000E+01
   1.50000000000E+01   1.55000000000E+01   1.60000000000E+01   1.65000000000E+01
   1.70000000000E+01   1.75000000000E+01   1.80000000000E+01   1.85000000000E+01
   1.90000000000E+01   1.95000000000E+01   2.00000000000E+01   2.10000000000E+01
   2.20000000000E+01   2.30000000000E+01   2.40000000000E+01   2.50000000000E+01
   2.60000000000E+01   2.70000000000E+01   2.80000000000E+01   2.90000000000E+01
   3.00000000000E+01   3.20000000000E+01   3.40000000000E+01   3.60000000000E+01
   3.80000000000E+01   4.00000000000E+01   4.20000000000E+01   4.40000000000E+01
   4.60000000000E+01   4.80000000000E+01   5.00000000000E+01   5.20000000000E+01
   5.40000000000E+01   5.60000000000E+01   5.80000000000E+01   6.00000000000E+01
   6.20000000000E+01   6.40000000000E+01   6.60000000000E+01   6.80000000000E+01
   7.00000000000E+01   7.20000000000E+01   7.40000000000E+01   7.60000000000E+01
   7.80000000000E+01   8.00000000000E+01   8.50000000000E+01   9.00000000000E+01
   9.50000000000E+01   1.00000000000E+02   1.10000000000E+02   1.20000000000E+02
   1.30000000000E+02   1.40000000000E+02   1.50000000000E+02   1.60000000000E+02
   1.70000000000E+02   1.80000000000E+02   1.90000000000E+02   2.00000000000E+02
   0.00000000000E+00   0.00000000000E+00   2.60444800000E-01   7.26991600000E-01
   9.49299200000E-01   9.79689600000E-01   9.89881400000E-01   9.94181200000E-01
   9.95183800000E-01   9.95427000000E-01   9.95673300000E-01   9.95983000000E-01
   9.96346300000E-01   9.96727400000E-01   9.97082700000E-01   9.97377900000E-01
   9.97599500000E-01   9.97740500000E-01   9.97773700000E-01   9.97657400000E-01
   9.97347000000E-01   1.13591700000E+00   1.34553000000E+00   1.49873200000E+00
   1.60143600000E+00   1.68606800000E+00   1.73975500000E+00   1.78116300000E+00
   1.80530800000E+00   1.82933000000E+00   1.83987600000E+00   1.84266400000E+00
   1.84628500000E+00   1.89045100000E+00   1.99246000000E+00   2.10483400000E+00
   2.20205400000E+00   2.28107900000E+00   2.33493900000E+00   2.39081200000E+00
   2.41866500000E+00   2.46150200000E+00   2.54920900000E+00   2.65612000000E+00
   2.74094800000E+00   2.79910200000E+00   2.84941900000E+00   2.90489600000E+00
   2.96420300000E+00   3.02824700000E+00   3.09294500000E+00   3.14527400000E+00
   3.19556100000E+00   3.24304600000E+00   3.27341000000E+00   3.31342100000E+00
   3.35481200000E+00   3.40207000000E+00   3.44470100000E+00   3.49068000000E+00
   3.53315500000E+00   3.56739800000E+00   3.60907700000E+00   3.64738200000E+00
   3.74301400000E+00   3.84561700000E+00   3.93877300000E+00   4.03500500000E+00
   4.21963100000E+00   4.40513700000E+00   4.58619300000E+00   4.77205000000E+00
   4.95752900000E+00   5.12196000000E+00   5.29109800000E+00   5.47312900000E+00
   5.93793000000E+00   6.11337400000E+00                   0                   1
                   0                   4                  10                   0
                   2   1.00000000000E+00   2.00000000000E+02   1.00000000000E+00
   1.00000000000E+00                   0                  32   1.00000000000E+00
   6.82113200000E+00   8.00000000000E+00   1.00000000000E+01   1.20000000000E+01
   1.40000000000E+01   1.60000000000E+01   1.80000000000E+01   2.00000000000E+01
   2.20000000000E+01   2.40000000000E+01   2.60000000000E+01   2.80000000000E+01
   3.00000000000E+01   3.20000000000E+01   3.60000000000E+01   4.00000000000E+01
   4.40000000000E+01   4.80000000000E+01   5.00000000000E+01   5.20000000000E+01
   5.60000000000E+01   6.00000000000E+01   7.00000000000E+01   8.00000000000E+01
   9.00000000000E+01   1.00000000000E+02   1.20000000000E+02   1.40000000000E+02
   1.60000000000E+02   1.80000000000E+02   2.00000000000E+02                  76
                  87                  98                 142                 450
                1046                1862                2832                3879
                4992                6359                7778                9249
               10746               12282               13844               15458
               17350               19287               21254               23236
               25218               27230               29257               31588
               33953               36634               39334               42339
               45676               49036               52396                   2
                   3   0.00000000000E+00   5.00000000000E-07   1.00000000000E-06
   0.00000000000E+00   2.00000000000E+06   0.00000000000E+00   0.00000000000E+00
   5.00000000000E-01   1.00000000000E+00                   2                   3
   0.00000000000E+00   5.00000000000E-07   1.00000000000E-06   0.00000000000E+00
   2.00000000000E+06   0.00000000000E+00   0.00000000000E+00   5.00000000000E-01
   1.00000000000E+00                   2                  14   0.00000000000E+00
   2.50000000000E-02   1.00000000000E-01   2.00000000000E-01   3.00000000000E-01
   4.00000000000E-01   5.00000000000E-01   6.00000000000E-01   7.00000000000E-01
   8.00000000000E-01   9.00000000000E-01   1.00000000000E+00   1.10000000000E+00
   1.20000000000E+00   0.00000000000E+00   9.43501800000E-03   3.76949600000E-02
   2.73219000000E-04   3.90110000000E-04   9.02192400000E+00   4.13659000000E-04
   3.21767000000E-04   2.16391000000E-04   1.19748000000E-04   1.20479000000E-05
   2.86533000000E-06   3.57534000000E-07   1.87725000000E+00   0.00000000000E+00
   1.17937728000E-04   1.88531194000E-03   3.78372094000E-03   3.81688739000E-03
   4.54932604000E-01   9.06049497000E-01   9.06086268000E-01   9.06113176000E-01
   9.06129983000E-01   9.06136573000E-01   9.06137319000E-01   9.06137480000E-01
   1.00000000000E+00                   2                  34   0.00000000000E+00
   2.50000000000E-02   1.00000000000E-01   2.00000000000E-01   3.00000000000E-01
   4.00000000000E-01   5.00000000000E-01   6.00000000000E-01   7.00000000000E-01
   8.00000000000E-01   9.00000000000E-01   1.00000000000E+00   1.10000000000E+00
   1.20000000000E+00   1.30000000000E+00   1.40000000000E+00   1.50000000000E+00
   1.60000000000E+00   1.70000000000E+00   1.80000000000E+00   1.90000000000E+00
   2.00000000000E+00   2.10000000000E+00   2.20000000000E+00   2.30000000000E+00
   2.40000000000E+00   2.50000000000E+00   2.60000000000E+00   2.70000000000E+00
   2.80000000000E+00   2.90000000000E+00   3.00000000000E+00   3.10000000000E+00
   3.20000000000E+00   0.00000000000E+00   3.01630700000E-02   1.20351400000E-01
   2.44716600000E-01   4.59447400000E-03   1.63305800000E+00   4.35345400000E-01
   1.55038500000E+00   9.13956200000E-01   6.40820600000E-01   2.65611900000E-01
   3.23854600000E-01   4.44410000000E-01   5.04194700000E-01   3.77254300000E-01
   1.77098000000E-04   1.44005000000E-04   9.45849800000E-01   5.49527900000E-01
   1.29792100000E-01   4.13541000000E-05   1.41822500000E-01   2.24496000000E-05
   1.59176000000E-05   1.06803000000E-05   6.77097000000E-01   4.06428000000E-06
   2.30276000000E-06   1.22736000000E-06   5.88111000000E-07   2.24357000000E-07
   6.20648000000E-08   7.42489000000E-09   1.93799600000E-01   0.00000000000E+00
   3.77038380000E-04   6.02133108000E-03   2.42747313000E-02   3.67402852000E-02
   1.18622910000E-01   2.22043081000E-01   3.21329603000E-01   4.44546664000E-01
   5.22285505000E-01   5.67607131000E-01   5.97080456000E-01   6.35493687000E-01
   6.82923923000E-01   7.26996373000E-01   7.45867943000E-01   7.45883999000E-01
   7.93183689000E-01   8.67952575000E-01   9.01918576000E-01   9.08410249000E-01
   9.15503441000E-01   9.22595689000E-01   9.22597607000E-01   9.22598937000E-01
   9.56454322000E-01   9.90309375000E-01   9.90309694000E-01   9.90309870000E-01
   9.90309961000E-01   9.90310002000E-01   9.90310016000E-01   9.90310020000E-01
   1.00000000000E+00                   0                   0                   0
                   0                   0                   0                   0
                   0                   0                   0                   0
                   0                   0                   0                   0
                   0                   0                   0                   0
                   0                   0                   0                   0
                   0                   0                   0                   0
                   0                   0                   0                   0
                   0                   0                   0                   0
                   0                   0                   0                   0
                   0                   0                   0                   0
                   0                   0                   0                   0
                   0                   0                   0                   0
                   0                   0                   0                   0
                   0                   0                   0                   0
                   0                   0                   0                   0
                   0                   0                   0                   0
                   0                   0                   0                   0
                   0                   0                   0                   0
                   0                   0                   0                   0
                   0                   0                   0                   0
                   0                   0                   0                   0
                   0                   0                   0                   0
                   0                   0                   0                   0
                   0                   0                   0                   0
                   0                   0                   0                   0
                   0                   0                   0                   0
                   0                   0                   0                   0
                   0                   0                   0                   0
                   0                   0                   0                   0
                   0                   0                   0                   0
                   0                   0                   0                   0
                   0                   0                   0                   0
                   0                   0                   0
