 42098.00u   97.064350  0.0000E+00   05/27/20
Ace Mo98 IAEA-PD                                                         mat4243
      0         0.      0         0.      0         0.      0         0.
      0         0.      0         0.      0         0.      0         0.
      0         0.      0         0.      0         0.      0         0.
      0         0.      0         0.      0         0.      0         0.
   314455    42098       89        1        7        2       12        0
        0        0        0        0        0        0        0        1
        1       90       90        0      179      268      269      270
      271      362      446        0        0        0        0        0
        0        0        0        0        0        0        0        0
        0        0        0        0        0        0        0        0
   9.99999000000E-01   1.00000000000E+00   1.50000000000E+00   2.00000000000E+00
   2.50000000000E+00   3.00000000000E+00   3.50000000000E+00   4.00000000000E+00
   4.50000000000E+00   5.00000000000E+00   5.50000000000E+00   6.00000000000E+00
   6.50000000000E+00   7.00000000000E+00   7.50000000000E+00   8.00000000000E+00
   8.50000000000E+00   9.00000000000E+00   9.50000000000E+00   1.00000000000E+01
   1.05000000000E+01   1.10000000000E+01   1.15000000000E+01   1.20000000000E+01
   1.25000000000E+01   1.30000000000E+01   1.35000000000E+01   1.40000000000E+01
   1.45000000000E+01   1.50000000000E+01   1.55000000000E+01   1.60000000000E+01
   1.65000000000E+01   1.70000000000E+01   1.75000000000E+01   1.80000000000E+01
   1.85000000000E+01   1.90000000000E+01   1.95000000000E+01   2.00000000000E+01
   2.10000000000E+01   2.20000000000E+01   2.30000000000E+01   2.40000000000E+01
   2.50000000000E+01   2.60000000000E+01   2.70000000000E+01   2.80000000000E+01
   2.90000000000E+01   3.00000000000E+01   3.20000000000E+01   3.40000000000E+01
   3.60000000000E+01   3.80000000000E+01   4.00000000000E+01   4.20000000000E+01
   4.40000000000E+01   4.60000000000E+01   4.80000000000E+01   5.00000000000E+01
   5.20000000000E+01   5.40000000000E+01   5.60000000000E+01   5.80000000000E+01
   6.00000000000E+01   6.20000000000E+01   6.40000000000E+01   6.60000000000E+01
   6.80000000000E+01   7.00000000000E+01   7.20000000000E+01   7.40000000000E+01
   7.60000000000E+01   7.80000000000E+01   8.00000000000E+01   8.50000000000E+01
   9.00000000000E+01   9.50000000000E+01   1.00000000000E+02   1.10000000000E+02
   1.20000000000E+02   1.30000000000E+02   1.40000000000E+02   1.50000000000E+02
   1.60000000000E+02   1.70000000000E+02   1.80000000000E+02   1.90000000000E+02
   2.00000000000E+02   0.00000000000E+00   1.43696500000E-05   4.06738100000E-05
   8.79999800000E-05   1.63742700000E-04   2.76713700000E-04   4.37677400000E-04
   6.60079800000E-04   9.61069000000E-04   1.36292900000E-03   1.89503600000E-03
   2.59625100000E-03   3.51689000000E-03   4.71711100000E-03   6.25369900000E-03
   8.14679300000E-03   1.03538200000E-02   1.28454600000E-02   1.57676500000E-02
   1.94563300000E-02   2.43151900000E-02   3.07701200000E-02   3.93025500000E-02
   5.04714900000E-02   6.48689600000E-02   8.29593300000E-02   1.04738300000E-01
   1.29165400000E-01   1.53534500000E-01   1.73499800000E-01   1.84656000000E-01
   1.85047300000E-01   1.76215100000E-01   1.61778500000E-01   1.45311200000E-01
   1.29249000000E-01   1.14877700000E-01   1.02737800000E-01   9.29918100000E-02
   8.55282600000E-02   7.34385500000E-02   5.92641400000E-02   4.78911000000E-02
   3.99864700000E-02   3.42099400000E-02   2.97729300000E-02   2.62477400000E-02
   2.33811200000E-02   2.10109000000E-02   1.90270800000E-02   1.59274300000E-02
   1.36685100000E-02   1.20033600000E-02   1.07704600000E-02   9.85728800000E-03
   9.18223000000E-03   8.68478400000E-03   8.31960100000E-03   8.05253300000E-03
   7.85782100000E-03   7.71602500000E-03   7.61247700000E-03   7.53611500000E-03
   7.47859900000E-03   7.43365400000E-03   7.39656900000E-03   7.36381800000E-03
   7.33278300000E-03   7.30153300000E-03   7.26866800000E-03   7.23319100000E-03
   7.19441900000E-03   7.15190700000E-03   7.10539600000E-03   7.05477000000E-03
   6.91036200000E-03   6.74227500000E-03   6.55415700000E-03   6.35053500000E-03
   5.91647400000E-03   5.47963900000E-03   5.07781900000E-03   4.74595700000E-03
   4.33395100000E-03   3.97818500000E-03   3.66846500000E-03   3.39686200000E-03
   3.15712200000E-03   2.94425300000E-03   0.00000000000E+00   1.00000000000E+00
   1.03532400000E+00   1.07064900000E+00   1.10597300000E+00   1.14129800000E+00
   8.51817400000E-01   4.12089200000E-01   3.70548700000E-01   3.46704200000E-01
   3.35273200000E-01   3.22350200000E-01   3.21526900000E-01   3.00317100000E-01
   2.56067900000E-01   1.90574700000E-01   1.98664800000E+00   7.89247500000E+00
   7.83936500000E+00   8.61998700000E+00   8.68775400000E+00   8.72691400000E+00
   8.70072000000E+00   8.61756000000E+00   8.65201700000E+00   8.65814600000E+00
   8.64471300000E+00   8.61489100000E+00   8.70363300000E+00   8.78635700000E+00
   8.85914500000E+00   9.51835500000E+00   1.08462200000E+01   1.17160400000E+01
   1.23167700000E+01   1.27898000000E+01   1.30081100000E+01   1.32115500000E+01
   1.34549200000E+01   1.37328400000E+01   1.39558100000E+01   1.42012200000E+01
   1.43768200000E+01   1.45462700000E+01   1.48827600000E+01   1.53185900000E+01
   1.63589700000E+01   1.73625100000E+01   1.81843200000E+01   1.89824300000E+01
   2.02094000000E+01   2.13632400000E+01   2.24958000000E+01   2.37595100000E+01
   2.49694900000E+01   2.61458200000E+01   2.73412600000E+01   2.84940800000E+01
   2.96575600000E+01   3.08884400000E+01   3.21067200000E+01   3.33924700000E+01
   3.46071800000E+01   3.57696500000E+01   3.69040500000E+01   3.80496900000E+01
   3.92051000000E+01   4.03466300000E+01   4.14173900000E+01   4.26083800000E+01
   4.37330100000E+01   4.48679300000E+01   4.60063100000E+01   4.71170300000E+01
   4.82412500000E+01   5.10358800000E+01   5.37957800000E+01   5.66048300000E+01
   5.93559300000E+01   6.49822100000E+01   7.04346700000E+01   7.64191700000E+01
   8.16004000000E+01   8.72840300000E+01   9.28209600000E+01   9.85747200000E+01
   1.04308300000E+02   1.10142900000E+02   1.15979700000E+02                   5
   0.00000000000E+00                   1                   1                  89
   0.00000000000E+00   1.43696500000E-05   4.06738100000E-05   8.79999800000E-05
   1.63742700000E-04   2.76713700000E-04   4.37677400000E-04   6.60079800000E-04
   9.61069000000E-04   1.36292900000E-03   1.89503600000E-03   2.59625100000E-03
   3.51689000000E-03   4.71711100000E-03   6.25369900000E-03   8.14679300000E-03
   1.03538200000E-02   1.28454600000E-02   1.57676500000E-02   1.94563300000E-02
   2.43151900000E-02   3.07701200000E-02   3.93025500000E-02   5.04714900000E-02
   6.48689600000E-02   8.29593300000E-02   1.04738300000E-01   1.29165400000E-01
   1.53534500000E-01   1.73499800000E-01   1.84656000000E-01   1.85047300000E-01
   1.76215100000E-01   1.61778500000E-01   1.45311200000E-01   1.29249000000E-01
   1.14877700000E-01   1.02737800000E-01   9.29918100000E-02   8.55282600000E-02
   7.34385500000E-02   5.92641400000E-02   4.78911000000E-02   3.99864700000E-02
   3.42099400000E-02   2.97729300000E-02   2.62477400000E-02   2.33811200000E-02
   2.10109000000E-02   1.90270800000E-02   1.59274300000E-02   1.36685100000E-02
   1.20033600000E-02   1.07704600000E-02   9.85728800000E-03   9.18223000000E-03
   8.68478400000E-03   8.31960100000E-03   8.05253300000E-03   7.85782100000E-03
   7.71602500000E-03   7.61247700000E-03   7.53611500000E-03   7.47859900000E-03
   7.43365400000E-03   7.39656900000E-03   7.36381800000E-03   7.33278300000E-03
   7.30153300000E-03   7.26866800000E-03   7.23319100000E-03   7.19441900000E-03
   7.15190700000E-03   7.10539600000E-03   7.05477000000E-03   6.91036200000E-03
   6.74227500000E-03   6.55415700000E-03   6.35053500000E-03   5.91647400000E-03
   5.47963900000E-03   5.07781900000E-03   4.74595700000E-03   4.33395100000E-03
   3.97818500000E-03   3.66846500000E-03   3.39686200000E-03   3.15712200000E-03
   2.94425300000E-03                   1                   1                 446
                 521                 596                 597                 598
                 599                 751                 752                 752
                 753                   2                   1               53446
               53537               53628               53629               53630
               53631               53805               53806               53806
               53807                   9                   1               67471
               67544               67617               67618               67619
               67620               67768               67769               67769
               67770                  31                   1              119287
              119348              119409              119410              119411
              119412              119536              119537              119537
              119538                  32                   1              163289
              163349              163409              163410              163411
              163412              163534              163535              163535
              163536                  33                   1              206793
              206849              206905              206906              206907
              206908              207024              207025              207025
              207026                  34                   1              249255
              249340              249425              249426              249427
              249428              249600              249601              249601
              249602                  17                  73   0.00000000000E+00
   1.26668200000E-02   1.57290600000E-02   1.94236500000E-02   2.42770000000E-02
   3.07178200000E-02   3.92332000000E-02   5.03845900000E-02   6.47656200000E-02
   8.28416100000E-02   1.04608800000E-01   1.29027900000E-01   1.53394200000E-01
   1.73362100000E-01   1.84525100000E-01   2.08978900000E-01   2.32395800000E-01
   2.34818700000E-01   2.23804000000E-01   2.07035100000E-01   1.89168600000E-01
   1.72714100000E-01   1.59077700000E-01   1.47996200000E-01   1.29048300000E-01
   1.05046600000E-01   8.52458700000E-02   7.13464600000E-02   6.11675800000E-02
   5.44084800000E-02   5.03745800000E-02   4.68664700000E-02   4.35343300000E-02
   4.04355300000E-02   3.49491000000E-02   3.06332600000E-02   2.76209600000E-02
   2.55707500000E-02   2.41345900000E-02   2.30776500000E-02   2.23070700000E-02
   2.18062600000E-02   2.15589700000E-02   2.14867300000E-02   2.15374600000E-02
   2.16925500000E-02   2.18972900000E-02   2.21143000000E-02   2.23567600000E-02
   2.26543900000E-02   2.29114700000E-02   2.32023900000E-02   2.35016200000E-02
   2.36684900000E-02   2.39102400000E-02   2.41005100000E-02   2.42476200000E-02
   2.43962000000E-02   2.45384900000E-02   2.47907400000E-02   2.48380900000E-02
   2.47986500000E-02   2.46389900000E-02   2.40889500000E-02   2.33068500000E-02
   2.24676700000E-02   2.20831500000E-02   2.09443800000E-02   1.99173600000E-02
   1.90231300000E-02   1.81665100000E-02   1.73902500000E-02   1.66743300000E-02
                  17                  73   0.00000000000E+00   1.67559100000E-01
   4.06642400000E-01   6.44273800000E-01   8.18557900000E-01   9.92643200000E-01
   1.16675900000E+00   1.34099600000E+00   1.34512100000E+00   1.34930900000E+00
   1.35351000000E+00   1.35769700000E+00   1.36316700000E+00   1.36859700000E+00
   1.37398000000E+00   1.55872500000E+00   1.85920400000E+00   2.08908100000E+00
   2.26219900000E+00   2.40006000000E+00   2.58245100000E+00   2.75400400000E+00
   2.92205400000E+00   3.07674900000E+00   3.44181000000E+00   3.79183200000E+00
   4.12945800000E+00   4.46176400000E+00   4.73680100000E+00   5.11283500000E+00
   5.49765000000E+00   5.87569700000E+00   6.30131800000E+00   6.69652700000E+00
   7.51903600000E+00   8.22230100000E+00   8.99934800000E+00   9.75738400000E+00
   1.05496200000E+01   1.13458800000E+01   1.21232000000E+01   1.28881900000E+01
   1.36926900000E+01   1.44847100000E+01   1.52899400000E+01   1.61056400000E+01
   1.69282600000E+01   1.77522300000E+01   1.85890700000E+01   1.94376400000E+01
   2.02603400000E+01   2.11278700000E+01   2.20243900000E+01   2.28197100000E+01
   2.36935400000E+01   2.45455400000E+01   2.53833600000E+01   2.62541700000E+01
   2.71520400000E+01   2.93651200000E+01   3.15520100000E+01   3.37273700000E+01
   3.59395600000E+01   4.02214400000E+01   4.46362100000E+01   4.84933700000E+01
   5.31619300000E+01   5.73416600000E+01   6.16110100000E+01   6.57782800000E+01
   6.98657100000E+01   7.38588000000E+01   7.78916700000E+01                   5
                  -1                   1                   6                   5
                   0                  74   1.00000000000E+00   8.64259800000E+00
   9.00000000000E+00   9.50000000000E+00   1.00000000000E+01   1.05000000000E+01
   1.10000000000E+01   1.15000000000E+01   1.20000000000E+01   1.25000000000E+01
   1.30000000000E+01   1.35000000000E+01   1.40000000000E+01   1.45000000000E+01
   1.50000000000E+01   1.55000000000E+01   1.60000000000E+01   1.65000000000E+01
   1.70000000000E+01   1.75000000000E+01   1.80000000000E+01   1.85000000000E+01
   1.90000000000E+01   1.95000000000E+01   2.00000000000E+01   2.10000000000E+01
   2.20000000000E+01   2.30000000000E+01   2.40000000000E+01   2.50000000000E+01
   2.60000000000E+01   2.70000000000E+01   2.80000000000E+01   2.90000000000E+01
   3.00000000000E+01   3.20000000000E+01   3.40000000000E+01   3.60000000000E+01
   3.80000000000E+01   4.00000000000E+01   4.20000000000E+01   4.40000000000E+01
   4.60000000000E+01   4.80000000000E+01   5.00000000000E+01   5.20000000000E+01
   5.40000000000E+01   5.60000000000E+01   5.80000000000E+01   6.00000000000E+01
   6.20000000000E+01   6.40000000000E+01   6.60000000000E+01   6.80000000000E+01
   7.00000000000E+01   7.20000000000E+01   7.40000000000E+01   7.60000000000E+01
   7.80000000000E+01   8.00000000000E+01   8.50000000000E+01   9.00000000000E+01
   9.50000000000E+01   1.00000000000E+02   1.10000000000E+02   1.20000000000E+02
   1.30000000000E+02   1.40000000000E+02   1.50000000000E+02   1.60000000000E+02
   1.70000000000E+02   1.80000000000E+02   1.90000000000E+02   2.00000000000E+02
   0.00000000000E+00   0.00000000000E+00   9.86093100000E-01   9.97552600000E-01
   9.98320300000E-01   9.98429400000E-01   9.98300300000E-01   9.98235500000E-01
   9.98278200000E-01   9.98406900000E-01   9.98581000000E-01   9.98763600000E-01
   9.98935500000E-01   9.99086200000E-01   9.99206300000E-01   9.99291100000E-01
   1.12932700000E+00   1.31881900000E+00   1.45148300000E+00   1.54017000000E+00
   1.60183100000E+00   1.64669600000E+00   1.68111500000E+00   1.71066400000E+00
   1.73037800000E+00   1.75722800000E+00   1.77251500000E+00   1.77999400000E+00
   1.78426500000E+00   1.78800600000E+00   1.82744800000E+00   1.91919700000E+00
   2.00445800000E+00   2.07198800000E+00   2.12515700000E+00   2.19427100000E+00
   2.24115600000E+00   2.30110200000E+00   2.37415600000E+00   2.44840100000E+00
   2.51329500000E+00   2.56852300000E+00   2.62107000000E+00   2.67729000000E+00
   2.73443900000E+00   2.79126400000E+00   2.84960500000E+00   2.90564700000E+00
   2.95701100000E+00   3.00750600000E+00   3.06282400000E+00   3.11135700000E+00
   3.16420000000E+00   3.21872400000E+00   3.25623500000E+00   3.30562800000E+00
   3.34989000000E+00   3.39037100000E+00   3.43347500000E+00   3.47828300000E+00
   3.58747300000E+00   3.68393300000E+00   3.78365200000E+00   3.87982900000E+00
   4.07150400000E+00   4.25335500000E+00   4.42466900000E+00   4.65304500000E+00
   4.83263000000E+00   5.00664500000E+00   5.18558300000E+00   5.34802700000E+00
   5.50826000000E+00   5.66334800000E+00                   0                   1
                   0                   4                  10                   0
                   2   1.00000000000E+00   2.00000000000E+02   1.00000000000E+00
   1.00000000000E+00                   0                  31   1.00000000000E+00
   8.64259800000E+00   1.00000000000E+01   1.20000000000E+01   1.40000000000E+01
   1.60000000000E+01   1.80000000000E+01   2.00000000000E+01   2.20000000000E+01
   2.40000000000E+01   2.60000000000E+01   2.80000000000E+01   3.00000000000E+01
   3.20000000000E+01   3.60000000000E+01   4.00000000000E+01   4.40000000000E+01
   4.80000000000E+01   5.00000000000E+01   5.20000000000E+01   5.60000000000E+01
   6.00000000000E+01   7.00000000000E+01   8.00000000000E+01   9.00000000000E+01
   1.00000000000E+02   1.20000000000E+02   1.40000000000E+02   1.60000000000E+02
   1.80000000000E+02   2.00000000000E+02                  74                  97
                 120                 234                 560                1178
                1961                2843                3802                5013
                6289                7617                8997               10416
               11861               13371               15173               17020
               18897               20789               22696               24633
               26585               28848               31162               33786
               36429               39392               42683               45997
               49334                   2                   3   0.00000000000E+00
   5.00000000000E-07   1.00000000000E-06   0.00000000000E+00   2.00000000000E+06
   0.00000000000E+00   0.00000000000E+00   5.00000000000E-01   1.00000000000E+00
                   0                   0                   0                   0
                   0                   0                   0                   0
                   0                   0                   0                   0
                   2                   3   0.00000000000E+00   5.00000000000E-07
   1.00000000000E-06   0.00000000000E+00   2.00000000000E+06   0.00000000000E+00
   0.00000000000E+00   5.00000000000E-01   1.00000000000E+00                   0
                   0                   0                   0                   0
                   0                   0                   0                   0
                   0                   0                   0                   2
                  16   0.00000000000E+00   2.50000000000E-02   1.00000000000E-01
   2.00000000000E-01   3.00000000000E-01   4.00000000000E-01   5.00000000000E-01
   6.00000000000E-01   7.00000000000E-01   8.00000000000E-01   9.00000000000E-01
   1.00000000000E+00   1.10000000000E+00   1.20000000000E+00   1.30000000000E+00
   1.40000000000E+00   0.00000000000E+00   1.74622400000E-01   6.98402100000E-01
   2.11785400000E-01   7.40997800000E-01   8.32129700000E-01   9.58227100000E-01
   2.42037500000E+00   7.18686100000E-01   8.39197700000E-01   7.61160700000E-01
   7.63301400000E-01   7.97875300000E-01   7.19323000000E-08   8.66834000000E-09
   5.15701900000E-01   0.00000000000E+00   2.18277994000E-03   3.49211978000E-02
   8.04305716000E-02   1.28069730000E-01   2.06726103000E-01   2.96243941000E-01
   4.65174041000E-01   6.22127092000E-01   7.00021280000E-01   7.80039198000E-01
   8.56262301000E-01   9.34321134000E-01   9.74214901000E-01   9.74214905000E-01
   1.00000000000E+00                   0                   0                   0
                   0                   0                   0                   0
                   0                   0                   0                   0
                   0                   0                   0                   0
                   0                   0                   0                   0
                   0                   0                   0                   0
                   0                   0                   0                   0
                   0                   0                   0                   0
                   0                   0                   0                   0
                   0                   0                   0                   0
                   0                   0                   0                   0
                   0                   0                   0                   0
                   0                   0                   0                   0
                   0                   0                   0                   0
                   0                   0                   0                   0
                   0                   0                   0                   0
                   0                   2                  36                   0
                   0                   0                   0                   0
                   0                   1   6.00000000000E-01                   1
                   1   9.00000000000E-01                   1                   1
                   1                   1                   1                   2
                   2                   2                   2                   2
                   2   2.10000000000E+00   2.20000000000E+00   2.30000000000E+00
   2.40000000000E+00                   3                   3   2.70000000000E+00
   2.80000000000E+00   2.90000000000E+00                   3                   3
                   3   3.30000000000E+00   3.40000000000E+00   0.00000000000E+00
   6.32558600000E-02   2.52018000000E-01   4.46280400000E-01   5.34341200000E-01
   5.56128200000E-01   5.44641100000E-01   5.18144500000E-01   4.86102200000E-01
   4.53138000000E-01   4.21326300000E-01   3.91462200000E-01   3.63695300000E-01
   3.37893500000E-01   3.13810800000E-01   2.91173900000E-01   2.69740000000E-01
   2.49303700000E-01   2.29707000000E-01   2.10839400000E-01   1.02395600000E-01
   2.41516200000E-01   5.73020500000E-01   1.58787400000E-01   2.97017400000E-01
   2.15876000000E-01   2.19849400000E-01   4.98973600000E-01   1.70187500000E-01
   1.69561700000E-01   1.39298400000E-01   1.40086400000E-01   1.40376700000E-01
   8.48971000000E-09   9.98164000000E-10   1.26363500000E-01   0.00000000000E+00
   7.90698255000E-04   1.26134681000E-02   4.75283883000E-02   9.65594686000E-02
   1.51082939000E-01   2.06121404000E-01   2.59260685000E-01   3.09473020000E-01
   3.56435030000E-01   4.00158245000E-01   4.40797671000E-01   4.78555546000E-01
   5.13634986000E-01   5.46220201000E-01   5.76469436000E-01   6.04515132000E-01
   6.30467317000E-01   6.54417852000E-01   6.76445172000E-01   6.92106922000E-01
   7.09302512000E-01   7.50029348000E-01   7.86619743000E-01   8.09409983000E-01
   8.35054653000E-01   8.56840923000E-01   8.92782073000E-01   9.26240129000E-01
   9.43227589000E-01   9.58670594000E-01   9.72639834000E-01   9.86662989000E-01
   9.93681824000E-01   9.93681825000E-01   1.00000000000E+00   0.00000000000E+00
   0.00000000000E+00   0.00000000000E+00   0.00000000000E+00   0.00000000000E+00
   0.00000000000E+00   0.00000000000E+00   0.00000000000E+00   0.00000000000E+00
   0.00000000000E+00   0.00000000000E+00   0.00000000000E+00   0.00000000000E+00
   0.00000000000E+00   0.00000000000E+00   0.00000000000E+00   0.00000000000E+00
   0.00000000000E+00   0.00000000000E+00   0.00000000000E+00   0.00000000000E+00
   0.00000000000E+00   0.00000000000E+00   0.00000000000E+00   0.00000000000E+00
                   0                   0                   0                   0
                   0                   0                   0                   0
                   0                   0                   0                   0
                   0                   0                   0                   0
                   0                   0                   0                   0
                   0                   0                   0                   0
                   0                   0                   0
