 41093.00u   92.108260  0.0000E+00   05/27/20
Ace Nb93 IAEA-PD                                                         mat4125
      0         0.      0         0.      0         0.      0         0.
      0         0.      0         0.      0         0.      0         0.
      0         0.      0         0.      0         0.      0         0.
      0         0.      0         0.      0         0.      0         0.
   335058    41093       89        1        7        2       12        0
        0        0        0        0        0        0        0        1
        1       90       90        0      179      268      269      270
      271      362      446        0        0        0        0        0
        0        0        0        0        0        0        0        0
        0        0        0        0        0        0        0        0
   9.99999000000E-01   1.00000000000E+00   1.50000000000E+00   2.00000000000E+00
   2.50000000000E+00   3.00000000000E+00   3.50000000000E+00   4.00000000000E+00
   4.50000000000E+00   5.00000000000E+00   5.50000000000E+00   6.00000000000E+00
   6.50000000000E+00   7.00000000000E+00   7.50000000000E+00   8.00000000000E+00
   8.50000000000E+00   9.00000000000E+00   9.50000000000E+00   1.00000000000E+01
   1.05000000000E+01   1.10000000000E+01   1.15000000000E+01   1.20000000000E+01
   1.25000000000E+01   1.30000000000E+01   1.35000000000E+01   1.40000000000E+01
   1.45000000000E+01   1.50000000000E+01   1.55000000000E+01   1.60000000000E+01
   1.65000000000E+01   1.70000000000E+01   1.75000000000E+01   1.80000000000E+01
   1.85000000000E+01   1.90000000000E+01   1.95000000000E+01   2.00000000000E+01
   2.10000000000E+01   2.20000000000E+01   2.30000000000E+01   2.40000000000E+01
   2.50000000000E+01   2.60000000000E+01   2.70000000000E+01   2.80000000000E+01
   2.90000000000E+01   3.00000000000E+01   3.20000000000E+01   3.40000000000E+01
   3.60000000000E+01   3.80000000000E+01   4.00000000000E+01   4.20000000000E+01
   4.40000000000E+01   4.60000000000E+01   4.80000000000E+01   5.00000000000E+01
   5.20000000000E+01   5.40000000000E+01   5.60000000000E+01   5.80000000000E+01
   6.00000000000E+01   6.20000000000E+01   6.40000000000E+01   6.60000000000E+01
   6.80000000000E+01   7.00000000000E+01   7.20000000000E+01   7.40000000000E+01
   7.60000000000E+01   7.80000000000E+01   8.00000000000E+01   8.50000000000E+01
   9.00000000000E+01   9.50000000000E+01   1.00000000000E+02   1.10000000000E+02
   1.20000000000E+02   1.30000000000E+02   1.40000000000E+02   1.50000000000E+02
   1.60000000000E+02   1.70000000000E+02   1.80000000000E+02   1.90000000000E+02
   2.00000000000E+02   0.00000000000E+00   8.59565400000E-06   2.38931400000E-05
   5.10323400000E-05   9.40222300000E-05   1.57613100000E-04   2.47571100000E-04
   3.71053500000E-04   5.37139200000E-04   7.57586700000E-04   1.04789100000E-03
   1.42862600000E-03   1.92675800000E-03   2.57558800000E-03   3.40951600000E-03
   4.44747000000E-03   5.67080300000E-03   7.04369200000E-03   8.60805600000E-03
   1.05347000000E-02   1.30627300000E-02   1.64561200000E-02   2.10301200000E-02
   2.72036500000E-02   3.55534200000E-02   4.68692900000E-02   6.22018300000E-02
   8.28188600000E-02   1.09764200000E-01   1.42456800000E-01   1.76281600000E-01
   2.01791900000E-01   2.10262100000E-01   2.01997900000E-01   1.85249700000E-01
   1.67181200000E-01   1.49049100000E-01   1.30846800000E-01   1.15259700000E-01
   1.03773100000E-01   8.62384800000E-02   6.68310500000E-02   5.05412200000E-02
   3.95276600000E-02   3.21312800000E-02   2.69351200000E-02   2.31171100000E-02
   2.02089100000E-02   1.79315500000E-02   1.61100800000E-02   1.34109500000E-02
   1.15516400000E-02   1.02376400000E-02   9.29642600000E-03   8.61844800000E-03
   8.12991000000E-03   7.77907000000E-03   7.52867300000E-03   7.35143600000E-03
   7.22716600000E-03   7.14082500000E-03   7.08117100000E-03   7.03978300000E-03
   7.01035800000E-03   6.98818200000E-03   6.96974300000E-03   6.95244300000E-03
   6.93437600000E-03   6.91416800000E-03   6.89084600000E-03   6.86375000000E-03
   6.83245700000E-03   6.79672800000E-03   6.75646300000E-03   6.71167300000E-03
   6.58064600000E-03   6.42494400000E-03   6.24873700000E-03   6.05678300000E-03
   5.64549100000E-03   5.23016900000E-03   4.84754500000E-03   4.53131700000E-03
   4.13827800000E-03   3.79880100000E-03   3.50320500000E-03   3.24394900000E-03
   3.01508300000E-03   2.81185100000E-03   0.00000000000E+00   1.00000000000E+00
   1.04474400000E+00   1.08948900000E+00   1.13423400000E+00   9.12400400000E-01
   6.27123400000E-01   3.00342100000E-01   2.99959900000E-01   2.89300600000E-01
   2.58614500000E-01   2.02616800000E-01   2.09168400000E-01   1.96646800000E-01
   1.66837200000E-01   1.24545100000E-01   2.15532700000E+00   6.75169000000E+00
   8.11642700000E+00   8.83655200000E+00   8.89809500000E+00   8.84968800000E+00
   8.90621600000E+00   8.91362400000E+00   8.96015200000E+00   8.97371100000E+00
   8.96773400000E+00   8.95071600000E+00   8.96782100000E+00   8.98730900000E+00
   9.00390200000E+00   9.01678900000E+00   9.27023400000E+00   9.61492700000E+00
   1.03707700000E+01   1.10939900000E+01   1.17642900000E+01   1.22904800000E+01
   1.27257500000E+01   1.31376300000E+01   1.37787800000E+01   1.44180400000E+01
   1.49042700000E+01   1.53988900000E+01   1.59056000000E+01   1.63835800000E+01
   1.68826100000E+01   1.73881100000E+01   1.80191200000E+01   1.86823300000E+01
   2.02049200000E+01   2.17903300000E+01   2.32928700000E+01   2.46378300000E+01
   2.59419000000E+01   2.72182400000E+01   2.84863300000E+01   2.97956100000E+01
   3.10390600000E+01   3.23650100000E+01   3.36334100000E+01   3.49035000000E+01
   3.60765900000E+01   3.73485500000E+01   3.85486100000E+01   3.97277600000E+01
   4.09211300000E+01   4.21104400000E+01   4.32319400000E+01   4.43724600000E+01
   4.55490400000E+01   4.67127100000E+01   4.79034100000E+01   4.90050600000E+01
   5.01561300000E+01   5.29973400000E+01   5.57857700000E+01   5.85753000000E+01
   6.14295400000E+01   6.71195600000E+01   7.27213400000E+01   7.85601900000E+01
   8.39841000000E+01   8.97071900000E+01   9.52906100000E+01   1.01106200000E+02
   1.06727500000E+02   1.12501000000E+02   1.18404400000E+02                   5
   0.00000000000E+00                   1                   1                  89
   0.00000000000E+00   8.59565400000E-06   2.38931400000E-05   5.10323400000E-05
   9.40222300000E-05   1.57613100000E-04   2.47571100000E-04   3.71053500000E-04
   5.37139200000E-04   7.57586700000E-04   1.04789100000E-03   1.42862600000E-03
   1.92675800000E-03   2.57558800000E-03   3.40951600000E-03   4.44747000000E-03
   5.67080300000E-03   7.04369200000E-03   8.60805600000E-03   1.05347000000E-02
   1.30627300000E-02   1.64561200000E-02   2.10301200000E-02   2.72036500000E-02
   3.55534200000E-02   4.68692900000E-02   6.22018300000E-02   8.28188600000E-02
   1.09764200000E-01   1.42456800000E-01   1.76281600000E-01   2.01791900000E-01
   2.10262100000E-01   2.01997900000E-01   1.85249700000E-01   1.67181200000E-01
   1.49049100000E-01   1.30846800000E-01   1.15259700000E-01   1.03773100000E-01
   8.62384800000E-02   6.68310500000E-02   5.05412200000E-02   3.95276600000E-02
   3.21312800000E-02   2.69351200000E-02   2.31171100000E-02   2.02089100000E-02
   1.79315500000E-02   1.61100800000E-02   1.34109500000E-02   1.15516400000E-02
   1.02376400000E-02   9.29642600000E-03   8.61844800000E-03   8.12991000000E-03
   7.77907000000E-03   7.52867300000E-03   7.35143600000E-03   7.22716600000E-03
   7.14082500000E-03   7.08117100000E-03   7.03978300000E-03   7.01035800000E-03
   6.98818200000E-03   6.96974300000E-03   6.95244300000E-03   6.93437600000E-03
   6.91416800000E-03   6.89084600000E-03   6.86375000000E-03   6.83245700000E-03
   6.79672800000E-03   6.75646300000E-03   6.71167300000E-03   6.58064600000E-03
   6.42494400000E-03   6.24873700000E-03   6.05678300000E-03   5.64549100000E-03
   5.23016900000E-03   4.84754500000E-03   4.53131700000E-03   4.13827800000E-03
   3.79880100000E-03   3.50320500000E-03   3.24394900000E-03   3.01508300000E-03
   2.81185100000E-03                   1                   1                 446
                 521                 596                 597                 598
                 599                 751                 752                 752
                 753                   2                   1               53460
               53551               53642               53643               53644
               53645               53821               53822               53822
               53823                   9                   1               67478
               67558               67638               67639               67640
               67641               67803               67804               67804
               67805                  31                   1              125466
              125534              125602              125603              125604
              125605              125741              125742              125742
              125743                  32                   1              174381
              174447              174513              174514              174515
              174516              174648              174649              174649
              174650                  33                   1              222401
              222461              222521              222522              222523
              222524              222648              222649              222649
              222650                  34                   1              267072
              267159              267246              267247              267248
              267249              267427              267428              267428
              267429                  17                  73   0.00000000000E+00
   3.73767700000E-03   8.54785100000E-03   1.04600400000E-02   1.29636600000E-02
   1.63195400000E-02   2.07685600000E-02   2.67307100000E-02   3.47646400000E-02
   4.56317200000E-02   6.03388800000E-02   8.00922400000E-02   1.05882700000E-01
   1.36983900000E-01   1.68835500000E-01   1.92256100000E-01   1.99024800000E-01
   1.95445800000E-01   1.99085800000E-01   1.95534100000E-01   1.84913400000E-01
   1.68899500000E-01   1.53345400000E-01   1.40965700000E-01   1.20658000000E-01
   9.51647400000E-02   7.25839600000E-02   5.71871600000E-02   4.66480300000E-02
   3.91180100000E-02   3.36111700000E-02   2.94134200000E-02   2.61672400000E-02
   2.36778100000E-02   2.02520000000E-02   1.81135500000E-02   1.65962600000E-02
   1.55001500000E-02   1.47182700000E-02   1.41988100000E-02   1.38890900000E-02
   1.37398100000E-02   1.37420000000E-02   1.38226600000E-02   1.39318900000E-02
   1.40803300000E-02   1.43405900000E-02   1.45386600000E-02   1.47673700000E-02
   1.50009400000E-02   1.52422700000E-02   1.54320900000E-02   1.56878100000E-02
   1.58806100000E-02   1.60917400000E-02   1.62793300000E-02   1.64138500000E-02
   1.65952600000E-02   1.67387600000E-02   1.69997800000E-02   1.71527700000E-02
   1.72777500000E-02   1.72675200000E-02   1.70707900000E-02   1.66725300000E-02
   1.61802300000E-02   1.58948200000E-02   1.51346900000E-02   1.44643300000E-02
   1.38329200000E-02   1.32693600000E-02   1.27897400000E-02   1.23177300000E-02
                  17                  73   0.00000000000E+00   6.14239900000E-02
   4.54740400000E-01   7.94461700000E-01   9.15296100000E-01   1.03578100000E+00
   1.15209900000E+00   1.26636100000E+00   1.32868000000E+00   1.39115800000E+00
   1.45405300000E+00   1.51735100000E+00   1.60074600000E+00   1.68262200000E+00
   1.76253600000E+00   1.83945300000E+00   1.86527600000E+00   1.94528300000E+00
   2.20354300000E+00   2.44480700000E+00   2.68362000000E+00   2.88620400000E+00
   3.07166600000E+00   3.23516200000E+00   3.62463000000E+00   3.98667300000E+00
   4.31505200000E+00   4.64346200000E+00   4.93293000000E+00   5.20807700000E+00
   5.46853300000E+00   5.72905100000E+00   5.97821400000E+00   6.25690700000E+00
   6.91250700000E+00   7.53830400000E+00   8.16612100000E+00   8.81361500000E+00
   9.45209200000E+00   1.01002800000E+01   1.07690800000E+01   1.14358200000E+01
   1.21519500000E+01   1.28507000000E+01   1.36026900000E+01   1.42750300000E+01
   1.50460200000E+01   1.57788000000E+01   1.65475400000E+01   1.73141400000E+01
   1.81054400000E+01   1.88547300000E+01   1.97085500000E+01   2.05112700000E+01
   2.13158000000E+01   2.21201800000E+01   2.28835100000E+01   2.37455400000E+01
   2.45891800000E+01   2.66706600000E+01   2.88038000000E+01   3.09318900000E+01
   3.30275500000E+01   3.72888200000E+01   4.16921400000E+01   4.57432400000E+01
   5.02672000000E+01   5.44183500000E+01   5.87474300000E+01   6.28200100000E+01
   6.70412700000E+01   7.11777400000E+01   7.52143600000E+01                   5
                  -1                   1                   6                   5
                   0                  74   1.00000000000E+00   8.83086300000E+00
   9.00000000000E+00   9.50000000000E+00   1.00000000000E+01   1.05000000000E+01
   1.10000000000E+01   1.15000000000E+01   1.20000000000E+01   1.25000000000E+01
   1.30000000000E+01   1.35000000000E+01   1.40000000000E+01   1.45000000000E+01
   1.50000000000E+01   1.55000000000E+01   1.60000000000E+01   1.65000000000E+01
   1.70000000000E+01   1.75000000000E+01   1.80000000000E+01   1.85000000000E+01
   1.90000000000E+01   1.95000000000E+01   2.00000000000E+01   2.10000000000E+01
   2.20000000000E+01   2.30000000000E+01   2.40000000000E+01   2.50000000000E+01
   2.60000000000E+01   2.70000000000E+01   2.80000000000E+01   2.90000000000E+01
   3.00000000000E+01   3.20000000000E+01   3.40000000000E+01   3.60000000000E+01
   3.80000000000E+01   4.00000000000E+01   4.20000000000E+01   4.40000000000E+01
   4.60000000000E+01   4.80000000000E+01   5.00000000000E+01   5.20000000000E+01
   5.40000000000E+01   5.60000000000E+01   5.80000000000E+01   6.00000000000E+01
   6.20000000000E+01   6.40000000000E+01   6.60000000000E+01   6.80000000000E+01
   7.00000000000E+01   7.20000000000E+01   7.40000000000E+01   7.60000000000E+01
   7.80000000000E+01   8.00000000000E+01   8.50000000000E+01   9.00000000000E+01
   9.50000000000E+01   1.00000000000E+02   1.10000000000E+02   1.20000000000E+02
   1.30000000000E+02   1.40000000000E+02   1.50000000000E+02   1.60000000000E+02
   1.70000000000E+02   1.80000000000E+02   1.90000000000E+02   2.00000000000E+02
   0.00000000000E+00   0.00000000000E+00   5.30641700000E-01   9.93006000000E-01
   9.92912900000E-01   9.92415800000E-01   9.91700400000E-01   9.87562600000E-01
   9.82614800000E-01   9.77814200000E-01   9.73595300000E-01   9.70049900000E-01
   9.67077300000E-01   9.64637800000E-01   9.61582000000E-01   9.57760200000E-01
   9.52744400000E-01   9.46555800000E-01   9.67563500000E-01   1.07468900000E+00
   1.16959400000E+00   1.24062100000E+00   1.29081900000E+00   1.33043400000E+00
   1.35840300000E+00   1.39912000000E+00   1.42396000000E+00   1.43613400000E+00
   1.44676300000E+00   1.45179500000E+00   1.45230500000E+00   1.45395200000E+00
   1.45546800000E+00   1.45928500000E+00   1.46975100000E+00   1.51010900000E+00
   1.56805000000E+00   1.62110200000E+00   1.66732400000E+00   1.70776300000E+00
   1.74649000000E+00   1.78544400000E+00   1.82499800000E+00   1.86929500000E+00
   1.91259800000E+00   1.95102000000E+00   1.98841800000E+00   2.03707800000E+00
   2.07388300000E+00   2.11319200000E+00   2.15229500000E+00   2.19236200000E+00
   2.22544800000E+00   2.26893700000E+00   2.30459500000E+00   2.34445300000E+00
   2.38264700000E+00   2.41496300000E+00   2.45620500000E+00   2.49397700000E+00
   2.58330000000E+00   2.66971500000E+00   2.76499900000E+00   2.85093900000E+00
   3.02379200000E+00   3.18776100000E+00   3.33781900000E+00   3.50777000000E+00
   3.65724300000E+00   3.80760400000E+00   3.94864700000E+00   4.09049600000E+00
   4.24192000000E+00   4.38064800000E+00                   0                   1
                   0                   4                  10                   0
                   2   1.00000000000E+00   2.00000000000E+02   1.00000000000E+00
   1.00000000000E+00                   0                  31   1.00000000000E+00
   8.83086300000E+00   1.00000000000E+01   1.20000000000E+01   1.40000000000E+01
   1.60000000000E+01   1.80000000000E+01   2.00000000000E+01   2.20000000000E+01
   2.40000000000E+01   2.60000000000E+01   2.80000000000E+01   3.00000000000E+01
   3.20000000000E+01   3.60000000000E+01   4.00000000000E+01   4.40000000000E+01
   4.80000000000E+01   5.00000000000E+01   5.20000000000E+01   5.60000000000E+01
   6.00000000000E+01   7.00000000000E+01   8.00000000000E+01   9.00000000000E+01
   1.00000000000E+02   1.20000000000E+02   1.40000000000E+02   1.60000000000E+02
   1.80000000000E+02   2.00000000000E+02                  74                 109
                 144                 300                 676                1272
                2033                2893                4013                5211
                6474                7789                9156               10562
               12007               13504               15291               17123
               18985               20877               22784               24706
               26658               28921               31218               33823
               36466               39429               42720               46034
               49371                   2                   3   0.00000000000E+00
   5.00000000000E-07   1.00000000000E-06   0.00000000000E+00   2.00000000000E+06
   0.00000000000E+00   0.00000000000E+00   5.00000000000E-01   1.00000000000E+00
                   0                   0                   0                   0
                   0                   0                   0                   0
                   0                   0                   0                   0
                   0                   0                   0                   0
                   0                   0                   0                   0
                   0                   0                   0                   0
                   2                   3   0.00000000000E+00   5.00000000000E-07
   1.00000000000E-06   0.00000000000E+00   2.00000000000E+06   0.00000000000E+00
   0.00000000000E+00   5.00000000000E-01   1.00000000000E+00                   0
                   0                   0                   0                   0
                   0                   0                   0                   0
                   0                   0                   0                   0
                   0                   0                   0                   0
                   0                   0                   0                   0
                   0                   0                   0                   2
                  14   0.00000000000E+00   2.50000000000E-02   1.00000000000E-01
   2.00000000000E-01   3.00000000000E-01   4.00000000000E-01   5.00000000000E-01
   6.00000000000E-01   7.00000000000E-01   8.00000000000E-01   9.00000000000E-01
   1.00000000000E+00   1.10000000000E+00   1.20000000000E+00   0.00000000000E+00
   1.65326600000E-03   6.35997200000E-03   9.03008100000E-02   5.64921000000E-05
   3.47822000000E-05   1.66091000000E-05   7.71366000000E-06   3.99086500000E+00
   3.31942900000E+00   1.57435400000E+00   5.28386200000E-01   2.50940000000E-08
   9.80314900000E-01   0.00000000000E+00   2.06658256000E-05   3.21162260000E-04
   5.15420151000E-03   9.67206675000E-03   9.67663047000E-03   9.67920003000E-03
   9.68041617000E-03   2.09224058000E-01   5.74738769000E-01   8.19427927000E-01
   9.24564940000E-01   9.50984252000E-01   1.00000000000E+00                   0
                   0                   0                   0                   0
                   0                   0                   0                   0
                   0                   0                   0                   0
                   0                   0                   0                   0
                   0                   0                   0                   0
                   0                   0                   0                   0
                   0                   0                   0                   0
                   0                   0                   0                   0
                   0                   0                   0                   0
                   0                   0                   0                   0
                   0                   0                   0                   0
                   0                   0                   0                   0
                   0                   0                   0                   0
                   0                   0                   0                   0
                   0                   0                   0                   0
                   0                   0                   0                   0
                   0                   0                   0                   0
                   0                   0                   0                   0
                   0                   0                   0                   0
                   0                   0                   0                   0
                   0                   0                   0                   0
                   0
