 41094.00u   93.100570  0.0000E+00   02/26/20
Ace Nb94 IAEA-PD                                                         mat4128
      0         0.      0         0.      0         0.      0         0.
      0         0.      0         0.      0         0.      0         0.
      0         0.      0         0.      0         0.      0         0.
      0         0.      0         0.      0         0.      0         0.
   342244    41094       89        1        7        2       12        0
        0        0        0        0        0        0        0        1
        1       90       90        0      179      268      269      270
      271      362      446        0        0        0        0        0
        0        0        0        0        0        0        0        0
        0        0        0        0        0        0        0        0
   9.99999000000E-01   1.00000000000E+00   1.50000000000E+00   2.00000000000E+00
   2.50000000000E+00   3.00000000000E+00   3.50000000000E+00   4.00000000000E+00
   4.50000000000E+00   5.00000000000E+00   5.50000000000E+00   6.00000000000E+00
   6.50000000000E+00   7.00000000000E+00   7.50000000000E+00   8.00000000000E+00
   8.50000000000E+00   9.00000000000E+00   9.50000000000E+00   1.00000000000E+01
   1.05000000000E+01   1.10000000000E+01   1.15000000000E+01   1.20000000000E+01
   1.25000000000E+01   1.30000000000E+01   1.35000000000E+01   1.40000000000E+01
   1.45000000000E+01   1.50000000000E+01   1.55000000000E+01   1.60000000000E+01
   1.65000000000E+01   1.70000000000E+01   1.75000000000E+01   1.80000000000E+01
   1.85000000000E+01   1.90000000000E+01   1.95000000000E+01   2.00000000000E+01
   2.10000000000E+01   2.20000000000E+01   2.30000000000E+01   2.40000000000E+01
   2.50000000000E+01   2.60000000000E+01   2.70000000000E+01   2.80000000000E+01
   2.90000000000E+01   3.00000000000E+01   3.20000000000E+01   3.40000000000E+01
   3.60000000000E+01   3.80000000000E+01   4.00000000000E+01   4.20000000000E+01
   4.40000000000E+01   4.60000000000E+01   4.80000000000E+01   5.00000000000E+01
   5.20000000000E+01   5.40000000000E+01   5.60000000000E+01   5.80000000000E+01
   6.00000000000E+01   6.20000000000E+01   6.40000000000E+01   6.60000000000E+01
   6.80000000000E+01   7.00000000000E+01   7.20000000000E+01   7.40000000000E+01
   7.60000000000E+01   7.80000000000E+01   8.00000000000E+01   8.50000000000E+01
   9.00000000000E+01   9.50000000000E+01   1.00000000000E+02   1.10000000000E+02
   1.20000000000E+02   1.30000000000E+02   1.40000000000E+02   1.50000000000E+02
   1.60000000000E+02   1.70000000000E+02   1.80000000000E+02   1.90000000000E+02
   2.00000000000E+02   0.00000000000E+00   1.11865800000E-05   3.13944200000E-05
   6.75037100000E-05   1.24988100000E-04   2.10334200000E-04   3.31418400000E-04
   4.98019500000E-04   7.22539900000E-04   1.02102600000E-03   1.41458200000E-03
   1.93114800000E-03   2.60717300000E-03   3.48724400000E-03   4.61627200000E-03
   6.01607100000E-03   7.65656400000E-03   9.48918900000E-03   1.15755400000E-02
   1.41430200000E-02   1.74954900000E-02   2.19547400000E-02   2.78869800000E-02
   3.57487600000E-02   4.61135100000E-02   5.96603000000E-02   7.70912700000E-02
   9.88826900000E-02   1.24679900000E-01   1.52278100000E-01   1.76906700000E-01
   1.92447600000E-01   1.94990200000E-01   1.85500700000E-01   1.68525600000E-01
   1.48898700000E-01   1.29826600000E-01   1.12807900000E-01   9.82524100000E-02
   8.60434000000E-02   6.72416600000E-02   5.40423000000E-02   4.45349600000E-02
   3.74831900000E-02   3.21063300000E-02   2.79057800000E-02   2.45557000000E-02
   2.18375600000E-02   1.96008900000E-02   1.77394400000E-02   1.48545800000E-02
   1.27722100000E-02   1.12483100000E-02   1.01260800000E-02   9.29836300000E-03
   8.68870300000E-03   8.24107600000E-03   7.91379600000E-03   7.67559900000E-03
   7.50295100000E-03   7.37810600000E-03   7.28767500000E-03   7.22155900000E-03
   7.17214800000E-03   7.13371400000E-03   7.10196100000E-03   7.07367900000E-03
   7.04648700000E-03   7.01863600000E-03   6.98886500000E-03   6.95628000000E-03
   6.92027800000E-03   6.88047300000E-03   6.83665000000E-03   6.78872400000E-03
   6.65125700000E-03   6.49050300000E-03   6.31013400000E-03   6.11461100000E-03
   5.69731800000E-03   5.27702600000E-03   4.89028200000E-03   4.57081900000E-03
   4.17409800000E-03   3.83151000000E-03   3.53324800000E-03   3.27168400000E-03
   3.04079900000E-03   2.83578800000E-03   0.00000000000E+00   1.00000000000E+00
   6.90159300000E-01   1.67319100000E-01   1.98843000000E-01   2.12752300000E-01
   2.07705900000E-01   1.74401100000E-01   2.00509000000E-01   1.97497200000E-01
   1.65616000000E-01   1.07659100000E-01   1.30741400000E-01   1.45247400000E-01
   5.07474100000E+00   6.62148700000E+00   6.06096500000E+00   6.00261200000E+00
   6.52869500000E+00   7.25155200000E+00   7.31066000000E+00   7.31805400000E+00
   7.28679500000E+00   7.22926500000E+00   7.23827400000E+00   7.24309700000E+00
   7.24602900000E+00   7.24614400000E+00   7.27287700000E+00   7.29419300000E+00
   7.30741500000E+00   7.30003200000E+00   8.43099200000E+00   1.00304600000E+01
   1.12943800000E+01   1.22901900000E+01   1.28467100000E+01   1.34058000000E+01
   1.39345900000E+01   1.44707200000E+01   1.48608400000E+01   1.52262400000E+01
   1.54548500000E+01   1.56390300000E+01   1.61174900000E+01   1.68050300000E+01
   1.78229200000E+01   1.88185000000E+01   1.97146300000E+01   2.05142100000E+01
   2.17439000000E+01   2.27377900000E+01   2.37184600000E+01   2.49061700000E+01
   2.62106600000E+01   2.79644000000E+01   2.96047100000E+01   3.09455700000E+01
   3.22436800000E+01   3.34457600000E+01   3.46796600000E+01   3.59701800000E+01
   3.72512700000E+01   3.86315400000E+01   3.99371200000E+01   4.11949700000E+01
   4.24073700000E+01   4.35814200000E+01   4.47280800000E+01   4.58755700000E+01
   4.70488100000E+01   4.82487200000E+01   4.94418200000E+01   5.06733200000E+01
   5.19152200000E+01   5.50391200000E+01   5.80418500000E+01   6.11029100000E+01
   6.40555300000E+01   7.03279800000E+01   7.63630100000E+01   8.25403300000E+01
   8.86277500000E+01   9.50063800000E+01   1.01215900000E+02   1.11791200000E+02
   1.18833400000E+02   1.25761700000E+02   1.32692500000E+02                   5
   0.00000000000E+00                   1                   1                  89
   0.00000000000E+00   1.11865800000E-05   3.13944200000E-05   6.75037100000E-05
   1.24988100000E-04   2.10334200000E-04   3.31418400000E-04   4.98019500000E-04
   7.22539900000E-04   1.02102600000E-03   1.41458200000E-03   1.93114800000E-03
   2.60717300000E-03   3.48724400000E-03   4.61627200000E-03   6.01607100000E-03
   7.65656400000E-03   9.48918900000E-03   1.15755400000E-02   1.41430200000E-02
   1.74954900000E-02   2.19547400000E-02   2.78869800000E-02   3.57487600000E-02
   4.61135100000E-02   5.96603000000E-02   7.70912700000E-02   9.88826900000E-02
   1.24679900000E-01   1.52278100000E-01   1.76906700000E-01   1.92447600000E-01
   1.94990200000E-01   1.85500700000E-01   1.68525600000E-01   1.48898700000E-01
   1.29826600000E-01   1.12807900000E-01   9.82524100000E-02   8.60434000000E-02
   6.72416600000E-02   5.40423000000E-02   4.45349600000E-02   3.74831900000E-02
   3.21063300000E-02   2.79057800000E-02   2.45557000000E-02   2.18375600000E-02
   1.96008900000E-02   1.77394400000E-02   1.48545800000E-02   1.27722100000E-02
   1.12483100000E-02   1.01260800000E-02   9.29836300000E-03   8.68870300000E-03
   8.24107600000E-03   7.91379600000E-03   7.67559900000E-03   7.50295100000E-03
   7.37810600000E-03   7.28767500000E-03   7.22155900000E-03   7.17214800000E-03
   7.13371400000E-03   7.10196100000E-03   7.07367900000E-03   7.04648700000E-03
   7.01863600000E-03   6.98886500000E-03   6.95628000000E-03   6.92027800000E-03
   6.88047300000E-03   6.83665000000E-03   6.78872400000E-03   6.65125700000E-03
   6.49050300000E-03   6.31013400000E-03   6.11461100000E-03   5.69731800000E-03
   5.27702600000E-03   4.89028200000E-03   4.57081900000E-03   4.17409800000E-03
   3.83151000000E-03   3.53324800000E-03   3.27168400000E-03   3.04079900000E-03
   2.83578800000E-03                   1                   1                 446
                 524                 602                 603                 604
                 605                 763                 764                 764
                 765                   2                   1               55751
               55842               55933               55934               55935
               55936               56116               56117               56117
               56118                   9                   1               69840
               69919               69998               69999               70000
               70001               70161               70162               70162
               70163                  31                   1              127967
              128037              128107              128108              128109
              128110              128252              128253              128253
              128254                  32                   1              179554
              179620              179686              179687              179688
              179689              179821              179822              179822
              179823                  33                   1              227991
              228051              228111              228112              228113
              228114              228240              228241              228241
              228242                  34                   1              273756
              273842              273928              273929              273930
              273931              274107              274108              274108
              274109                  14                  76   0.00000000000E+00
   3.21703400000E-03   5.52630600000E-03   7.52182900000E-03   9.40717000000E-03
   1.15034400000E-02   1.40728300000E-02   1.74181600000E-02   2.18656300000E-02
   2.77809000000E-02   3.56179100000E-02   4.59435700000E-02   5.94261400000E-02
   7.67505900000E-02   9.83681100000E-02   1.23892600000E-01   1.51091600000E-01
   1.75202000000E-01   1.90158400000E-01   2.06766600000E-01   2.32902600000E-01
   2.37643700000E-01   2.27550000000E-01   2.08885000000E-01   1.89248200000E-01
   1.68777700000E-01   1.50028800000E-01   1.19179600000E-01   9.62285800000E-02
   7.93318600000E-02   6.65618200000E-02   5.74006300000E-02   5.16642900000E-02
   4.76849600000E-02   4.44699600000E-02   4.14367500000E-02   3.84497600000E-02
   3.30232500000E-02   2.87443300000E-02   2.54035800000E-02   2.29103600000E-02
   2.13611500000E-02   2.05484700000E-02   2.00694100000E-02   1.97009600000E-02
   1.94297100000E-02   1.92419800000E-02   1.91933500000E-02   1.92862900000E-02
   1.94543000000E-02   1.97118600000E-02   1.99424500000E-02   2.01685100000E-02
   2.03798500000E-02   2.06098000000E-02   2.08423800000E-02   2.10453000000E-02
   2.13226000000E-02   2.15199600000E-02   2.16844000000E-02   2.18214300000E-02
   2.19541400000E-02   2.22205000000E-02   2.24225400000E-02   2.24241300000E-02
   2.23496400000E-02   2.19162400000E-02   2.13592200000E-02   2.07053100000E-02
   2.01591300000E-02   1.91173600000E-02   1.82175800000E-02   1.73993900000E-02
   1.78226500000E-02   1.70955200000E-02   1.64145900000E-02                  14
                  76   0.00000000000E+00   1.95062200000E-01   7.28961600000E-01
   8.51467600000E-01   9.31750000000E-01   1.00671800000E+00   1.08079200000E+00
   1.17130300000E+00   1.26168200000E+00   1.35198300000E+00   1.44216800000E+00
   1.47901300000E+00   1.51553000000E+00   1.55163200000E+00   1.58723400000E+00
   1.62135200000E+00   1.65477900000E+00   1.68747300000E+00   1.71931200000E+00
   1.78664700000E+00   2.04622800000E+00   2.22045900000E+00   2.32216300000E+00
   2.52595600000E+00   2.71832600000E+00   2.87003800000E+00   3.00112200000E+00
   3.28848600000E+00   3.54267000000E+00   3.77722200000E+00   3.99781500000E+00
   4.17920900000E+00   4.48751900000E+00   4.80802200000E+00   5.14796200000E+00
   5.49721200000E+00   5.79308000000E+00   6.45211900000E+00   7.01508900000E+00
   7.52474900000E+00   8.00690500000E+00   8.60581700000E+00   9.21049300000E+00
   9.84603500000E+00   1.04994800000E+01   1.11180700000E+01   1.17372600000E+01
   1.23878200000E+01   1.30653700000E+01   1.37712700000E+01   1.44801000000E+01
   1.51661800000E+01   1.58670300000E+01   1.65644400000E+01   1.72901200000E+01
   1.80360100000E+01   1.87773200000E+01   1.95607100000E+01   2.02978100000E+01
   2.10306800000E+01   2.17645500000E+01   2.25229400000E+01   2.43657300000E+01
   2.63320500000E+01   2.82243400000E+01   3.02002700000E+01   3.38823000000E+01
   3.78593000000E+01   4.15579400000E+01   4.53263900000E+01   4.88375700000E+01
   5.25357900000E+01   5.18488400000E+01   5.45207700000E+01   5.75249300000E+01
   6.05216100000E+01                   5                  -1                   1
                   6                   5                   0                  77
   1.00000000000E+00   7.22754100000E+00   7.50000000000E+00   8.00000000000E+00
   8.50000000000E+00   9.00000000000E+00   9.50000000000E+00   1.00000000000E+01
   1.05000000000E+01   1.10000000000E+01   1.15000000000E+01   1.20000000000E+01
   1.25000000000E+01   1.30000000000E+01   1.35000000000E+01   1.40000000000E+01
   1.45000000000E+01   1.50000000000E+01   1.55000000000E+01   1.60000000000E+01
   1.65000000000E+01   1.70000000000E+01   1.75000000000E+01   1.80000000000E+01
   1.85000000000E+01   1.90000000000E+01   1.95000000000E+01   2.00000000000E+01
   2.10000000000E+01   2.20000000000E+01   2.30000000000E+01   2.40000000000E+01
   2.50000000000E+01   2.60000000000E+01   2.70000000000E+01   2.80000000000E+01
   2.90000000000E+01   3.00000000000E+01   3.20000000000E+01   3.40000000000E+01
   3.60000000000E+01   3.80000000000E+01   4.00000000000E+01   4.20000000000E+01
   4.40000000000E+01   4.60000000000E+01   4.80000000000E+01   5.00000000000E+01
   5.20000000000E+01   5.40000000000E+01   5.60000000000E+01   5.80000000000E+01
   6.00000000000E+01   6.20000000000E+01   6.40000000000E+01   6.60000000000E+01
   6.80000000000E+01   7.00000000000E+01   7.20000000000E+01   7.40000000000E+01
   7.60000000000E+01   7.80000000000E+01   8.00000000000E+01   8.50000000000E+01
   9.00000000000E+01   9.50000000000E+01   1.00000000000E+02   1.10000000000E+02
   1.20000000000E+02   1.30000000000E+02   1.40000000000E+02   1.50000000000E+02
   1.60000000000E+02   1.70000000000E+02   1.80000000000E+02   1.90000000000E+02
   2.00000000000E+02   0.00000000000E+00   0.00000000000E+00   6.96890000000E-01
   9.18590600000E-01   9.82402700000E-01   9.91356600000E-01   9.93771300000E-01
   9.95037100000E-01   9.95580000000E-01   9.95941200000E-01   9.96196100000E-01
   9.96339700000E-01   9.96314700000E-01   9.96075100000E-01   9.95580800000E-01
   9.94796100000E-01   9.93685400000E-01   9.92208300000E-01   9.90363800000E-01
   9.88104800000E-01   1.06039500000E+00   1.25553500000E+00   1.41013400000E+00
   1.52822000000E+00   1.60895400000E+00   1.67761500000E+00   1.71779700000E+00
   1.74364100000E+00   1.77240700000E+00   1.78061600000E+00   1.78133900000E+00
   1.77577800000E+00   1.78782900000E+00   1.85138300000E+00   1.94191000000E+00
   2.03639800000E+00   2.11402400000E+00   2.16747300000E+00   2.22310200000E+00
   2.25053700000E+00   2.25843500000E+00   2.26251000000E+00   2.29730200000E+00
   2.36496400000E+00   2.43529000000E+00   2.48944500000E+00   2.53136100000E+00
   2.56458800000E+00   2.60139300000E+00   2.64642600000E+00   2.69392000000E+00
   2.74839000000E+00   2.79552100000E+00   2.83985100000E+00   2.88108200000E+00
   2.92483300000E+00   2.96957700000E+00   3.01126100000E+00   3.06523000000E+00
   3.10969600000E+00   3.15158600000E+00   3.19183100000E+00   3.23391300000E+00
   3.34079700000E+00   3.45466900000E+00   3.55366900000E+00   3.65512000000E+00
   3.84676400000E+00   4.04758700000E+00   4.23397100000E+00   4.41039800000E+00
   4.57999800000E+00   4.75467400000E+00   4.92447500000E+00   5.44754600000E+00
   5.62204900000E+00   5.78837000000E+00                   0                   1
                   0                   4                  10                   0
                   2   1.00000000000E+00   2.00000000000E+02   1.00000000000E+00
   1.00000000000E+00                   0                  32   1.00000000000E+00
   7.22754100000E+00   8.00000000000E+00   1.00000000000E+01   1.20000000000E+01
   1.40000000000E+01   1.60000000000E+01   1.80000000000E+01   2.00000000000E+01
   2.20000000000E+01   2.40000000000E+01   2.60000000000E+01   2.80000000000E+01
   3.00000000000E+01   3.20000000000E+01   3.60000000000E+01   4.00000000000E+01
   4.40000000000E+01   4.80000000000E+01   5.00000000000E+01   5.20000000000E+01
   5.60000000000E+01   6.00000000000E+01   7.00000000000E+01   8.00000000000E+01
   9.00000000000E+01   1.00000000000E+02   1.20000000000E+02   1.40000000000E+02
   1.60000000000E+02   1.80000000000E+02   2.00000000000E+02                  76
                  87                  98                 130                 402
                 854                1626                2552                3566
                4646                5987                7380                8812
               10283               11793               13329               14917
               16794               18701               20638               22590
               24557               26554               28566               30897
               33245               35907               38588               41593
               44907               48244               51604                   2
                   3   0.00000000000E+00   5.00000000000E-07   1.00000000000E-06
   0.00000000000E+00   2.00000000000E+06   0.00000000000E+00   0.00000000000E+00
   5.00000000000E-01   1.00000000000E+00                   2                   3
   0.00000000000E+00   5.00000000000E-07   1.00000000000E-06   0.00000000000E+00
   2.00000000000E+06   0.00000000000E+00   0.00000000000E+00   5.00000000000E-01
   1.00000000000E+00                   2                  10   0.00000000000E+00
   2.50000000000E-02   1.00000000000E-01   2.00000000000E-01   3.00000000000E-01
   4.00000000000E-01   5.00000000000E-01   6.00000000000E-01   7.00000000000E-01
   8.00000000000E-01   0.00000000000E+00   2.21429000000E-02   8.85714600000E-02
   7.72184000000E-04   6.18597000000E-04   3.93962000000E-04   1.92714000000E-04
   6.33580000000E-05   5.15763100000E-03   1.98084600000E+01   0.00000000000E+00
   2.76786252000E-04   4.42857478000E-03   8.89575702000E-03   8.96529607000E-03
   9.01592402000E-03   9.04525782000E-03   9.05806142000E-03   9.31911087000E-03
   1.00000000000E+00                   2                  30   0.00000000000E+00
   2.50000000000E-02   1.00000000000E-01   2.00000000000E-01   3.00000000000E-01
   4.00000000000E-01   5.00000000000E-01   6.00000000000E-01   7.00000000000E-01
   8.00000000000E-01   9.00000000000E-01   1.00000000000E+00   1.10000000000E+00
   1.20000000000E+00   1.30000000000E+00   1.40000000000E+00   1.50000000000E+00
   1.60000000000E+00   1.70000000000E+00   1.80000000000E+00   1.90000000000E+00
   2.00000000000E+00   2.10000000000E+00   2.20000000000E+00   2.30000000000E+00
   2.40000000000E+00   2.50000000000E+00   2.60000000000E+00   2.70000000000E+00
   2.80000000000E+00   0.00000000000E+00   6.12907000000E-02   2.44287000000E-01
   4.63099700000E-01   5.85638100000E-01   6.34744900000E-01   6.40870100000E-01
   6.24769400000E-01   5.98541100000E-01   2.95728500000E-01   1.25032800000E-01
   8.75290700000E-02   1.15375600000E+00   6.41708300000E-01   7.47123600000E-01
   3.32351700000E-01   3.88708600000E-01   2.39506500000E-02   3.73900500000E-01
   1.39171700000E+00   1.54921000000E-05   3.44889400000E-01   7.32954100000E-03
   3.72103000000E-06   1.91828000000E-06   8.75714000000E-07   3.31200000000E-07
   8.84006000000E-08   2.39795400000E-03   5.83588100000E-01   0.00000000000E+00
   7.66133760000E-04   1.22252977000E-02   4.75946331000E-02   1.00031524000E-01
   1.61050675000E-01   2.24831426000E-01   2.88113401000E-01   3.49278927000E-01
   3.93992408000E-01   4.15030473000E-01   4.25658567000E-01   4.87722821000E-01
   5.77496037000E-01   6.46937633000E-01   7.00911399000E-01   7.36964414000E-01
   7.57597377000E-01   7.77489935000E-01   8.65770811000E-01   9.35357437000E-01
   9.52602681000E-01   9.70213629000E-01   9.70580292000E-01   9.70580574000E-01
   9.70580713000E-01   9.70580774000E-01   9.70580795000E-01   9.70700697000E-01
   1.00000000000E+00                   0                   0                   0
                   0                   0                   0                   0
                   0                   0                   0                   0
                   0                   0                   0                   0
                   0                   0                   0                   0
                   0                   0                   0                   0
                   0                   0                   0                   0
                   0                   0                   0                   0
                   0                   0                   0                   0
                   0                   0                   0                   0
                   0                   0                   0                   0
                   0                   0                   0                   0
                   0                   0                   0                   0
                   0                   0                   0                   0
                   0                   0                   0                   0
                   0                   0                   0                   0
                   0                   0                   0                   0
                   0                   0                   0                   0
                   0                   0                   0                   0
                   0                   0                   0                   0
                   0                   0                   0                   0
                   0                   0                   0                   0
                   0                   0                   0                   0
                   0                   0                   0                   0
                   0                   0                   0                   0
                   0                   0                   0                   0
                   0                   0                   0                   0
                   0                   0                   0                   0
                   0                   0                   0                   0
                   0                   0                   0                   0
                   0                   0                   0                   0
                   0                   0                   0                   0
                   0                   0                   0                   0
                   0                   0                   0
