 28058.00u   57.437650  0.0000E+00   06/19/20
Ace Ni58 IAEA-PD                                                         mat2825
      0         0.      0         0.      0         0.      0         0.
      0         0.      0         0.      0         0.      0         0.
      0         0.      0         0.      0         0.      0         0.
      0         0.      0         0.      0         0.      0         0.
   288360    28058       89        1        7        2       12        0
        0        0        0        0        0        0        0        1
        1       90       90        0      179      268      269      270
      271      362      446        0        0        0        0        0
        0        0        0        0        0        0        0        0
        0        0        0        0        0        0        0        0
   9.99999000000E-01   1.00000000000E+00   1.50000000000E+00   2.00000000000E+00
   2.50000000000E+00   3.00000000000E+00   3.50000000000E+00   4.00000000000E+00
   4.50000000000E+00   5.00000000000E+00   5.50000000000E+00   6.00000000000E+00
   6.50000000000E+00   7.00000000000E+00   7.50000000000E+00   8.00000000000E+00
   8.50000000000E+00   9.00000000000E+00   9.50000000000E+00   1.00000000000E+01
   1.05000000000E+01   1.10000000000E+01   1.15000000000E+01   1.20000000000E+01
   1.25000000000E+01   1.30000000000E+01   1.35000000000E+01   1.40000000000E+01
   1.45000000000E+01   1.50000000000E+01   1.55000000000E+01   1.60000000000E+01
   1.65000000000E+01   1.70000000000E+01   1.75000000000E+01   1.80000000000E+01
   1.85000000000E+01   1.90000000000E+01   1.95000000000E+01   2.00000000000E+01
   2.10000000000E+01   2.20000000000E+01   2.30000000000E+01   2.40000000000E+01
   2.50000000000E+01   2.60000000000E+01   2.70000000000E+01   2.80000000000E+01
   2.90000000000E+01   3.00000000000E+01   3.20000000000E+01   3.40000000000E+01
   3.60000000000E+01   3.80000000000E+01   4.00000000000E+01   4.20000000000E+01
   4.40000000000E+01   4.60000000000E+01   4.80000000000E+01   5.00000000000E+01
   5.20000000000E+01   5.40000000000E+01   5.60000000000E+01   5.80000000000E+01
   6.00000000000E+01   6.20000000000E+01   6.40000000000E+01   6.60000000000E+01
   6.80000000000E+01   7.00000000000E+01   7.20000000000E+01   7.40000000000E+01
   7.60000000000E+01   7.80000000000E+01   8.00000000000E+01   8.50000000000E+01
   9.00000000000E+01   9.50000000000E+01   1.00000000000E+02   1.10000000000E+02
   1.20000000000E+02   1.30000000000E+02   1.40000000000E+02   1.50000000000E+02
   1.60000000000E+02   1.70000000000E+02   1.80000000000E+02   1.90000000000E+02
   2.00000000000E+02   0.00000000000E+00   2.86667100000E-06   7.46628500000E-06
   1.51878400000E-05   2.69270800000E-05   4.37343600000E-05   6.68654500000E-05
   9.78509500000E-05   1.38597300000E-04   1.91538700000E-04   2.59858300000E-04
   3.47794700000E-04   4.61051300000E-04   6.07334800000E-04   7.97018500000E-04
   1.04372900000E-03   1.36396400000E-03   1.77310800000E-03   2.27312200000E-03
   2.83388500000E-03   3.40053300000E-03   3.96011900000E-03   4.58937200000E-03
   5.41001300000E-03   6.54291800000E-03   8.11941500000E-03   1.03218700000E-02
   1.34412900000E-02   1.79739900000E-02   2.48035600000E-02   3.54754200000E-02
   5.18881900000E-02   7.17099200000E-02   8.29259700000E-02   8.50800800000E-02
   8.76439200000E-02   8.94662500000E-02   8.64455900000E-02   7.88504100000E-02
   7.01506200000E-02   5.93722100000E-02   5.55233800000E-02   4.33122600000E-02
   3.00351100000E-02   2.17005900000E-02   1.66988100000E-02   1.35089900000E-02
   1.13433000000E-02   9.79844000000E-03   8.65445100000E-03   7.10488700000E-03
   6.13877600000E-03   5.50881900000E-03   5.08826200000E-03   4.80505500000E-03
   4.61494600000E-03   4.48914300000E-03   4.40811200000E-03   4.35820000000E-03
   4.32966500000E-03   4.31546600000E-03   4.31046800000E-03   4.31091400000E-03
   4.31405300000E-03   4.31787800000E-03   4.32093700000E-03   4.32219300000E-03
   4.32092000000E-03   4.31663000000E-03   4.30901400000E-03   4.29789700000E-03
   4.28320700000E-03   4.26495200000E-03   4.24319700000E-03   4.21805300000E-03
   4.14136200000E-03   4.04724000000E-03   3.93893300000E-03   3.81983800000E-03
   3.56277000000E-03   3.30194300000E-03   3.06112600000E-03   2.86189500000E-03
   2.61393000000E-03   2.39967700000E-03   2.21306900000E-03   2.04937000000E-03
   1.90483900000E-03   1.77648200000E-03   0.00000000000E+00   1.00000000000E+00
   1.05448600000E+00   1.10897200000E+00   1.16345800000E+00   1.21794500000E+00
   1.27243100000E+00   1.32691800000E+00   1.38140400000E+00   1.43589000000E+00
   1.13222000000E+00   7.64073800000E-01   7.29299600000E-01   7.18349600000E-01
   7.34774200000E-01   7.77335900000E-01   7.66306800000E-01   7.62282000000E-01
   8.61687800000E-01   1.97333200000E+00   6.01140300000E+00   9.12637000000E+00
   1.03275300000E+01   1.09279200000E+01   1.20993700000E+01   1.22736800000E+01
   1.21854200000E+01   1.23664300000E+01   1.25620600000E+01   1.27696400000E+01
   1.29146500000E+01   1.30648500000E+01   1.31687300000E+01   1.33097800000E+01
   1.34953200000E+01   1.36911100000E+01   1.38503100000E+01   1.40285500000E+01
   1.42484400000E+01   1.45151400000E+01   1.53817300000E+01   1.63779600000E+01
   1.79413300000E+01   1.92830800000E+01   2.04797400000E+01   2.15080800000E+01
   2.22642500000E+01   2.30473800000E+01   2.35860000000E+01   2.41480100000E+01
   2.50751000000E+01   2.65104900000E+01   2.80602700000E+01   2.97763200000E+01
   3.13421400000E+01   3.27296900000E+01   3.40853900000E+01   3.54210600000E+01
   3.67280400000E+01   3.82023600000E+01   3.96795500000E+01   4.09687800000E+01
   4.21937800000E+01   4.35694400000E+01   4.48950000000E+01   4.63272400000E+01
   4.77133500000E+01   4.90895400000E+01   5.03821000000E+01   5.17101000000E+01
   5.30734600000E+01   5.43388600000E+01   5.56572100000E+01   5.69844400000E+01
   5.82344900000E+01   6.16118300000E+01   6.48980100000E+01   6.81937600000E+01
   7.14320700000E+01   7.80999100000E+01   8.45197900000E+01   9.30407200000E+01
   1.02631500000E+02   1.09992000000E+02   1.17315300000E+02   1.24698500000E+02
   1.32009300000E+02   1.40930800000E+02   1.51407000000E+02                   5
   0.00000000000E+00                   1                   1                  89
   0.00000000000E+00   2.86667100000E-06   7.46628500000E-06   1.51878400000E-05
   2.69270800000E-05   4.37343600000E-05   6.68654500000E-05   9.78509500000E-05
   1.38597300000E-04   1.91538700000E-04   2.59858300000E-04   3.47794700000E-04
   4.61051300000E-04   6.07334800000E-04   7.97018500000E-04   1.04372900000E-03
   1.36396400000E-03   1.77310800000E-03   2.27312200000E-03   2.83388500000E-03
   3.40053300000E-03   3.96011900000E-03   4.58937200000E-03   5.41001300000E-03
   6.54291800000E-03   8.11941500000E-03   1.03218700000E-02   1.34412900000E-02
   1.79739900000E-02   2.48035600000E-02   3.54754200000E-02   5.18881900000E-02
   7.17099200000E-02   8.29259700000E-02   8.50800800000E-02   8.76439200000E-02
   8.94662500000E-02   8.64455900000E-02   7.88504100000E-02   7.01506200000E-02
   5.93722100000E-02   5.55233800000E-02   4.33122600000E-02   3.00351100000E-02
   2.17005900000E-02   1.66988100000E-02   1.35089900000E-02   1.13433000000E-02
   9.79844000000E-03   8.65445100000E-03   7.10488700000E-03   6.13877600000E-03
   5.50881900000E-03   5.08826200000E-03   4.80505500000E-03   4.61494600000E-03
   4.48914300000E-03   4.40811200000E-03   4.35820000000E-03   4.32966500000E-03
   4.31546600000E-03   4.31046800000E-03   4.31091400000E-03   4.31405300000E-03
   4.31787800000E-03   4.32093700000E-03   4.32219300000E-03   4.32092000000E-03
   4.31663000000E-03   4.30901400000E-03   4.29789700000E-03   4.28320700000E-03
   4.26495200000E-03   4.24319700000E-03   4.21805300000E-03   4.14136200000E-03
   4.04724000000E-03   3.93893300000E-03   3.81983800000E-03   3.56277000000E-03
   3.30194300000E-03   3.06112600000E-03   2.86189500000E-03   2.61393000000E-03
   2.39967700000E-03   2.21306900000E-03   2.04937000000E-03   1.90483900000E-03
   1.77648200000E-03                   1                   1                 446
                 514                 582                 583                 584
                 585                 723                 724                 724
                 725                   2                   1               47771
               47862               47953               47954               47955
               47956               48122               48123               48123
               48124                   9                   1               61658
               61734               61810               61811               61812
               61813               61967               61968               61968
               61969                  31                   1              113768
              113826              113884              113885              113886
              113887              114003              114004              114004
              114005                  32                   1              154692
              154743              154794              154795              154796
              154797              154901              154902              154902
              154903                  33                   1              191594
              191651              191708              191709              191710
              191711              191827              191828              191828
              191829                  34                   1              231582
              231662              231742              231743              231744
              231745              231905              231906              231906
              231907                  24                  66   0.00000000000E+00
   5.18951900000E-03   6.08690700000E-03   7.53333700000E-03   8.78818800000E-03
   9.80987800000E-03   1.07793000000E-02   1.34374200000E-02   1.71887300000E-02
   2.34596500000E-02   2.61854700000E-02   2.53129500000E-02   2.47785300000E-02
   2.49009000000E-02   2.39362400000E-02   2.19780000000E-02   2.02067400000E-02
   1.80807400000E-02   1.81243300000E-02   1.56538100000E-02   1.28351000000E-02
   1.06733700000E-02   9.10938300000E-03   7.99848500000E-03   7.12440000000E-03
   6.42163300000E-03   5.87240400000E-03   5.05924300000E-03   4.57364100000E-03
   4.34957700000E-03   4.26125500000E-03   4.24238600000E-03   4.24237400000E-03
   4.26269900000E-03   4.31866000000E-03   4.41222400000E-03   4.55179400000E-03
   4.69008700000E-03   4.80510300000E-03   4.96763400000E-03   5.04296800000E-03
   5.14023500000E-03   5.22908100000E-03   5.33853100000E-03   5.44168000000E-03
   5.57351600000E-03   5.67337300000E-03   5.75143700000E-03   5.85491700000E-03
   5.92233800000E-03   5.97196000000E-03   6.04655400000E-03   6.17120900000E-03
   6.25910100000E-03   6.32870700000E-03   6.36979000000E-03   6.33990300000E-03
   6.24795000000E-03   6.30768900000E-03   6.22835100000E-03   5.99396900000E-03
   5.77507200000E-03   5.57258500000E-03   5.39283100000E-03   5.40340700000E-03
   5.25810200000E-03                  24                  66   0.00000000000E+00
   1.50692000000E-01   3.93394100000E-01   6.27311600000E-01   7.80844000000E-01
   7.83577900000E-01   7.28852700000E-01   7.26704900000E-01   7.15516700000E-01
   7.23338700000E-01   7.14318800000E-01   6.88237700000E-01   6.68446500000E-01
   6.80724800000E-01   6.99761700000E-01   7.27095900000E-01   7.74853100000E-01
   8.64922600000E-01   9.76122800000E-01   1.09161000000E+00   1.30354300000E+00
   1.53893400000E+00   1.74966300000E+00   2.00173400000E+00   2.23232000000E+00
   2.47020600000E+00   2.70336000000E+00   3.15601400000E+00   3.58577800000E+00
   4.10069600000E+00   4.61029000000E+00   5.13536000000E+00   5.66782800000E+00
   6.18608800000E+00   6.69542800000E+00   7.24218800000E+00   7.76811100000E+00
   8.30717400000E+00   9.02144600000E+00   9.84319600000E+00   1.04147900000E+01
   1.10437600000E+01   1.16013800000E+01   1.22231900000E+01   1.28529700000E+01
   1.35772100000E+01   1.42525500000E+01   1.48798200000E+01   1.56017300000E+01
   1.62575500000E+01   1.68919800000E+01   1.76267500000E+01   1.92926200000E+01
   2.10284600000E+01   2.27117300000E+01   2.44693800000E+01   2.77736900000E+01
   3.13000400000E+01   3.27000300000E+01   3.30735300000E+01   3.57256900000E+01
   3.84150600000E+01   4.09643400000E+01   4.36148400000E+01   4.45837600000E+01
   4.39815300000E+01                   5                  -1                   1
                   6                   5                   0                  67
   1.00000000000E+00   1.22162300000E+01   1.25000000000E+01   1.30000000000E+01
   1.35000000000E+01   1.40000000000E+01   1.45000000000E+01   1.50000000000E+01
   1.55000000000E+01   1.60000000000E+01   1.65000000000E+01   1.70000000000E+01
   1.75000000000E+01   1.80000000000E+01   1.85000000000E+01   1.90000000000E+01
   1.95000000000E+01   2.00000000000E+01   2.10000000000E+01   2.20000000000E+01
   2.30000000000E+01   2.40000000000E+01   2.50000000000E+01   2.60000000000E+01
   2.70000000000E+01   2.80000000000E+01   2.90000000000E+01   3.00000000000E+01
   3.20000000000E+01   3.40000000000E+01   3.60000000000E+01   3.80000000000E+01
   4.00000000000E+01   4.20000000000E+01   4.40000000000E+01   4.60000000000E+01
   4.80000000000E+01   5.00000000000E+01   5.20000000000E+01   5.40000000000E+01
   5.60000000000E+01   5.80000000000E+01   6.00000000000E+01   6.20000000000E+01
   6.40000000000E+01   6.60000000000E+01   6.80000000000E+01   7.00000000000E+01
   7.20000000000E+01   7.40000000000E+01   7.60000000000E+01   7.80000000000E+01
   8.00000000000E+01   8.50000000000E+01   9.00000000000E+01   9.50000000000E+01
   1.00000000000E+02   1.10000000000E+02   1.20000000000E+02   1.30000000000E+02
   1.40000000000E+02   1.50000000000E+02   1.60000000000E+02   1.70000000000E+02
   1.80000000000E+02   1.90000000000E+02   2.00000000000E+02   0.00000000000E+00
   0.00000000000E+00   7.93150500000E-01   7.49673100000E-01   7.29842300000E-01
   6.53820300000E-01   5.45781900000E-01   4.34586800000E-01   3.78781100000E-01
   3.31264800000E-01   3.27146500000E-01   3.15769200000E-01   2.97519100000E-01
   2.82718200000E-01   2.78327300000E-01   2.76893700000E-01   2.78730300000E-01
   2.88047900000E-01   3.04532000000E-01   3.26427000000E-01   3.61417500000E-01
   4.27336500000E-01   4.91847000000E-01   5.45510900000E-01   5.92086100000E-01
   6.28071200000E-01   6.55373000000E-01   6.78541500000E-01   7.12079300000E-01
   7.45041200000E-01   7.89566100000E-01   8.37467700000E-01   8.82900600000E-01
   9.19268400000E-01   9.49557400000E-01   9.79707400000E-01   1.01239600000E+00
   1.05130400000E+00   1.08680900000E+00   1.11475200000E+00   1.15233900000E+00
   1.16896300000E+00   1.19045400000E+00   1.21017300000E+00   1.23514400000E+00
   1.25938000000E+00   1.29117300000E+00   1.31662900000E+00   1.33819800000E+00
   1.36694700000E+00   1.38860600000E+00   1.40742000000E+00   1.43349400000E+00
   1.49014000000E+00   1.54651100000E+00   1.60670600000E+00   1.66755500000E+00
   1.77948700000E+00   1.89220400000E+00   2.06057800000E+00   2.17630300000E+00
   2.29308700000E+00   2.40660400000E+00   2.51803500000E+00   2.63145800000E+00
   2.83667400000E+00   2.95984000000E+00                   0                   1
                   0                   4                  10                   0
                   2   1.00000000000E+00   2.00000000000E+02   1.00000000000E+00
   1.00000000000E+00                   0                  29   1.00000000000E+00
   1.22162300000E+01   1.40000000000E+01   1.60000000000E+01   1.80000000000E+01
   2.00000000000E+01   2.20000000000E+01   2.40000000000E+01   2.60000000000E+01
   2.80000000000E+01   3.00000000000E+01   3.20000000000E+01   3.60000000000E+01
   4.00000000000E+01   4.40000000000E+01   4.80000000000E+01   5.00000000000E+01
   5.20000000000E+01   5.60000000000E+01   6.00000000000E+01   7.00000000000E+01
   8.00000000000E+01   9.00000000000E+01   1.00000000000E+02   1.20000000000E+02
   1.40000000000E+02   1.60000000000E+02   1.80000000000E+02   2.00000000000E+02
                  70                  81                  92                 154
                 563                1115                1897                2796
                3786                4854                5987                7172
                8409                9724               11316               12968
               14680               16407               18164               19951
               21768               23912               26107               28617
               31165               34044               37243               40488
               43756                   2                   3   0.00000000000E+00
   5.00000000000E-07   1.00000000000E-06   0.00000000000E+00   2.00000000000E+06
   0.00000000000E+00   0.00000000000E+00   5.00000000000E-01   1.00000000000E+00
                   2                   3   0.00000000000E+00   5.00000000000E-07
   1.00000000000E-06   0.00000000000E+00   2.00000000000E+06   0.00000000000E+00
   0.00000000000E+00   5.00000000000E-01   1.00000000000E+00                   2
                  20   0.00000000000E+00   2.50000000000E-02   1.00000000000E-01
   2.00000000000E-01   3.00000000000E-01   4.00000000000E-01   5.00000000000E-01
   6.00000000000E-01   7.00000000000E-01   8.00000000000E-01   9.00000000000E-01
   1.00000000000E+00   1.10000000000E+00   1.20000000000E+00   1.30000000000E+00
   1.40000000000E+00   1.50000000000E+00   1.60000000000E+00   1.70000000000E+00
   1.80000000000E+00   0.00000000000E+00   7.63404000000E-07   2.85444000000E-06
   3.41382000000E-06   3.31034000000E-06   2.92630000000E-06   2.44785000000E-06
   1.96498000000E-06   3.65255800000E+00   1.12256000000E-06   7.66036000000E-07
   2.54921000000E+00   3.31776000000E-07   1.94303000000E-07   1.05279000000E-07
   5.07022000000E-08   2.01415000000E-08   5.62358000000E-09   6.62664000000E-10
   7.59642600000E+00   0.00000000000E+00   9.54254949000E-09   1.45211692000E-07
   4.58624675000E-07   7.94832657000E-07   1.10666464000E-06   1.37537213000E-06
   1.59601361000E-06   1.82629584000E-01   3.65257531000E-01   3.65257625000E-01
   4.92718157000E-01   6.20178666000E-01   6.20178693000E-01   6.20178708000E-01
   6.20178715000E-01   6.20178719000E-01   6.20178720000E-01   6.20178720000E-01
   1.00000000000E+00                   2                  37   0.00000000000E+00
   2.66666700000E-02   1.06666700000E-01   2.13333300000E-01   3.20000000000E-01
   4.26666700000E-01   5.33333300000E-01   6.40000000000E-01   7.46666700000E-01
   8.53333300000E-01   9.60000000000E-01   1.06666700000E+00   1.17333300000E+00
   1.28000000000E+00   1.38666700000E+00   1.49333300000E+00   1.60000000000E+00
   1.70666700000E+00   1.81333300000E+00   1.92000000000E+00   2.02666700000E+00
   2.13333300000E+00   2.24000000000E+00   2.34666700000E+00   2.45333300000E+00
   2.56000000000E+00   2.66666700000E+00   2.77333300000E+00   2.88000000000E+00
   2.98666700000E+00   3.09333300000E+00   3.20000000000E+00   3.30666700000E+00
   3.41333300000E+00   3.52000000000E+00   3.62666700000E+00   3.73333300000E+00
   0.00000000000E+00   3.84655700000E-03   1.52581000000E-02   3.25146000000E-05
   3.37387000000E-05   3.37139900000E-01   1.73255100000E-01   2.86291000000E-05
   1.67429600000E+00   2.19246000000E-05   1.89360000000E-05   1.61902000000E-05
   5.79628700000E-01   1.10893000000E-05   1.30976100000E+00   7.54223000000E-06
   6.16173000000E-06   4.99360000000E-06   4.01344000000E-06   3.19649000000E-06
   2.51993000000E-06   1.96389000000E-06   1.51069000000E-06   1.14510000000E-06
   8.50340000000E-07   6.18809000000E-07   1.95139200000E+00   3.05443000000E-07
   2.04749000000E-07   1.85575400000E+00   7.88998000000E-08   4.36754000000E-08
   2.13696000000E-08   8.61066000000E-09   2.43996000000E-09   2.91982000000E-10
   2.95663800000E+00   0.00000000000E+00   5.12874356000E-05   8.15474040000E-04
   1.63097302000E-03   1.63450653000E-03   1.96171071000E-02   4.68381581000E-02
   5.60799603000E-02   1.45377306000E-01   2.34674211000E-01   2.34676390000E-01
   2.34678263000E-01   2.65592466000E-01   2.96506686000E-01   3.66361419000E-01
   4.36215308000E-01   4.36216039000E-01   4.36216634000E-01   4.36217115000E-01
   4.36217499000E-01   4.36217804000E-01   4.36218043000E-01   4.36218228000E-01
   4.36218370000E-01   4.36218477000E-01   4.36218555000E-01   5.40293158000E-01
   6.44366769000E-01   6.44366796000E-01   7.43340668000E-01   8.42313605000E-01
   8.42313612000E-01   8.42313615000E-01   8.42313617000E-01   8.42313618000E-01
   8.42313618000E-01   1.00000000000E+00                   0                   0
                   0                   0                   0                   0
                   0                   0                   0                   0
                   0                   0                   0                   0
                   0                   0                   0                   0
                   0                   0                   0                   0
                   0                   0                   0                   0
                   0                   0                   0                   0
                   0                   0                   0                   0
                   0                   0                   0                   0
                   0                   0                   0                   0
                   0                   0                   0                   0
                   0                   0                   0                   0
                   0                   0                   0                   0
                   0                   0                   0                   0
                   0                   0                   0                   0
                   0                   0                   0                   0
                   0                   0                   0                   0
                   0                   0                   0                   0
                   0                   0                   0                   0
                   0                   0                   0                   0
                   0                   0                   0                   0
                   0                   0                   0                   0
                   0                   0                   0                   0
                   0                   0                   0                   0
                   0                   0                   0                   0
                   0                   0                   0                   0
                   0                   0                   0                   0
                   0                   0                   0                   0
                   0                   0                   0                   0
                   0                   0                   0                   0
                   0                   0                   0                   0
                   0                   0
