 28060.00u   59.415950  0.0000E+00   06/19/20
Ace Ni60 IAEA-PD                                                         mat2831
      0         0.      0         0.      0         0.      0         0.
      0         0.      0         0.      0         0.      0         0.
      0         0.      0         0.      0         0.      0         0.
      0         0.      0         0.      0         0.      0         0.
   289247    28060       89        1        7        2       12        0
        0        0        0        0        0        0        0        1
        1       90       90        0      179      268      269      270
      271      362      446        0        0        0        0        0
        0        0        0        0        0        0        0        0
        0        0        0        0        0        0        0        0
   9.99999000000E-01   1.00000000000E+00   1.50000000000E+00   2.00000000000E+00
   2.50000000000E+00   3.00000000000E+00   3.50000000000E+00   4.00000000000E+00
   4.50000000000E+00   5.00000000000E+00   5.50000000000E+00   6.00000000000E+00
   6.50000000000E+00   7.00000000000E+00   7.50000000000E+00   8.00000000000E+00
   8.50000000000E+00   9.00000000000E+00   9.50000000000E+00   1.00000000000E+01
   1.05000000000E+01   1.10000000000E+01   1.15000000000E+01   1.20000000000E+01
   1.25000000000E+01   1.30000000000E+01   1.35000000000E+01   1.40000000000E+01
   1.45000000000E+01   1.50000000000E+01   1.55000000000E+01   1.60000000000E+01
   1.65000000000E+01   1.70000000000E+01   1.75000000000E+01   1.80000000000E+01
   1.85000000000E+01   1.90000000000E+01   1.95000000000E+01   2.00000000000E+01
   2.10000000000E+01   2.20000000000E+01   2.30000000000E+01   2.40000000000E+01
   2.50000000000E+01   2.60000000000E+01   2.70000000000E+01   2.80000000000E+01
   2.90000000000E+01   3.00000000000E+01   3.20000000000E+01   3.40000000000E+01
   3.60000000000E+01   3.80000000000E+01   4.00000000000E+01   4.20000000000E+01
   4.40000000000E+01   4.60000000000E+01   4.80000000000E+01   5.00000000000E+01
   5.20000000000E+01   5.40000000000E+01   5.60000000000E+01   5.80000000000E+01
   6.00000000000E+01   6.20000000000E+01   6.40000000000E+01   6.60000000000E+01
   6.80000000000E+01   7.00000000000E+01   7.20000000000E+01   7.40000000000E+01
   7.60000000000E+01   7.80000000000E+01   8.00000000000E+01   8.50000000000E+01
   9.00000000000E+01   9.50000000000E+01   1.00000000000E+02   1.10000000000E+02
   1.20000000000E+02   1.30000000000E+02   1.40000000000E+02   1.50000000000E+02
   1.60000000000E+02   1.70000000000E+02   1.80000000000E+02   1.90000000000E+02
   2.00000000000E+02   0.00000000000E+00   3.97440600000E-06   1.04792300000E-05
   2.15249200000E-05   3.84693500000E-05   6.29107700000E-05   9.67695600000E-05
   1.42399900000E-04   2.02750300000E-04   2.81600000000E-04   3.83904200000E-04
   5.16281700000E-04   6.87687600000E-04   9.10325400000E-04   1.20078100000E-03
   1.58100300000E-03   2.07754600000E-03   2.71475000000E-03   3.49591200000E-03
   4.38371900000E-03   5.33965900000E-03   6.44870000000E-03   7.98038500000E-03
   1.01825600000E-02   1.25125800000E-02   1.43550900000E-02   1.69775900000E-02
   2.14602200000E-02   2.86938400000E-02   4.02664600000E-02   5.84574300000E-02
   8.19537100000E-02   9.65100800000E-02   9.58331200000E-02   9.29504400000E-02
   9.09405400000E-02   8.67477900000E-02   7.94540800000E-02   7.06085600000E-02
   6.20699900000E-02   4.91758700000E-02   4.18917300000E-02   3.75554800000E-02
   3.36601600000E-02   2.93054100000E-02   2.49159300000E-02   2.10449100000E-02
   1.78851700000E-02   1.53867000000E-02   1.34242800000E-02   1.06404500000E-02
   8.83584500000E-03   7.61910000000E-03   6.77357000000E-03   6.17352300000E-03
   5.74180300000E-03   5.42858200000E-03   5.20028100000E-03   5.03349000000E-03
   4.91145800000E-03   4.82196700000E-03   4.75598000000E-03   4.70675000000E-03
   4.66921100000E-03   4.63954700000E-03   4.61488000000E-03   4.59304700000E-03
   4.57243100000E-03   4.55182900000E-03   4.53036300000E-03   4.50740000000E-03
   4.48250200000E-03   4.45538000000E-03   4.42585900000E-03   4.39385500000E-03
   4.30301700000E-03   4.19773400000E-03   4.08018500000E-03   3.95312400000E-03
   3.68256700000E-03   3.41047400000E-03   3.16027000000E-03   2.95365100000E-03
   2.69719900000E-03   2.47576300000E-03   2.28299300000E-03   2.11395100000E-03
   1.96474200000E-03   1.83225900000E-03   0.00000000000E+00   1.00000000000E+00
   1.11336500000E+00   1.22673100000E+00   1.34009600000E+00   1.45346200000E+00
   1.56682800000E+00   1.68019300000E+00   1.79355900000E+00   1.56455600000E+00
   1.22180900000E+00   8.03297500000E-01   7.39412000000E-01   7.10488900000E-01
   7.19543000000E-01   7.62887100000E-01   7.48277300000E-01   7.42209800000E-01
   7.26408300000E-01   6.89080000000E-01   2.99351100000E+00   5.53951700000E+00
   1.13996300000E+01   1.14605900000E+01   1.15001200000E+01   1.15462000000E+01
   1.15811600000E+01   1.16114600000E+01   1.16547800000E+01   1.17613800000E+01
   1.18962200000E+01   1.20043800000E+01   1.21302000000E+01   1.22318400000E+01
   1.22840100000E+01   1.23142300000E+01   1.23661100000E+01   1.24053500000E+01
   1.24247900000E+01   1.24474200000E+01   1.31295700000E+01   1.42622400000E+01
   1.58324800000E+01   1.71216100000E+01   1.82258900000E+01   1.92370100000E+01
   1.99691400000E+01   2.07658600000E+01   2.13497300000E+01   2.18875000000E+01
   2.27985000000E+01   2.43892500000E+01   2.60577300000E+01   2.78640700000E+01
   2.94866400000E+01   3.08089200000E+01   3.21707700000E+01   3.35399000000E+01
   3.49259600000E+01   3.63603100000E+01   3.78743500000E+01   3.92636800000E+01
   4.06644800000E+01   4.18480200000E+01   4.28741700000E+01   4.42004900000E+01
   4.55260400000E+01   4.67989200000E+01   4.80920500000E+01   4.93325100000E+01
   5.06595100000E+01   5.19805800000E+01   5.32570900000E+01   5.45301800000E+01
   5.57686400000E+01   5.90987600000E+01   6.22753900000E+01   6.55158000000E+01
   6.86166500000E+01   7.51073700000E+01   8.13995900000E+01   8.94588300000E+01
   9.90463900000E+01   1.06223800000E+02   1.13436800000E+02   1.20661700000E+02
   1.27811900000E+02   1.38214000000E+02   1.47087800000E+02                   5
   0.00000000000E+00                   1                   1                  89
   0.00000000000E+00   3.97440600000E-06   1.04792300000E-05   2.15249200000E-05
   3.84693500000E-05   6.29107700000E-05   9.67695600000E-05   1.42399900000E-04
   2.02750300000E-04   2.81600000000E-04   3.83904200000E-04   5.16281700000E-04
   6.87687600000E-04   9.10325400000E-04   1.20078100000E-03   1.58100300000E-03
   2.07754600000E-03   2.71475000000E-03   3.49591200000E-03   4.38371900000E-03
   5.33965900000E-03   6.44870000000E-03   7.98038500000E-03   1.01825600000E-02
   1.25125800000E-02   1.43550900000E-02   1.69775900000E-02   2.14602200000E-02
   2.86938400000E-02   4.02664600000E-02   5.84574300000E-02   8.19537100000E-02
   9.65100800000E-02   9.58331200000E-02   9.29504400000E-02   9.09405400000E-02
   8.67477900000E-02   7.94540800000E-02   7.06085600000E-02   6.20699900000E-02
   4.91758700000E-02   4.18917300000E-02   3.75554800000E-02   3.36601600000E-02
   2.93054100000E-02   2.49159300000E-02   2.10449100000E-02   1.78851700000E-02
   1.53867000000E-02   1.34242800000E-02   1.06404500000E-02   8.83584500000E-03
   7.61910000000E-03   6.77357000000E-03   6.17352300000E-03   5.74180300000E-03
   5.42858200000E-03   5.20028100000E-03   5.03349000000E-03   4.91145800000E-03
   4.82196700000E-03   4.75598000000E-03   4.70675000000E-03   4.66921100000E-03
   4.63954700000E-03   4.61488000000E-03   4.59304700000E-03   4.57243100000E-03
   4.55182900000E-03   4.53036300000E-03   4.50740000000E-03   4.48250200000E-03
   4.45538000000E-03   4.42585900000E-03   4.39385500000E-03   4.30301700000E-03
   4.19773400000E-03   4.08018500000E-03   3.95312400000E-03   3.68256700000E-03
   3.41047400000E-03   3.16027000000E-03   2.95365100000E-03   2.69719900000E-03
   2.47576300000E-03   2.28299300000E-03   2.11395100000E-03   1.96474200000E-03
   1.83225900000E-03                   1                   1                 446
                 516                 586                 587                 588
                 589                 731                 732                 732
                 733                   2                   1               49010
               49101               49192               49193               49194
               49195               49363               49364               49364
               49365                   9                   1               62899
               62972               63045               63046               63047
               63048               63196               63197               63197
               63198                  31                   1              113835
              113892              113949              113950              113951
              113952              114068              114069              114069
              114070                  32                   1              154320
              154372              154424              154425              154426
              154427              154533              154534              154534
              154535                  33                   1              192788
              192842              192896              192897              192898
              192899              193007              193008              193008
              193009                  34                   1              231557
              231637              231717              231718              231719
              231720              231880              231881              231881
              231882                  22                  68   0.00000000000E+00
   7.88978100000E-03   1.01324700000E-02   1.24137800000E-02   1.40946600000E-02
   1.62937600000E-02   1.98281000000E-02   2.55708400000E-02   3.47023100000E-02
   4.86918900000E-02   6.63169300000E-02   7.59069300000E-02   7.29079900000E-02
   6.94814700000E-02   6.69267000000E-02   6.33573900000E-02   5.77020100000E-02
   5.12725600000E-02   4.49815900000E-02   3.84639700000E-02   3.84494500000E-02
   3.99506900000E-02   3.92060100000E-02   3.61900100000E-02   3.19070200000E-02
   2.74424200000E-02   2.32553400000E-02   1.97760600000E-02   1.71693100000E-02
   1.33230500000E-02   1.10771900000E-02   9.95021700000E-03   9.28840700000E-03
   8.82519900000E-03   8.40765300000E-03   8.06184600000E-03   7.79381700000E-03
   7.64401400000E-03   7.59886000000E-03   7.61173500000E-03   7.67159100000E-03
   7.72554600000E-03   7.73097100000E-03   7.83683500000E-03   7.91706200000E-03
   8.01404500000E-03   8.12120900000E-03   8.22648900000E-03   8.32946200000E-03
   8.42855000000E-03   8.48747000000E-03   8.58042900000E-03   8.65179300000E-03
   8.73997500000E-03   8.84483000000E-03   8.94040100000E-03   8.97331400000E-03
   8.98961000000E-03   8.85404000000E-03   8.65322200000E-03   8.74746600000E-03
   8.56508000000E-03   8.18032700000E-03   7.81484200000E-03   7.48195700000E-03
   7.18506600000E-03   6.91752100000E-03   6.91905500000E-03                  22
                  68   0.00000000000E+00   6.23275700000E-02   3.42116400000E-01
   6.37715300000E-01   9.24688400000E-01   1.19078100000E+00   1.42263800000E+00
   1.49478800000E+00   1.56415900000E+00   1.62638000000E+00   1.69136600000E+00
   1.69795300000E+00   1.69462000000E+00   1.71637900000E+00   1.74033300000E+00
   1.76304300000E+00   1.78876000000E+00   1.82425500000E+00   1.85620200000E+00
   1.93752000000E+00   2.19621600000E+00   2.55843300000E+00   2.81551800000E+00
   3.05951600000E+00   3.24977900000E+00   3.53852900000E+00   3.75708900000E+00
   3.98971900000E+00   4.24476100000E+00   4.69421100000E+00   5.04869000000E+00
   5.62248100000E+00   6.18168600000E+00   6.73410200000E+00   7.31862700000E+00
   7.84925100000E+00   8.36765900000E+00   8.93092500000E+00   9.48185000000E+00
   1.00279100000E+01   1.06132300000E+01   1.11723400000E+01   1.19156200000E+01
   1.28145800000E+01   1.34399800000E+01   1.41015600000E+01   1.47945800000E+01
   1.55019400000E+01   1.62258600000E+01   1.69132600000E+01   1.75419900000E+01
   1.82651000000E+01   1.89692300000E+01   1.97390700000E+01   2.14489200000E+01
   2.33138100000E+01   2.50503500000E+01   2.69122600000E+01   3.03636100000E+01
   3.40578400000E+01   3.59499300000E+01   3.64007500000E+01   3.92335700000E+01
   4.20428400000E+01   4.47504400000E+01   4.75516800000E+01   4.70632600000E+01
   4.81236600000E+01                   5                  -1                   1
                   6                   5                   0                  69
   1.00000000000E+00   1.13877300000E+01   1.15000000000E+01   1.20000000000E+01
   1.25000000000E+01   1.30000000000E+01   1.35000000000E+01   1.40000000000E+01
   1.45000000000E+01   1.50000000000E+01   1.55000000000E+01   1.60000000000E+01
   1.65000000000E+01   1.70000000000E+01   1.75000000000E+01   1.80000000000E+01
   1.85000000000E+01   1.90000000000E+01   1.95000000000E+01   2.00000000000E+01
   2.10000000000E+01   2.20000000000E+01   2.30000000000E+01   2.40000000000E+01
   2.50000000000E+01   2.60000000000E+01   2.70000000000E+01   2.80000000000E+01
   2.90000000000E+01   3.00000000000E+01   3.20000000000E+01   3.40000000000E+01
   3.60000000000E+01   3.80000000000E+01   4.00000000000E+01   4.20000000000E+01
   4.40000000000E+01   4.60000000000E+01   4.80000000000E+01   5.00000000000E+01
   5.20000000000E+01   5.40000000000E+01   5.60000000000E+01   5.80000000000E+01
   6.00000000000E+01   6.20000000000E+01   6.40000000000E+01   6.60000000000E+01
   6.80000000000E+01   7.00000000000E+01   7.20000000000E+01   7.40000000000E+01
   7.60000000000E+01   7.80000000000E+01   8.00000000000E+01   8.50000000000E+01
   9.00000000000E+01   9.50000000000E+01   1.00000000000E+02   1.10000000000E+02
   1.20000000000E+02   1.30000000000E+02   1.40000000000E+02   1.50000000000E+02
   1.60000000000E+02   1.70000000000E+02   1.80000000000E+02   1.90000000000E+02
   2.00000000000E+02   0.00000000000E+00   0.00000000000E+00   9.88646700000E-01
   9.95080800000E-01   9.92103900000E-01   9.81858000000E-01   9.59721600000E-01
   9.23946700000E-01   8.91161300000E-01   8.61816800000E-01   8.32946100000E-01
   8.09199900000E-01   7.86518200000E-01   7.60780700000E-01   7.47510900000E-01
   7.35939100000E-01   7.30363200000E-01   7.26230900000E-01   7.26152200000E-01
   7.24691400000E-01   7.82171600000E-01   9.17829100000E-01   1.06377800000E+00
   1.16476000000E+00   1.23492600000E+00   1.28058700000E+00   1.30399300000E+00
   1.30025800000E+00   1.28527000000E+00   1.27897400000E+00   1.25211300000E+00
   1.25366500000E+00   1.30595700000E+00   1.37127200000E+00   1.42952400000E+00
   1.46428800000E+00   1.48507400000E+00   1.49873000000E+00   1.51863100000E+00
   1.54717000000E+00   1.57855400000E+00   1.61304100000E+00   1.64137600000E+00
   1.65573400000E+00   1.68913800000E+00   1.71555100000E+00   1.74482100000E+00
   1.77612500000E+00   1.80729300000E+00   1.83858600000E+00   1.86993600000E+00
   1.89346700000E+00   1.92585800000E+00   1.95482800000E+00   1.98913600000E+00
   2.05549500000E+00   2.12981600000E+00   2.19924200000E+00   2.27405200000E+00
   2.40431200000E+00   2.53724900000E+00   2.76794900000E+00   2.89982800000E+00
   3.03289700000E+00   3.15653900000E+00   3.27725800000E+00   3.39888000000E+00
   3.52082900000E+00   3.77624300000E+00                   0                   1
                   0                   4                  10                   0
                   2   1.00000000000E+00   2.00000000000E+02   1.00000000000E+00
   1.00000000000E+00                   0                  30   1.00000000000E+00
   1.13877300000E+01   1.20000000000E+01   1.40000000000E+01   1.60000000000E+01
   1.80000000000E+01   2.00000000000E+01   2.20000000000E+01   2.40000000000E+01
   2.60000000000E+01   2.80000000000E+01   3.00000000000E+01   3.20000000000E+01
   3.60000000000E+01   4.00000000000E+01   4.40000000000E+01   4.80000000000E+01
   5.00000000000E+01   5.20000000000E+01   5.60000000000E+01   6.00000000000E+01
   7.00000000000E+01   8.00000000000E+01   9.00000000000E+01   1.00000000000E+02
   1.20000000000E+02   1.40000000000E+02   1.60000000000E+02   1.80000000000E+02
   2.00000000000E+02                  72                  83                  94
                 120                 430                 927                1556
                2295                3259                4314                5434
                6619                7856                9145               10512
               12149               13846               15588               17360
               19147               20964               22826               25004
               27233               29762               32329               35229
               38451               41696               44987                   2
                   3   0.00000000000E+00   5.00000000000E-07   1.00000000000E-06
   0.00000000000E+00   2.00000000000E+06   0.00000000000E+00   0.00000000000E+00
   5.00000000000E-01   1.00000000000E+00                   2                   3
   0.00000000000E+00   5.00000000000E-07   1.00000000000E-06   0.00000000000E+00
   2.00000000000E+06   0.00000000000E+00   0.00000000000E+00   5.00000000000E-01
   1.00000000000E+00                   2                   8   0.00000000000E+00
   2.50000000000E-02   1.00000000000E-01   2.00000000000E-01   3.00000000000E-01
   4.00000000000E-01   5.00000000000E-01   6.00000000000E-01   0.00000000000E+00
   1.14950200000E+00   4.59799900000E+00   4.98999000000E-07   7.32723500000E-01
   5.63290000000E-08   6.05938000000E-09   9.33855200000E+00   0.00000000000E+00
   1.43687747000E-02   2.29900058000E-01   4.59800029000E-01   4.96436228000E-01
   5.33072405000E-01   5.33072408000E-01   1.00000000000E+00                   2
                  28   0.00000000000E+00   2.50000000000E-02   1.00000000000E-01
   2.00000000000E-01   3.00000000000E-01   4.00000000000E-01   5.00000000000E-01
   6.00000000000E-01   7.00000000000E-01   8.00000000000E-01   9.00000000000E-01
   1.00000000000E+00   1.10000000000E+00   1.20000000000E+00   1.30000000000E+00
   1.40000000000E+00   1.50000000000E+00   1.60000000000E+00   1.70000000000E+00
   1.80000000000E+00   1.90000000000E+00   2.00000000000E+00   2.10000000000E+00
   2.20000000000E+00   2.30000000000E+00   2.40000000000E+00   2.50000000000E+00
   2.60000000000E+00   0.00000000000E+00   1.44350600000E-02   5.75817300000E-02
   6.09178500000E-01   6.15726800000E-02   2.09256000000E-05   1.69500000000E-05
   1.36817000000E-05   1.54135800000E-01   3.29354900000E-03   1.91817700000E+00
   5.66481000000E-06   4.39828000000E-06   3.37818000000E-06   1.43857500000E+00
   8.21784000000E-01   1.31834000000E-06   9.24207900000E-07   1.64730600000E+00
   4.05068000000E-07   2.48987000000E-07   1.44295000000E-07   1.24332000000E+00
   3.72725000000E-08   1.11354600000E+00   4.35827000000E-09   5.09018000000E-10
   1.86288500000E+00   0.00000000000E+00   1.80438234000E-04   2.88106763000E-03
   3.62190812000E-02   6.97566428000E-02   7.28363234000E-02   7.28382171000E-02
   7.28397487000E-02   8.05472221000E-02   8.84186889000E-02   1.84492208000E-01
   2.80401333000E-01   2.80401836000E-01   2.80402225000E-01   3.52331138000E-01
   4.65349083000E-01   5.06438350000E-01   5.06438462000E-01   5.88803802000E-01
   6.71169115000E-01   6.71169147000E-01   6.71169167000E-01   7.33335169000E-01
   7.95501165000E-01   8.51178462000E-01   9.06855758000E-01   9.06855758000E-01
   1.00000000000E+00                   0                   0                   0
                   0                   0                   0                   0
                   0                   0                   0                   0
                   0                   0                   0                   0
                   0                   0                   0                   0
                   0                   0                   0                   0
                   0                   0                   0                   0
                   0                   0                   0                   0
                   0                   0                   0                   0
                   0                   0                   0                   0
                   0                   0                   0                   0
                   0                   0                   0                   0
                   0                   0                   0                   0
                   0                   0                   0                   0
                   0                   0                   0                   0
                   0                   0                   0                   0
                   0                   0                   0                   0
                   0                   0                   0                   0
                   0                   0                   0                   0
                   0                   0                   0                   0
                   0                   0                   0                   0
                   0                   0                   0                   0
                   0                   0                   0                   0
                   0                   0                   0                   0
                   0                   0                   0                   0
                   0                   0                   0                   0
                   0                   0                   0                   0
                   0                   0                   0                   0
                   0                   0                   0                   0
                   0                   0                   0                   0
                   0                   0                   0                   0
                   0                   0                   0                   0
                   0                   0                   0
