 28061.00u   60.407630  0.0000E+00   02/26/20
Ace Ni61 IAEA-PD                                                         mat2834
      0         0.      0         0.      0         0.      0         0.
      0         0.      0         0.      0         0.      0         0.
      0         0.      0         0.      0         0.      0         0.
      0         0.      0         0.      0         0.      0         0.
   305323    28061       89        1        7        2       12        0
        0        0        0        0        0        0        0        1
        1       90       90        0      179      268      269      270
      271      362      446        0        0        0        0        0
        0        0        0        0        0        0        0        0
        0        0        0        0        0        0        0        0
   9.99999000000E-01   1.00000000000E+00   1.50000000000E+00   2.00000000000E+00
   2.50000000000E+00   3.00000000000E+00   3.50000000000E+00   4.00000000000E+00
   4.50000000000E+00   5.00000000000E+00   5.50000000000E+00   6.00000000000E+00
   6.50000000000E+00   7.00000000000E+00   7.50000000000E+00   8.00000000000E+00
   8.50000000000E+00   9.00000000000E+00   9.50000000000E+00   1.00000000000E+01
   1.05000000000E+01   1.10000000000E+01   1.15000000000E+01   1.20000000000E+01
   1.25000000000E+01   1.30000000000E+01   1.35000000000E+01   1.40000000000E+01
   1.45000000000E+01   1.50000000000E+01   1.55000000000E+01   1.60000000000E+01
   1.65000000000E+01   1.70000000000E+01   1.75000000000E+01   1.80000000000E+01
   1.85000000000E+01   1.90000000000E+01   1.95000000000E+01   2.00000000000E+01
   2.10000000000E+01   2.20000000000E+01   2.30000000000E+01   2.40000000000E+01
   2.50000000000E+01   2.60000000000E+01   2.70000000000E+01   2.80000000000E+01
   2.90000000000E+01   3.00000000000E+01   3.20000000000E+01   3.40000000000E+01
   3.60000000000E+01   3.80000000000E+01   4.00000000000E+01   4.20000000000E+01
   4.40000000000E+01   4.60000000000E+01   4.80000000000E+01   5.00000000000E+01
   5.20000000000E+01   5.40000000000E+01   5.60000000000E+01   5.80000000000E+01
   6.00000000000E+01   6.20000000000E+01   6.40000000000E+01   6.60000000000E+01
   6.80000000000E+01   7.00000000000E+01   7.20000000000E+01   7.40000000000E+01
   7.60000000000E+01   7.80000000000E+01   8.00000000000E+01   8.50000000000E+01
   9.00000000000E+01   9.50000000000E+01   1.00000000000E+02   1.10000000000E+02
   1.20000000000E+02   1.30000000000E+02   1.40000000000E+02   1.50000000000E+02
   1.60000000000E+02   1.70000000000E+02   1.80000000000E+02   1.90000000000E+02
   2.00000000000E+02   0.00000000000E+00   5.11308300000E-06   1.35880100000E-05
   2.80805700000E-05   5.04310800000E-05   8.28067800000E-05   1.27812700000E-04
   1.88641600000E-04   2.69286000000E-04   3.74844800000E-04   5.11966400000E-04
   6.89470800000E-04   9.19205400000E-04   1.21718100000E-03   1.60490300000E-03
   2.11021700000E-03   2.76514900000E-03   3.59422100000E-03   4.58536300000E-03
   5.66203500000E-03   6.73541100000E-03   7.84151200000E-03   9.16474700000E-03
   1.09252600000E-02   1.33236200000E-02   1.65677400000E-02   2.09118200000E-02
   2.66762900000E-02   3.42338300000E-02   4.39266100000E-02   5.58480600000E-02
   6.94205700000E-02   8.28727800000E-02   9.32165500000E-02   9.75461100000E-02
   9.50433700000E-02   8.74406600000E-02   7.74702400000E-02   6.72894200000E-02
   5.80386700000E-02   4.33849800000E-02   3.33241100000E-02   2.64143300000E-02
   2.15457000000E-02   1.80093000000E-02   1.53658900000E-02   1.33399500000E-02
   1.17542100000E-02   1.04913200000E-02   9.47131900000E-03   7.95177400000E-03
   6.90774400000E-03   6.17781200000E-03   5.66373100000E-03   5.30168800000E-03
   5.04820800000E-03   4.87269400000E-03   4.75315700000E-03   4.67358400000E-03
   4.62222900000E-03   4.59043000000E-03   4.57178800000E-03   4.56157500000E-03
   4.55629900000E-03   4.55339200000E-03   4.55097700000E-03   4.54769500000E-03
   4.54257500000E-03   4.53494600000E-03   4.52435500000E-03   4.51052200000E-03
   4.49329500000E-03   4.47261900000E-03   4.44851400000E-03   4.42105500000E-03
   4.33858900000E-03   4.23855000000E-03   4.12411300000E-03   3.99869600000E-03
   3.72868900000E-03   3.45520100000E-03   3.20289300000E-03   2.99422500000E-03
   2.73467600000E-03   2.51044400000E-03   2.31516300000E-03   2.14387000000E-03
   1.99264200000E-03   1.85834400000E-03   0.00000000000E+00   1.00000000000E+00
   9.06714900000E-01   8.13430700000E-01   7.20146500000E-01   6.26862300000E-01
   5.33578100000E-01   2.57026900000E-01   2.77153900000E-01   2.83243100000E-01
   2.79321400000E-01   2.66748300000E-01   4.00482800000E-01   5.31894400000E-01
   6.58424900000E-01   6.24212600000E+00   7.74207800000E+00   8.28718700000E+00
   7.78100900000E+00   8.04113300000E+00   7.98897900000E+00   8.04818100000E+00
   7.82860500000E+00   7.89813800000E+00   7.83913400000E+00   7.89378100000E+00
   7.97706700000E+00   8.05894700000E+00   8.24059000000E+00   8.38998800000E+00
   8.51026800000E+00   8.61074000000E+00   8.70103600000E+00   8.77891900000E+00
   8.85129700000E+00   8.92059400000E+00   9.13176700000E+00   9.34206200000E+00
   9.72495600000E+00   1.03487900000E+01   1.26917900000E+01   1.46572200000E+01
   1.60459900000E+01   1.72395400000E+01   1.79645900000E+01   1.86752200000E+01
   1.90995800000E+01   1.95346800000E+01   1.99131200000E+01   2.02897500000E+01
   2.14235100000E+01   2.31960000000E+01   2.49000600000E+01   2.65441900000E+01
   2.81246400000E+01   2.93745200000E+01   3.06961200000E+01   3.21118900000E+01
   3.35000400000E+01   3.50369200000E+01   3.64567900000E+01   3.78495000000E+01
   3.92597000000E+01   4.06135600000E+01   4.19801100000E+01   4.31251200000E+01
   4.44716800000E+01   4.56014100000E+01   4.67537600000E+01   4.78493800000E+01
   4.91833800000E+01   5.04166300000E+01   5.17009100000E+01   5.29346600000E+01
   5.41749600000E+01   5.73701600000E+01   6.05101500000E+01   6.36482400000E+01
   6.68008600000E+01   7.30657000000E+01   7.93753700000E+01   8.72124900000E+01
   9.68719100000E+01   1.03967900000E+02   1.11018600000E+02   1.18196200000E+02
   1.25325000000E+02   1.35879800000E+02   1.43343200000E+02                   5
   0.00000000000E+00                   1                   1                  89
   0.00000000000E+00   5.11308300000E-06   1.35880100000E-05   2.80805700000E-05
   5.04310800000E-05   8.28067800000E-05   1.27812700000E-04   1.88641600000E-04
   2.69286000000E-04   3.74844800000E-04   5.11966400000E-04   6.89470800000E-04
   9.19205400000E-04   1.21718100000E-03   1.60490300000E-03   2.11021700000E-03
   2.76514900000E-03   3.59422100000E-03   4.58536300000E-03   5.66203500000E-03
   6.73541100000E-03   7.84151200000E-03   9.16474700000E-03   1.09252600000E-02
   1.33236200000E-02   1.65677400000E-02   2.09118200000E-02   2.66762900000E-02
   3.42338300000E-02   4.39266100000E-02   5.58480600000E-02   6.94205700000E-02
   8.28727800000E-02   9.32165500000E-02   9.75461100000E-02   9.50433700000E-02
   8.74406600000E-02   7.74702400000E-02   6.72894200000E-02   5.80386700000E-02
   4.33849800000E-02   3.33241100000E-02   2.64143300000E-02   2.15457000000E-02
   1.80093000000E-02   1.53658900000E-02   1.33399500000E-02   1.17542100000E-02
   1.04913200000E-02   9.47131900000E-03   7.95177400000E-03   6.90774400000E-03
   6.17781200000E-03   5.66373100000E-03   5.30168800000E-03   5.04820800000E-03
   4.87269400000E-03   4.75315700000E-03   4.67358400000E-03   4.62222900000E-03
   4.59043000000E-03   4.57178800000E-03   4.56157500000E-03   4.55629900000E-03
   4.55339200000E-03   4.55097700000E-03   4.54769500000E-03   4.54257500000E-03
   4.53494600000E-03   4.52435500000E-03   4.51052200000E-03   4.49329500000E-03
   4.47261900000E-03   4.44851400000E-03   4.42105500000E-03   4.33858900000E-03
   4.23855000000E-03   4.12411300000E-03   3.99869600000E-03   3.72868900000E-03
   3.45520100000E-03   3.20289300000E-03   2.99422500000E-03   2.73467600000E-03
   2.51044400000E-03   2.31516300000E-03   2.14387000000E-03   1.99264200000E-03
   1.85834400000E-03                   1                   1                 446
                 523                 600                 601                 602
                 603                 759                 760                 760
                 761                   2                   1               54480
               54571               54662               54663               54664
               54665               54837               54838               54838
               54839                   9                   1               68491
               68564               68637               68638               68639
               68640               68786               68787               68787
               68788                  31                   1              119679
              119741              119803              119804              119805
              119806              119932              119933              119933
              119934                  32                   1              164343
              164397              164451              164452              164453
              164454              164562              164563              164563
              164564                  33                   1              204468
              204526              204584              204585              204586
              204587              204705              204706              204706
              204707                  34                   1              246602
              246681              246760              246761              246762
              246763              246923              246924              246924
              246925                  15                  75   0.00000000000E+00
   1.67777600000E-03   2.61575300000E-03   3.52617500000E-03   4.57293100000E-03
   5.65017000000E-03   6.72415000000E-03   7.82978800000E-03   9.15465500000E-03
   1.09109600000E-02   1.32816200000E-02   1.64253400000E-02   2.05008800000E-02
   2.57112400000E-02   3.23328700000E-02   4.06381000000E-02   5.06749000000E-02
   6.18767200000E-02   7.28032100000E-02   8.09025700000E-02   8.36913200000E-02
   8.06508700000E-02   7.32447900000E-02   6.42740700000E-02   5.65641300000E-02
   5.15069400000E-02   4.56816900000E-02   3.99435800000E-02   3.43485600000E-02
   2.93261300000E-02   2.51668300000E-02   2.16262100000E-02   1.87599900000E-02
   1.64347700000E-02   1.45716300000E-02   1.31379800000E-02   1.12998400000E-02
   1.02781000000E-02   9.68287400000E-03   9.25613900000E-03   8.90790100000E-03
   8.62157700000E-03   8.41839300000E-03   8.38542500000E-03   8.42782300000E-03
   8.56252200000E-03   8.69385700000E-03   8.83963000000E-03   8.97848400000E-03
   9.11666700000E-03   9.26264200000E-03   9.40362000000E-03   9.46390300000E-03
   9.60717800000E-03   9.71578200000E-03   9.83313400000E-03   9.90859700000E-03
   1.00302400000E-02   1.01019000000E-02   1.01949000000E-02   1.02680000000E-02
   1.04079700000E-02   1.04776400000E-02   1.05109900000E-02   1.04682800000E-02
   1.03123700000E-02   1.00045600000E-02   1.01549800000E-02   9.93579700000E-03
   9.45488000000E-03   9.01185400000E-03   8.62191700000E-03   8.26377200000E-03
   7.94282600000E-03   8.16078900000E-03                  15                  75
   0.00000000000E+00   1.59014500000E-01   3.84263000000E-01   6.00825300000E-01
   8.16410100000E-01   1.02269200000E+00   1.06638200000E+00   1.10983500000E+00
   1.15355300000E+00   1.19658500000E+00   1.40798600000E+00   1.61274100000E+00
   1.80482900000E+00   1.98093900000E+00   2.03476000000E+00   2.08478500000E+00
   2.13467000000E+00   2.18526600000E+00   2.19997600000E+00   2.21907200000E+00
   2.23878100000E+00   2.25887000000E+00   2.23021000000E+00   2.20933500000E+00
   2.23889300000E+00   2.36409900000E+00   2.64512900000E+00   2.82925200000E+00
   3.17384900000E+00   3.43142900000E+00   3.73346800000E+00   3.97210900000E+00
   4.23819200000E+00   4.48146900000E+00   4.70275500000E+00   4.94740700000E+00
   5.46165300000E+00   5.97423200000E+00   6.56249200000E+00   7.19564200000E+00
   7.76069100000E+00   8.34881700000E+00   8.91146300000E+00   9.47419000000E+00
   1.00669100000E+01   1.06719900000E+01   1.12687100000E+01   1.18811100000E+01
   1.24782600000E+01   1.30781500000E+01   1.36957600000E+01   1.44946500000E+01
   1.51853300000E+01   1.60293800000E+01   1.68424000000E+01   1.76990200000E+01
   1.83434300000E+01   1.91010300000E+01   1.97931000000E+01   2.05570600000E+01
   2.13129300000E+01   2.31404400000E+01   2.50058100000E+01   2.68392700000E+01
   2.86551100000E+01   3.23090000000E+01   3.59577700000E+01   3.80696400000E+01
   3.84790700000E+01   4.13875300000E+01   4.43169700000E+01   4.71172900000E+01
   4.99498800000E+01   4.93058800000E+01   5.17334700000E+01                   5
                  -1                   1                   6                   5
                   0                  76   1.00000000000E+00   7.82010400000E+00
   8.00000000000E+00   8.50000000000E+00   9.00000000000E+00   9.50000000000E+00
   1.00000000000E+01   1.05000000000E+01   1.10000000000E+01   1.15000000000E+01
   1.20000000000E+01   1.25000000000E+01   1.30000000000E+01   1.35000000000E+01
   1.40000000000E+01   1.45000000000E+01   1.50000000000E+01   1.55000000000E+01
   1.60000000000E+01   1.65000000000E+01   1.70000000000E+01   1.75000000000E+01
   1.80000000000E+01   1.85000000000E+01   1.90000000000E+01   1.95000000000E+01
   2.00000000000E+01   2.10000000000E+01   2.20000000000E+01   2.30000000000E+01
   2.40000000000E+01   2.50000000000E+01   2.60000000000E+01   2.70000000000E+01
   2.80000000000E+01   2.90000000000E+01   3.00000000000E+01   3.20000000000E+01
   3.40000000000E+01   3.60000000000E+01   3.80000000000E+01   4.00000000000E+01
   4.20000000000E+01   4.40000000000E+01   4.60000000000E+01   4.80000000000E+01
   5.00000000000E+01   5.20000000000E+01   5.40000000000E+01   5.60000000000E+01
   5.80000000000E+01   6.00000000000E+01   6.20000000000E+01   6.40000000000E+01
   6.60000000000E+01   6.80000000000E+01   7.00000000000E+01   7.20000000000E+01
   7.40000000000E+01   7.60000000000E+01   7.80000000000E+01   8.00000000000E+01
   8.50000000000E+01   9.00000000000E+01   9.50000000000E+01   1.00000000000E+02
   1.10000000000E+02   1.20000000000E+02   1.30000000000E+02   1.40000000000E+02
   1.50000000000E+02   1.60000000000E+02   1.70000000000E+02   1.80000000000E+02
   1.90000000000E+02   2.00000000000E+02   0.00000000000E+00   0.00000000000E+00
   7.95072700000E-01   9.45971800000E-01   9.81067900000E-01   9.97288800000E-01
   9.97904500000E-01   9.98328100000E-01   9.98504900000E-01   9.98898800000E-01
   9.98691100000E-01   9.96847700000E-01   9.91405000000E-01   9.80348900000E-01
   9.63823700000E-01   9.44471300000E-01   9.25136300000E-01   9.07370800000E-01
   8.91331200000E-01   8.78493600000E-01   8.67899200000E-01   8.57966800000E-01
   8.48569100000E-01   8.37651400000E-01   8.29661400000E-01   8.40609600000E-01
   8.87459000000E-01   1.05293800000E+00   1.19863900000E+00   1.30037600000E+00
   1.36111300000E+00   1.39743500000E+00   1.40741700000E+00   1.40630100000E+00
   1.39820300000E+00   1.38892200000E+00   1.38713300000E+00   1.42104600000E+00
   1.48791000000E+00   1.56736300000E+00   1.63428300000E+00   1.68020100000E+00
   1.70784900000E+00   1.72766700000E+00   1.76418000000E+00   1.80328900000E+00
   1.85246600000E+00   1.89390900000E+00   1.93351700000E+00   1.96828600000E+00
   2.00089300000E+00   2.03422900000E+00   2.06628600000E+00   2.08103300000E+00
   2.11491900000E+00   2.14242500000E+00   2.17337800000E+00   2.19677400000E+00
   2.23226800000E+00   2.25861000000E+00   2.29175400000E+00   2.32252300000E+00
   2.39893000000E+00   2.47198700000E+00   2.54866700000E+00   2.61792300000E+00
   2.76568300000E+00   2.89550700000E+00   3.17056500000E+00   3.31832000000E+00
   3.45740400000E+00   3.58974500000E+00   3.72410800000E+00   3.85460500000E+00
   3.98607800000E+00   4.39143100000E+00                   0                   1
                   0                   4                  10                   0
                   2   1.00000000000E+00   2.00000000000E+02   1.00000000000E+00
   1.00000000000E+00                   0                  32   1.00000000000E+00
   7.82010400000E+00   8.00000000000E+00   1.00000000000E+01   1.20000000000E+01
   1.40000000000E+01   1.60000000000E+01   1.80000000000E+01   2.00000000000E+01
   2.20000000000E+01   2.40000000000E+01   2.60000000000E+01   2.80000000000E+01
   3.00000000000E+01   3.20000000000E+01   3.60000000000E+01   4.00000000000E+01
   4.40000000000E+01   4.80000000000E+01   5.00000000000E+01   5.20000000000E+01
   5.60000000000E+01   6.00000000000E+01   7.00000000000E+01   8.00000000000E+01
   9.00000000000E+01   1.00000000000E+02   1.20000000000E+02   1.40000000000E+02
   1.60000000000E+02   1.80000000000E+02   2.00000000000E+02                  76
                  87                  98                 109                 183
                 581                1159                2030                2989
                4014                5303                6644                8037
                9469               10940               12437               13986
               15833               17710               19632               21569
               23506               25473               27455               29752
               32083               34726               37388               40372
               43686               47023               50360                   2
                   3   0.00000000000E+00   5.00000000000E-07   1.00000000000E-06
   0.00000000000E+00   2.00000000000E+06   0.00000000000E+00   0.00000000000E+00
   5.00000000000E-01   1.00000000000E+00                   2                   3
   0.00000000000E+00   5.00000000000E-07   1.00000000000E-06   0.00000000000E+00
   2.00000000000E+06   0.00000000000E+00   0.00000000000E+00   5.00000000000E-01
   1.00000000000E+00                   2                   3   0.00000000000E+00
   1.00000000000E-01   2.00000000000E-01   0.00000000000E+00   2.70436100000E-06
   1.99999900000E+01   0.00000000000E+00   1.35218031000E-07   1.00000000000E+00
                   2                  24   0.00000000000E+00   2.50000000000E-02
   1.00000000000E-01   2.00000000000E-01   3.00000000000E-01   4.00000000000E-01
   5.00000000000E-01   6.00000000000E-01   7.00000000000E-01   8.00000000000E-01
   9.00000000000E-01   1.00000000000E+00   1.10000000000E+00   1.20000000000E+00
   1.30000000000E+00   1.40000000000E+00   1.50000000000E+00   1.60000000000E+00
   1.70000000000E+00   1.80000000000E+00   1.90000000000E+00   2.00000000000E+00
   2.10000000000E+00   2.20000000000E+00   0.00000000000E+00   2.10097200000E-01
   8.40364600000E-01   5.72786000000E-05   5.37775000000E-05   5.02659000000E-05
   4.63322000000E-05   4.18727000000E-05   3.71304000000E-05   7.12737700000E+00
   2.76284000000E-05   2.31151000000E-05   1.88866000000E-05   1.50112000000E-05
   1.15447000000E-05   5.94771000000E-06   2.97470000000E-06   1.70070000000E-06
   9.34821000000E-07   4.62588000000E-07   1.90301000000E-07   5.53177000000E-08
   6.81752000000E-09   4.06372100000E+00   0.00000000000E+00   2.62621494000E-03
   4.20185315000E-02   8.40396244000E-02   8.40451772000E-02   8.40503794000E-02
   8.40552093000E-02   8.40596195000E-02   8.40635697000E-02   4.40434268000E-01
   7.96804490000E-01   7.96807028000E-01   7.96809128000E-01   7.96810823000E-01
   7.96812150000E-01   7.96813025000E-01   7.96813471000E-01   7.96813705000E-01
   7.96813837000E-01   7.96813907000E-01   7.96813939000E-01   7.96813951000E-01
   7.96813955000E-01   1.00000000000E+00                   2                  44
   0.00000000000E+00   2.50000000000E-02   1.00000000000E-01   2.00000000000E-01
   3.00000000000E-01   4.00000000000E-01   5.00000000000E-01   6.00000000000E-01
   7.00000000000E-01   8.00000000000E-01   9.00000000000E-01   1.00000000000E+00
   1.10000000000E+00   1.20000000000E+00   1.30000000000E+00   1.40000000000E+00
   1.50000000000E+00   1.60000000000E+00   1.70000000000E+00   1.80000000000E+00
   1.90000000000E+00   2.00000000000E+00   2.10000000000E+00   2.20000000000E+00
   2.30000000000E+00   2.40000000000E+00   2.50000000000E+00   2.60000000000E+00
   2.70000000000E+00   2.80000000000E+00   2.90000000000E+00   3.00000000000E+00
   3.10000000000E+00   3.20000000000E+00   3.30000000000E+00   3.40000000000E+00
   3.50000000000E+00   3.60000000000E+00   3.70000000000E+00   3.80000000000E+00
   3.90000000000E+00   4.00000000000E+00   4.10000000000E+00   4.20000000000E+00
   0.00000000000E+00   1.35010500000E-01   5.39920300000E-01   3.58806100000E-01
   8.97862300000E-01   6.41605500000E-01   1.18757200000E-01   6.44327100000E-01
   8.60652000000E-05   8.16456700000E-01   7.50993800000E-01   1.08332000000E+00
   8.10957000000E-01   6.48074000000E-05   6.03202000000E-05   4.30035000000E-05
   3.10597000000E-05   5.94299800000E-01   3.00379500000E-01   1.78235000000E-05
   3.17074600000E-01   8.93994100000E-01   1.11548000000E-05   9.47693000000E-06
   7.68659000000E-06   6.20095000000E-06   5.06684000000E-06   4.10770000000E-06
   3.26679000000E-06   1.02691200000E+00   2.01277000000E-06   1.56041000000E-06
   1.19230000000E-06   8.77965000000E-07   6.00515000000E-07   3.94429000000E-07
   2.30823000000E-07   1.36216000000E-07   7.23084000000E-08   3.39803000000E-08
   1.33713000000E-08   3.65947000000E-09   4.19190000000E-10   4.07923700000E-01
   0.00000000000E+00   1.68763121000E-03   2.69975356000E-02   7.19338546000E-02
   1.34767273000E-01   2.11740661000E-01   2.49758795000E-01   2.87913010000E-01
   3.20133667000E-01   3.60960804000E-01   4.39333328000E-01   5.31049015000E-01
   6.25762863000E-01   6.66313953000E-01   6.66320209000E-01   6.66325375000E-01
   6.66329078000E-01   6.96045621000E-01   7.40779585000E-01   7.55799451000E-01
   7.71654071000E-01   8.32207505000E-01   8.76907767000E-01   8.76908798000E-01
   8.76909656000E-01   8.76910351000E-01   8.76910914000E-01   8.76911373000E-01
   8.76911742000E-01   9.28257504000E-01   9.79603203000E-01   9.79603382000E-01
   9.79603519000E-01   9.79603623000E-01   9.79603697000E-01   9.79603747000E-01
   9.79603778000E-01   9.79603796000E-01   9.79603807000E-01   9.79603812000E-01
   9.79603814000E-01   9.79603815000E-01   9.79603815000E-01   1.00000000000E+00
                   0                   0                   0                   0
                   0                   0                   0                   0
                   0                   0                   0                   0
                   0                   0                   0                   0
                   0                   0                   0                   0
                   0                   0                   0                   0
                   0                   0                   0                   0
                   0                   0                   0                   0
                   0                   0                   0                   0
                   0                   0                   0                   0
                   0                   0                   0                   0
                   0                   0                   0                   0
                   0                   0                   0                   0
                   0                   0                   0                   0
                   0                   0                   0                   0
                   0                   0                   0                   0
                   0                   0                   0                   0
                   0                   0                   0                   0
                   0                   0                   0                   0
                   0                   0                   0                   0
                   0                   0                   0                   0
                   0                   0                   0                   0
                   0                   0                   0                   0
                   0                   0                   0                   0
                   0                   0                   0                   0
                   0                   0                   0                   0
                   0                   0                   0                   0
                   0                   0                   0                   0
                   0                   0                   0                   0
                   0                   0                   0                   0
                   0                   0                   0                   0
                   0                   0                   0                   0
                   0                   0                   0                   0
