 28062.00u   61.396350  0.0000E+00   05/27/20
Ace Ni62 IAEA-PD                                                         mat2837
      0         0.      0         0.      0         0.      0         0.
      0         0.      0         0.      0         0.      0         0.
      0         0.      0         0.      0         0.      0         0.
      0         0.      0         0.      0         0.      0         0.
   285774    28062       89        1        7        2       12        0
        0        0        0        0        0        0        0        1
        1       90       90        0      179      268      269      270
      271      362      446        0        0        0        0        0
        0        0        0        0        0        0        0        0
        0        0        0        0        0        0        0        0
   9.99999000000E-01   1.00000000000E+00   1.50000000000E+00   2.00000000000E+00
   2.50000000000E+00   3.00000000000E+00   3.50000000000E+00   4.00000000000E+00
   4.50000000000E+00   5.00000000000E+00   5.50000000000E+00   6.00000000000E+00
   6.50000000000E+00   7.00000000000E+00   7.50000000000E+00   8.00000000000E+00
   8.50000000000E+00   9.00000000000E+00   9.50000000000E+00   1.00000000000E+01
   1.05000000000E+01   1.10000000000E+01   1.15000000000E+01   1.20000000000E+01
   1.25000000000E+01   1.30000000000E+01   1.35000000000E+01   1.40000000000E+01
   1.45000000000E+01   1.50000000000E+01   1.55000000000E+01   1.60000000000E+01
   1.65000000000E+01   1.70000000000E+01   1.75000000000E+01   1.80000000000E+01
   1.85000000000E+01   1.90000000000E+01   1.95000000000E+01   2.00000000000E+01
   2.10000000000E+01   2.20000000000E+01   2.30000000000E+01   2.40000000000E+01
   2.50000000000E+01   2.60000000000E+01   2.70000000000E+01   2.80000000000E+01
   2.90000000000E+01   3.00000000000E+01   3.20000000000E+01   3.40000000000E+01
   3.60000000000E+01   3.80000000000E+01   4.00000000000E+01   4.20000000000E+01
   4.40000000000E+01   4.60000000000E+01   4.80000000000E+01   5.00000000000E+01
   5.20000000000E+01   5.40000000000E+01   5.60000000000E+01   5.80000000000E+01
   6.00000000000E+01   6.20000000000E+01   6.40000000000E+01   6.60000000000E+01
   6.80000000000E+01   7.00000000000E+01   7.20000000000E+01   7.40000000000E+01
   7.60000000000E+01   7.80000000000E+01   8.00000000000E+01   8.50000000000E+01
   9.00000000000E+01   9.50000000000E+01   1.00000000000E+02   1.10000000000E+02
   1.20000000000E+02   1.30000000000E+02   1.40000000000E+02   1.50000000000E+02
   1.60000000000E+02   1.70000000000E+02   1.80000000000E+02   1.90000000000E+02
   2.00000000000E+02   0.00000000000E+00   7.21351300000E-06   1.93612000000E-05
   4.02984600000E-05   7.27541600000E-05   1.19921800000E-04   1.85616400000E-04
   2.74486200000E-04   3.92307900000E-04   5.46411500000E-04   7.46290000000E-04
   1.00446000000E-03   1.33765400000E-03   1.76839800000E-03   2.32678400000E-03
   3.05129400000E-03   3.98456600000E-03   5.15413000000E-03   6.52813900000E-03
   7.98109200000E-03   9.38525100000E-03   1.07999500000E-02   1.24703800000E-02
   1.46596800000E-02   1.75793600000E-02   2.14210600000E-02   2.63934800000E-02
   3.27302400000E-02   4.06622700000E-02   5.03430400000E-02   6.17121300000E-02
   7.42972600000E-02   8.70120700000E-02   9.81338500000E-02   1.05723700000E-01
   1.08459300000E-01   1.06291400000E-01   1.00343300000E-01   9.22140300000E-02
   8.33188800000E-02   6.64825600000E-02   5.30273800000E-02   4.29153500000E-02
   3.53762800000E-02   2.96883100000E-02   2.53175500000E-02   2.18935900000E-02
   1.91626200000E-02   1.69494600000E-02   1.51314200000E-02   1.23543200000E-02
   1.03748400000E-02   8.93328500000E-03   7.87010300000E-03   7.08052200000E-03
   6.49210700000E-03   6.05295300000E-03   5.72500500000E-03   5.47997800000E-03
   5.29668400000E-03   5.15917600000E-03   5.05542000000E-03   4.97631900000E-03
   4.91499200000E-03   4.86623000000E-03   4.82609400000E-03   4.79160800000E-03
   4.76053100000E-03   4.73118500000E-03   4.70232400000E-03   4.67303100000E-03
   4.64264500000E-03   4.61070500000E-03   4.57690100000E-03   4.54104000000E-03
   4.44192100000E-03   4.32964400000E-03   4.20587700000E-03   4.07309500000E-03
   3.79208200000E-03   3.51062700000E-03   3.25230100000E-03   3.03915300000E-03
   2.77498700000E-03   2.54696500000E-03   2.34850900000E-03   2.17451200000E-03
   2.02095300000E-03   1.88462200000E-03   0.00000000000E+00   1.00000000000E+00
   1.09501500000E+00   1.19003200000E+00   1.28504800000E+00   1.38006400000E+00
   1.47508000000E+00   1.57009700000E+00   1.66511300000E+00   1.44642300000E+00
   1.12652700000E+00   7.35166000000E-01   6.92644300000E-01   6.71086100000E-01
   6.72359700000E-01   6.92797500000E-01   6.84916700000E-01   6.72685900000E-01
   6.38387800000E-01   5.70932500000E-01   2.81826700000E+00   9.91353100000E+00
   1.01267300000E+01   1.06616400000E+01   1.07205400000E+01   1.07629500000E+01
   1.07301300000E+01   1.06547200000E+01   1.06642200000E+01   1.06950200000E+01
   1.07182500000E+01   1.07158900000E+01   1.07946400000E+01   1.08399500000E+01
   1.08533000000E+01   1.08453900000E+01   1.11332400000E+01   1.17379400000E+01
   1.25479800000E+01   1.33931500000E+01   1.50707400000E+01   1.60649000000E+01
   1.64916000000E+01   1.70100200000E+01   1.72702000000E+01   1.76425500000E+01
   1.80115900000E+01   1.84159000000E+01   1.87339700000E+01   1.90459400000E+01
   2.02899400000E+01   2.24023800000E+01   2.43820600000E+01   2.60097000000E+01
   2.75395300000E+01   2.86794000000E+01   2.98399600000E+01   3.11972400000E+01
   3.25408500000E+01   3.40470600000E+01   3.55305800000E+01   3.68712500000E+01
   3.82388100000E+01   3.96120000000E+01   4.09569600000E+01   4.21631900000E+01
   4.33055300000E+01   4.47199600000E+01   4.58747000000E+01   4.70158400000E+01
   4.83383600000E+01   4.95894500000E+01   5.08208100000E+01   5.20852400000E+01
   5.33192800000E+01   5.64828200000E+01   5.95974100000E+01   6.26838400000E+01
   6.57291600000E+01   7.19986100000E+01   7.81262800000E+01   8.56058500000E+01
   9.50556300000E+01   1.02111100000E+02   1.09059800000E+02   1.16148900000E+02
   1.23212300000E+02   1.30315400000E+02   1.37400000000E+02                   5
   0.00000000000E+00                   1                   1                  89
   0.00000000000E+00   7.21351300000E-06   1.93612000000E-05   4.02984600000E-05
   7.27541600000E-05   1.19921800000E-04   1.85616400000E-04   2.74486200000E-04
   3.92307900000E-04   5.46411500000E-04   7.46290000000E-04   1.00446000000E-03
   1.33765400000E-03   1.76839800000E-03   2.32678400000E-03   3.05129400000E-03
   3.98456600000E-03   5.15413000000E-03   6.52813900000E-03   7.98109200000E-03
   9.38525100000E-03   1.07999500000E-02   1.24703800000E-02   1.46596800000E-02
   1.75793600000E-02   2.14210600000E-02   2.63934800000E-02   3.27302400000E-02
   4.06622700000E-02   5.03430400000E-02   6.17121300000E-02   7.42972600000E-02
   8.70120700000E-02   9.81338500000E-02   1.05723700000E-01   1.08459300000E-01
   1.06291400000E-01   1.00343300000E-01   9.22140300000E-02   8.33188800000E-02
   6.64825600000E-02   5.30273800000E-02   4.29153500000E-02   3.53762800000E-02
   2.96883100000E-02   2.53175500000E-02   2.18935900000E-02   1.91626200000E-02
   1.69494600000E-02   1.51314200000E-02   1.23543200000E-02   1.03748400000E-02
   8.93328500000E-03   7.87010300000E-03   7.08052200000E-03   6.49210700000E-03
   6.05295300000E-03   5.72500500000E-03   5.47997800000E-03   5.29668400000E-03
   5.15917600000E-03   5.05542000000E-03   4.97631900000E-03   4.91499200000E-03
   4.86623000000E-03   4.82609400000E-03   4.79160800000E-03   4.76053100000E-03
   4.73118500000E-03   4.70232400000E-03   4.67303100000E-03   4.64264500000E-03
   4.61070500000E-03   4.57690100000E-03   4.54104000000E-03   4.44192100000E-03
   4.32964400000E-03   4.20587700000E-03   4.07309500000E-03   3.79208200000E-03
   3.51062700000E-03   3.25230100000E-03   3.03915300000E-03   2.77498700000E-03
   2.54696500000E-03   2.34850900000E-03   2.17451200000E-03   2.02095300000E-03
   1.88462200000E-03                   1                   1                 446
                 517                 588                 589                 590
                 591                 735                 736                 736
                 737                   2                   1               50179
               50270               50361               50362               50363
               50364               50532               50533               50533
               50534                   9                   1               64068
               64138               64208               64209               64210
               64211               64353               64354               64354
               64355                  31                   1              112744
              112800              112856              112857              112858
              112859              112973              112974              112974
              112975                  32                   1              152863
              152917              152971              152972              152973
              152974              153082              153083              153083
              153084                  33                   1              192068
              192119              192170              192171              192172
              192173              192277              192278              192278
              192279                  34                   1              228834
              228912              228990              228991              228992
              228993              229151              229152              229152
              229153                  21                  69   0.00000000000E+00
   1.07647500000E-02   1.24486900000E-02   1.46404700000E-02   1.75567300000E-02
   2.13873800000E-02   2.63296300000E-02   3.25826700000E-02   4.03220400000E-02
   4.96250700000E-02   6.03964600000E-02   7.21379600000E-02   8.38772600000E-02
   9.40196900000E-02   1.00882100000E-01   1.03186900000E-01   1.00919600000E-01
   1.03722600000E-01   1.06727500000E-01   1.05904400000E-01   9.86195000000E-02
   8.49111500000E-02   7.13638900000E-02   6.01623200000E-02   5.11256700000E-02
   4.37383000000E-02   3.76955700000E-02   3.27256200000E-02   2.86474200000E-02
   2.53225800000E-02   2.07398000000E-02   1.83209400000E-02   1.66278300000E-02
   1.51720200000E-02   1.38861100000E-02   1.28677600000E-02   1.21274000000E-02
   1.16471900000E-02   1.13897600000E-02   1.12687100000E-02   1.12213300000E-02
   1.12081900000E-02   1.11830100000E-02   1.12274500000E-02   1.12808500000E-02
   1.13693000000E-02   1.14773500000E-02   1.13864100000E-02   1.14733300000E-02
   1.15452300000E-02   1.15964000000E-02   1.16888400000E-02   1.17682400000E-02
   1.18252600000E-02   1.18844200000E-02   1.19826200000E-02   1.20212400000E-02
   1.20007200000E-02   1.19361800000E-02   1.17037200000E-02   1.13678300000E-02
   1.15397000000E-02   1.12537500000E-02   1.06710800000E-02   1.01596100000E-02
   9.69318900000E-03   9.26505200000E-03   8.87221600000E-03   8.50521800000E-03
                  21                  69   0.00000000000E+00   2.50601100000E-01
   5.61405700000E-01   8.72202800000E-01   1.10265400000E+00   1.33270600000E+00
   1.56174500000E+00   1.78816300000E+00   1.87727500000E+00   1.96158800000E+00
   2.04233200000E+00   2.12021200000E+00   2.11202800000E+00   2.10608900000E+00
   2.10453300000E+00   2.10525200000E+00   2.03229100000E+00   2.13776100000E+00
   2.30987100000E+00   2.44479000000E+00   2.89560000000E+00   3.17151900000E+00
   3.47322800000E+00   3.73577700000E+00   4.07848100000E+00   4.38807400000E+00
   4.70483100000E+00   4.99549300000E+00   5.24653100000E+00   5.49441400000E+00
   5.98216500000E+00   6.51979700000E+00   7.11148200000E+00   7.78309800000E+00
   8.34268400000E+00   8.93143500000E+00   9.53356500000E+00   1.01008100000E+01
   1.07485500000E+01   1.13773600000E+01   1.20129900000E+01   1.26789300000E+01
   1.32911700000E+01   1.39288600000E+01   1.45599200000E+01   1.53921400000E+01
   1.62562700000E+01   1.68378900000E+01   1.76852100000E+01   1.85264400000E+01
   1.91926900000E+01   1.99465900000E+01   2.07020200000E+01   2.14426900000E+01
   2.22131700000E+01   2.40587000000E+01   2.59583500000E+01   2.77995000000E+01
   2.97046300000E+01   3.33664300000E+01   3.71914200000E+01   3.96346100000E+01
   4.01967400000E+01   4.31382100000E+01   4.61937800000E+01   4.90896100000E+01
   5.20098600000E+01   5.48124400000E+01   5.76038600000E+01                   5
                  -1                   1                   6                   5
                   0                  70   1.00000000000E+00   1.05957400000E+01
   1.10000000000E+01   1.15000000000E+01   1.20000000000E+01   1.25000000000E+01
   1.30000000000E+01   1.35000000000E+01   1.40000000000E+01   1.45000000000E+01
   1.50000000000E+01   1.55000000000E+01   1.60000000000E+01   1.65000000000E+01
   1.70000000000E+01   1.75000000000E+01   1.80000000000E+01   1.85000000000E+01
   1.90000000000E+01   1.95000000000E+01   2.00000000000E+01   2.10000000000E+01
   2.20000000000E+01   2.30000000000E+01   2.40000000000E+01   2.50000000000E+01
   2.60000000000E+01   2.70000000000E+01   2.80000000000E+01   2.90000000000E+01
   3.00000000000E+01   3.20000000000E+01   3.40000000000E+01   3.60000000000E+01
   3.80000000000E+01   4.00000000000E+01   4.20000000000E+01   4.40000000000E+01
   4.60000000000E+01   4.80000000000E+01   5.00000000000E+01   5.20000000000E+01
   5.40000000000E+01   5.60000000000E+01   5.80000000000E+01   6.00000000000E+01
   6.20000000000E+01   6.40000000000E+01   6.60000000000E+01   6.80000000000E+01
   7.00000000000E+01   7.20000000000E+01   7.40000000000E+01   7.60000000000E+01
   7.80000000000E+01   8.00000000000E+01   8.50000000000E+01   9.00000000000E+01
   9.50000000000E+01   1.00000000000E+02   1.10000000000E+02   1.20000000000E+02
   1.30000000000E+02   1.40000000000E+02   1.50000000000E+02   1.60000000000E+02
   1.70000000000E+02   1.80000000000E+02   1.90000000000E+02   2.00000000000E+02
   0.00000000000E+00   0.00000000000E+00   9.96740700000E-01   9.98260700000E-01
   9.98689600000E-01   9.98712700000E-01   9.98427700000E-01   9.97580800000E-01
   9.95491300000E-01   9.91632800000E-01   9.85738400000E-01   9.78680500000E-01
   9.70937000000E-01   9.63972700000E-01   9.58076000000E-01   9.54205200000E-01
   9.51388200000E-01   9.49461600000E-01   1.03367700000E+00   1.15738900000E+00
   1.27107300000E+00   1.48338900000E+00   1.60127000000E+00   1.66289900000E+00
   1.70064000000E+00   1.72208100000E+00   1.72758800000E+00   1.72176300000E+00
   1.70778400000E+00   1.69016700000E+00   1.67351000000E+00   1.67874900000E+00
   1.76590100000E+00   1.86133400000E+00   1.92780500000E+00   1.96117000000E+00
   1.98206200000E+00   2.00355100000E+00   2.03444200000E+00   2.07843200000E+00
   2.12750300000E+00   2.17502400000E+00   2.21706400000E+00   2.24724500000E+00
   2.28432700000E+00   2.31819100000E+00   2.35579700000E+00   2.39530200000E+00
   2.39183600000E+00   2.42504400000E+00   2.45521800000E+00   2.48155900000E+00
   2.51771100000E+00   2.55237300000E+00   2.58368300000E+00   2.61711400000E+00
   2.69762100000E+00   2.77649600000E+00   2.85332200000E+00   2.93049400000E+00
   3.08635700000E+00   3.23812000000E+00   3.54816500000E+00   3.70292300000E+00
   3.84545200000E+00   3.98890800000E+00   4.12738000000E+00   4.26075000000E+00
   4.39011500000E+00   4.51295700000E+00                   0                   1
                   0                   4                  10                   0
                   2   1.00000000000E+00   2.00000000000E+02   1.00000000000E+00
   1.00000000000E+00                   0                  30   1.00000000000E+00
   1.05957400000E+01   1.20000000000E+01   1.40000000000E+01   1.60000000000E+01
   1.80000000000E+01   2.00000000000E+01   2.20000000000E+01   2.40000000000E+01
   2.60000000000E+01   2.80000000000E+01   3.00000000000E+01   3.20000000000E+01
   3.60000000000E+01   4.00000000000E+01   4.40000000000E+01   4.80000000000E+01
   5.00000000000E+01   5.20000000000E+01   5.60000000000E+01   6.00000000000E+01
   7.00000000000E+01   8.00000000000E+01   9.00000000000E+01   1.00000000000E+02
   1.20000000000E+02   1.40000000000E+02   1.60000000000E+02   1.80000000000E+02
   2.00000000000E+02                  72                  83                  94
                 144                 542                1127                1833
                2638                3680                4800                5985
                7222                8511                9839               11245
               12927               14669               16456               18258
               20075               21937               23829               26024
               28270               30818               33404               36325
               39570               42838               46129                   2
                   3   0.00000000000E+00   5.00000000000E-07   1.00000000000E-06
   0.00000000000E+00   2.00000000000E+06   0.00000000000E+00   0.00000000000E+00
   5.00000000000E-01   1.00000000000E+00                   2                   3
   0.00000000000E+00   5.00000000000E-07   1.00000000000E-06   0.00000000000E+00
   2.00000000000E+06   0.00000000000E+00   0.00000000000E+00   5.00000000000E-01
   1.00000000000E+00                   2                  16   0.00000000000E+00
   2.50000000000E-02   1.00000000000E-01   2.00000000000E-01   3.00000000000E-01
   4.00000000000E-01   5.00000000000E-01   6.00000000000E-01   7.00000000000E-01
   8.00000000000E-01   9.00000000000E-01   1.00000000000E+00   1.10000000000E+00
   1.20000000000E+00   1.30000000000E+00   1.40000000000E+00   0.00000000000E+00
   2.62538000000E-05   1.31243000000E-05   1.06238100000E+00   1.36103200000E+00
   1.00470700000E-01   4.01535300000E-01   2.51283000000E-06   1.75286400000E+00
   9.49701900000E-07   5.08894000000E-07   2.34778000000E-07   2.14640400000E+00
   2.18501000000E-08   1.61722500000E+00   3.11612000000E+00   0.00000000000E+00
   3.28172472000E-07   1.80485110000E-06   5.31215066000E-02   1.74292146000E-01
   2.47367275000E-01   2.72467573000E-01   2.92544462000E-01   3.80187780000E-01
   4.67831021000E-01   4.67831094000E-01   4.67831131000E-01   5.75151333000E-01
   6.82471526000E-01   7.63332770000E-01   1.00000000000E+00                   2
                  36   0.00000000000E+00   2.50000000000E-02   1.00000000000E-01
   2.00000000000E-01   3.00000000000E-01   4.00000000000E-01   5.00000000000E-01
   6.00000000000E-01   7.00000000000E-01   8.00000000000E-01   9.00000000000E-01
   1.00000000000E+00   1.10000000000E+00   1.20000000000E+00   1.30000000000E+00
   1.40000000000E+00   1.50000000000E+00   1.60000000000E+00   1.70000000000E+00
   1.80000000000E+00   1.90000000000E+00   2.00000000000E+00   2.10000000000E+00
   2.20000000000E+00   2.30000000000E+00   2.40000000000E+00   2.50000000000E+00
   2.60000000000E+00   2.70000000000E+00   2.80000000000E+00   2.90000000000E+00
   3.00000000000E+00   3.10000000000E+00   3.20000000000E+00   3.30000000000E+00
   3.40000000000E+00   0.00000000000E+00   2.44294600000E-02   9.72306300000E-02
   1.26857500000E-01   7.78758300000E-02   7.96691300000E-02   3.77369600000E-01
   6.64752300000E-01   2.34912900000E-01   5.06912700000E-01   2.02041500000E-01
   5.06196000000E-01   3.24215000000E-05   2.66091000000E-05   4.49151200000E-01
   9.41838700000E-01   1.45245000000E-05   7.73047300000E-03   6.50476500000E-01
   3.87076500000E-01   2.03717600000E-01   4.43894000000E-06   3.26865000000E-06
   7.10029400000E-01   1.15300900000E+00   2.29173000000E-01   4.54236600000E-01
   5.98875000000E-07   5.17712100000E-01   2.15144000000E-07   1.12835000000E-07
   5.24346000000E-08   5.26220800000E-01   5.00928000000E-09   5.08665400000E-01
   7.74003800000E-01   0.00000000000E+00   3.05368237000E-04   4.86762142000E-03
   1.60720275000E-02   2.63086935000E-02   3.41859412000E-02   5.70378768000E-02
   1.09143970000E-01   1.54127228000E-01   1.91218506000E-01   2.26666215000E-01
   2.62078088000E-01   2.87389508000E-01   2.87392460000E-01   3.09851349000E-01
   3.79400842000E-01   4.26493501000E-01   4.26880751000E-01   4.59791098000E-01
   5.11668746000E-01   5.41208450000E-01   5.51394551000E-01   5.51394937000E-01
   5.86896569000E-01   6.80048485000E-01   7.49157582000E-01   7.83328060000E-01
   8.06039920000E-01   8.31925553000E-01   8.57811168000E-01   8.57811184000E-01
   8.57811193000E-01   8.84122234000E-01   9.10433273000E-01   9.35866543000E-01
   1.00000000000E+00                   0                   0                   0
                   0                   0                   0                   0
                   0                   0                   0                   0
                   0                   0                   0                   0
                   0                   0                   0                   0
                   0                   0                   0                   0
                   0                   0                   0                   0
                   0                   0                   0                   0
                   0                   0                   0                   0
                   0                   0                   0                   0
                   0                   0                   0                   0
                   0                   0                   0                   0
                   0                   0                   0                   0
                   0                   0                   0                   0
                   0                   0                   0                   0
                   0                   0                   0                   0
                   0                   0                   0                   0
                   0                   0                   0                   0
                   0                   0                   0                   0
                   0                   0                   0                   0
                   0                   0                   0                   0
                   0                   0                   0                   0
                   0                   0                   0                   0
                   0                   0                   0                   0
                   0                   0                   0                   0
                   0                   0                   0                   0
                   0                   0                   0                   0
                   0                   0                   0                   0
                   0                   0                   0                   0
                   0                   0                   0                   0
                   0                   0                   0                   0
                   0                   0                   0                   0
                   0                   0                   0
