 28064.00u   63.378790  0.0000E+00   06/19/20
Ace Ni64 IAEA-PD                                                         mat2843
      0         0.      0         0.      0         0.      0         0.
      0         0.      0         0.      0         0.      0         0.
      0         0.      0         0.      0         0.      0         0.
      0         0.      0         0.      0         0.      0         0.
   282785    28064       89        1        7        2       12        0
        0        0        0        0        0        0        0        1
        1       90       90        0      179      268      269      270
      271      362      446        0        0        0        0        0
        0        0        0        0        0        0        0        0
        0        0        0        0        0        0        0        0
   9.99999000000E-01   1.00000000000E+00   1.50000000000E+00   2.00000000000E+00
   2.50000000000E+00   3.00000000000E+00   3.50000000000E+00   4.00000000000E+00
   4.50000000000E+00   5.00000000000E+00   5.50000000000E+00   6.00000000000E+00
   6.50000000000E+00   7.00000000000E+00   7.50000000000E+00   8.00000000000E+00
   8.50000000000E+00   9.00000000000E+00   9.50000000000E+00   1.00000000000E+01
   1.05000000000E+01   1.10000000000E+01   1.15000000000E+01   1.20000000000E+01
   1.25000000000E+01   1.30000000000E+01   1.35000000000E+01   1.40000000000E+01
   1.45000000000E+01   1.50000000000E+01   1.55000000000E+01   1.60000000000E+01
   1.65000000000E+01   1.70000000000E+01   1.75000000000E+01   1.80000000000E+01
   1.85000000000E+01   1.90000000000E+01   1.95000000000E+01   2.00000000000E+01
   2.10000000000E+01   2.20000000000E+01   2.30000000000E+01   2.40000000000E+01
   2.50000000000E+01   2.60000000000E+01   2.70000000000E+01   2.80000000000E+01
   2.90000000000E+01   3.00000000000E+01   3.20000000000E+01   3.40000000000E+01
   3.60000000000E+01   3.80000000000E+01   4.00000000000E+01   4.20000000000E+01
   4.40000000000E+01   4.60000000000E+01   4.80000000000E+01   5.00000000000E+01
   5.20000000000E+01   5.40000000000E+01   5.60000000000E+01   5.80000000000E+01
   6.00000000000E+01   6.20000000000E+01   6.40000000000E+01   6.60000000000E+01
   6.80000000000E+01   7.00000000000E+01   7.20000000000E+01   7.40000000000E+01
   7.60000000000E+01   7.80000000000E+01   8.00000000000E+01   8.50000000000E+01
   9.00000000000E+01   9.50000000000E+01   1.00000000000E+02   1.10000000000E+02
   1.20000000000E+02   1.30000000000E+02   1.40000000000E+02   1.50000000000E+02
   1.60000000000E+02   1.70000000000E+02   1.80000000000E+02   1.90000000000E+02
   2.00000000000E+02   0.00000000000E+00   7.35576400000E-06   1.98288100000E-05
   4.14057800000E-05   7.49437900000E-05   1.23788800000E-04   1.91942100000E-04
   2.84284900000E-04   4.06892700000E-04   5.67487200000E-04   7.76083800000E-04
   1.04590700000E-03   1.39465000000E-03   1.84610200000E-03   2.43186100000E-03
   3.19160700000E-03   4.16696600000E-03   5.37810800000E-03   6.77745600000E-03
   8.23297300000E-03   9.65166600000E-03   1.11452500000E-02   1.29739000000E-02
   1.53902600000E-02   1.86029800000E-02   2.28155500000E-02   2.82574400000E-02
   3.51846200000E-02   4.38417800000E-02   5.43709000000E-02   6.66489000000E-02
   8.00576100000E-02   9.32710100000E-02   1.04308300000E-01   1.11130700000E-01
   1.12601700000E-01   1.09047200000E-01   1.01915500000E-01   9.29439000000E-02
   8.35290200000E-02   6.62803100000E-02   5.27883900000E-02   4.27386300000E-02
   3.52705900000E-02   2.96402200000E-02   2.53117700000E-02   2.19177400000E-02
   1.92076500000E-02   1.70090300000E-02   1.52011300000E-02   1.24362600000E-02
   1.04632700000E-02   9.02562200000E-03   7.96521700000E-03   7.17793300000E-03
   6.59160500000E-03   6.15442500000E-03   5.82836100000E-03   5.58512000000E-03
   5.40349700000E-03   5.26752700000E-03   5.16516200000E-03   5.08729800000E-03
   5.02704400000E-03   4.97919000000E-03   4.93979600000E-03   4.90588700000E-03
   4.87522700000E-03   4.84614200000E-03   4.81739100000E-03   4.78806400000E-03
   4.75750700000E-03   4.72526600000E-03   4.69103700000E-03   4.65463800000E-03
   4.55371800000E-03   4.43908400000E-03   4.31252100000E-03   4.17661200000E-03
   3.88875700000E-03   3.60029700000E-03   3.33547900000E-03   3.11695300000E-03
   2.84606500000E-03   2.61223000000E-03   2.40871000000E-03   2.23026800000E-03
   2.07278300000E-03   1.93296500000E-03   0.00000000000E+00   1.00000000000E+00
   1.06856900000E+00   1.13713900000E+00   1.20570900000E+00   1.27427900000E+00
   1.34284900000E+00   1.41141900000E+00   1.47998900000E+00   1.54855900000E+00
   1.25931700000E+00   8.55958400000E-01   8.40702600000E-01   8.31094400000E-01
   8.39379900000E-01   8.67740600000E-01   2.74863700000E+00   4.80248900000E+00
   7.01645800000E+00   9.66221400000E+00   9.72107200000E+00   9.73302600000E+00
   9.74222300000E+00   9.72026600000E+00   9.75993600000E+00   9.77339500000E+00
   9.76381100000E+00   9.71242400000E+00   9.77171200000E+00   9.78758000000E+00
   9.77102100000E+00   9.73059500000E+00   9.98785200000E+00   1.06525100000E+01
   1.15595300000E+01   1.25748800000E+01   1.34406800000E+01   1.40062400000E+01
   1.44796500000E+01   1.48580300000E+01   1.51532300000E+01   1.54157800000E+01
   1.55556800000E+01   1.57574600000E+01   1.58647300000E+01   1.59597900000E+01
   1.61967200000E+01   1.64322100000E+01   1.71283000000E+01   1.79455200000E+01
   2.02380600000E+01   2.18902400000E+01   2.34552300000E+01   2.46809900000E+01
   2.59222100000E+01   2.72100500000E+01   2.84372900000E+01   2.97486100000E+01
   3.10474800000E+01   3.22661200000E+01   3.35428200000E+01   3.48081100000E+01
   3.60858800000E+01   3.74929300000E+01   3.89027900000E+01   4.01979600000E+01
   4.14637400000E+01   4.27201200000E+01   4.39652400000E+01   4.52263900000E+01
   4.61944900000E+01   4.71949600000E+01   4.88497600000E+01   4.98471400000E+01
   5.08313600000E+01   5.39162500000E+01   5.68876200000E+01   5.99504500000E+01
   6.29437000000E+01   7.13259900000E+01   7.78289500000E+01   8.45303000000E+01
   9.12192900000E+01   9.79973900000E+01   1.04764200000E+02   1.11576200000E+02
   1.18435800000E+02   1.25418000000E+02   1.32334700000E+02                   5
   0.00000000000E+00                   1                   1                  89
   0.00000000000E+00   7.35576400000E-06   1.98288100000E-05   4.14057800000E-05
   7.49437900000E-05   1.23788800000E-04   1.91942100000E-04   2.84284900000E-04
   4.06892700000E-04   5.67487200000E-04   7.76083800000E-04   1.04590700000E-03
   1.39465000000E-03   1.84610200000E-03   2.43186100000E-03   3.19160700000E-03
   4.16696600000E-03   5.37810800000E-03   6.77745600000E-03   8.23297300000E-03
   9.65166600000E-03   1.11452500000E-02   1.29739000000E-02   1.53902600000E-02
   1.86029800000E-02   2.28155500000E-02   2.82574400000E-02   3.51846200000E-02
   4.38417800000E-02   5.43709000000E-02   6.66489000000E-02   8.00576100000E-02
   9.32710100000E-02   1.04308300000E-01   1.11130700000E-01   1.12601700000E-01
   1.09047200000E-01   1.01915500000E-01   9.29439000000E-02   8.35290200000E-02
   6.62803100000E-02   5.27883900000E-02   4.27386300000E-02   3.52705900000E-02
   2.96402200000E-02   2.53117700000E-02   2.19177400000E-02   1.92076500000E-02
   1.70090300000E-02   1.52011300000E-02   1.24362600000E-02   1.04632700000E-02
   9.02562200000E-03   7.96521700000E-03   7.17793300000E-03   6.59160500000E-03
   6.15442500000E-03   5.82836100000E-03   5.58512000000E-03   5.40349700000E-03
   5.26752700000E-03   5.16516200000E-03   5.08729800000E-03   5.02704400000E-03
   4.97919000000E-03   4.93979600000E-03   4.90588700000E-03   4.87522700000E-03
   4.84614200000E-03   4.81739100000E-03   4.78806400000E-03   4.75750700000E-03
   4.72526600000E-03   4.69103700000E-03   4.65463800000E-03   4.55371800000E-03
   4.43908400000E-03   4.31252100000E-03   4.17661200000E-03   3.88875700000E-03
   3.60029700000E-03   3.33547900000E-03   3.11695300000E-03   2.84606500000E-03
   2.61223000000E-03   2.40871000000E-03   2.23026800000E-03   2.07278300000E-03
   1.93296500000E-03                   1                   1                 446
                 519                 592                 593                 594
                 595                 743                 744                 744
                 745                   2                   1               51528
               51619               51710               51711               51712
               51713               51879               51880               51880
               51881                   9                   1               65415
               65482               65549               65550               65551
               65552               65688               65689               65689
               65690                  31                   1              112509
              112564              112619              112620              112621
              112622              112732              112733              112733
              112734                  32                   1              151962
              152016              152070              152071              152072
              152073              152183              152184              152184
              152185                  33                   1              191732
              191781              191830              191831              191832
              191833              191933              191934              191934
              191935                  34                   1              226603
              226679              226755              226756              226757
              226758              226912              226913              226913
              226914                  19                  71   0.00000000000E+00
   8.21975000000E-03   9.64389000000E-03   1.11382100000E-02   1.29661500000E-02
   1.53804700000E-02   1.85902900000E-02   2.27980500000E-02   2.82331300000E-02
   3.51503600000E-02   4.37900900000E-02   5.42871100000E-02   6.65138300000E-02
   7.98552000000E-02   9.29918800000E-02   1.15376300000E-01   1.40079800000E-01
   1.59988300000E-01   1.69389800000E-01   1.66774400000E-01   1.58517000000E-01
   1.46065700000E-01   1.19390400000E-01   9.65624800000E-02   7.88412300000E-02
   6.52736600000E-02   5.49361900000E-02   4.68755800000E-02   4.05348900000E-02
   3.54920900000E-02   3.19583900000E-02   2.96926700000E-02   2.61572900000E-02
   2.32108000000E-02   2.06013300000E-02   1.85029300000E-02   1.70415700000E-02
   1.60614300000E-02   1.53809100000E-02   1.49428700000E-02   1.46292400000E-02
   1.43784600000E-02   1.42222000000E-02   1.41648300000E-02   1.41614200000E-02
   1.42718900000E-02   1.43954200000E-02   1.45224200000E-02   1.46616000000E-02
   1.47573400000E-02   1.48963300000E-02   1.49967100000E-02   1.51376800000E-02
   1.52292500000E-02   1.48838800000E-02   1.49402000000E-02   1.50099800000E-02
   1.50746800000E-02   1.50919800000E-02   1.50588400000E-02   1.49727500000E-02
   1.46241700000E-02   1.48830100000E-02   1.44036500000E-02   1.40146200000E-02
   1.32790900000E-02   1.26176400000E-02   1.20245100000E-02   1.14634400000E-02
   1.09550700000E-02   1.04966800000E-02                  19                  71
   0.00000000000E+00   2.44980400000E-01   5.44488900000E-01   8.43947900000E-01
   1.14335100000E+00   1.44267000000E+00   1.59228700000E+00   1.74182200000E+00
   1.89131700000E+00   2.04074200000E+00   1.99366100000E+00   1.94629400000E+00
   1.89872500000E+00   1.85117200000E+00   1.77583800000E+00   1.88754400000E+00
   2.05684800000E+00   2.21235300000E+00   2.50106800000E+00   2.72152600000E+00
   2.92689700000E+00   3.09369500000E+00   3.45056200000E+00   3.77196600000E+00
   4.11937900000E+00   4.44908600000E+00   4.78240900000E+00   5.10489800000E+00
   5.38899900000E+00   5.67512800000E+00   5.89721800000E+00   6.26237000000E+00
   6.99571800000E+00   7.80404900000E+00   8.46815100000E+00   9.09693800000E+00
   9.78677800000E+00   1.04420100000E+01   1.11177500000E+01   1.18262500000E+01
   1.25122400000E+01   1.32221000000E+01   1.39129200000E+01   1.45987900000E+01
   1.52930700000E+01   1.59995900000E+01   1.67030500000E+01   1.74113300000E+01
   1.81333000000E+01   1.88056800000E+01   1.95427000000E+01   2.02434800000E+01
   2.13032300000E+01   2.23233700000E+01   2.27075400000E+01   2.37095700000E+01
   2.47657700000E+01   2.66727100000E+01   2.86755900000E+01   3.06046700000E+01
   3.26029200000E+01   3.41753500000E+01   3.75386100000E+01   4.08133100000E+01
   4.41603700000E+01   4.73133700000E+01   5.05214800000E+01   5.36396800000E+01
   5.66955000000E+01   5.96592500000E+01   6.26965900000E+01                   5
                  -1                   1                   6                   5
                   0                  72   1.00000000000E+00   9.65746300000E+00
   1.00000000000E+01   1.05000000000E+01   1.10000000000E+01   1.15000000000E+01
   1.20000000000E+01   1.25000000000E+01   1.30000000000E+01   1.35000000000E+01
   1.40000000000E+01   1.45000000000E+01   1.50000000000E+01   1.55000000000E+01
   1.60000000000E+01   1.65000000000E+01   1.70000000000E+01   1.75000000000E+01
   1.80000000000E+01   1.85000000000E+01   1.90000000000E+01   1.95000000000E+01
   2.00000000000E+01   2.10000000000E+01   2.20000000000E+01   2.30000000000E+01
   2.40000000000E+01   2.50000000000E+01   2.60000000000E+01   2.70000000000E+01
   2.80000000000E+01   2.90000000000E+01   3.00000000000E+01   3.20000000000E+01
   3.40000000000E+01   3.60000000000E+01   3.80000000000E+01   4.00000000000E+01
   4.20000000000E+01   4.40000000000E+01   4.60000000000E+01   4.80000000000E+01
   5.00000000000E+01   5.20000000000E+01   5.40000000000E+01   5.60000000000E+01
   5.80000000000E+01   6.00000000000E+01   6.20000000000E+01   6.40000000000E+01
   6.60000000000E+01   6.80000000000E+01   7.00000000000E+01   7.20000000000E+01
   7.40000000000E+01   7.60000000000E+01   7.80000000000E+01   8.00000000000E+01
   8.50000000000E+01   9.00000000000E+01   9.50000000000E+01   1.00000000000E+02
   1.10000000000E+02   1.20000000000E+02   1.30000000000E+02   1.40000000000E+02
   1.50000000000E+02   1.60000000000E+02   1.70000000000E+02   1.80000000000E+02
   1.90000000000E+02   2.00000000000E+02   0.00000000000E+00   0.00000000000E+00
   9.98393900000E-01   9.99194300000E-01   9.99368300000E-01   9.99402600000E-01
   9.99363900000E-01   9.99317900000E-01   9.99233000000E-01   9.99139700000E-01
   9.99026300000E-01   9.98821000000E-01   9.98458900000E-01   9.97973400000E-01
   9.97471700000E-01   9.97007300000E-01   1.10610900000E+00   1.26049600000E+00
   1.42083400000E+00   1.55336200000E+00   1.63639900000E+00   1.70551300000E+00
   1.74868200000E+00   1.80129500000E+00   1.82923700000E+00   1.84473000000E+00
   1.85065400000E+00   1.85343400000E+00   1.85192800000E+00   1.84941000000E+00
   1.84781000000E+00   1.87890700000E+00   1.95332000000E+00   2.10330800000E+00
   2.21831200000E+00   2.28253900000E+00   2.32296600000E+00   2.37416100000E+00
   2.43664900000E+00   2.49916300000E+00   2.56382000000E+00   2.61932400000E+00
   2.66095500000E+00   2.69997700000E+00   2.74237900000E+00   2.78368200000E+00
   2.83902200000E+00   2.89111700000E+00   2.93988300000E+00   2.98857300000E+00
   3.02700600000E+00   3.07385300000E+00   3.11303600000E+00   3.16154500000E+00
   3.20109900000E+00   3.14985000000E+00   3.18484000000E+00   3.22473600000E+00
   3.31041100000E+00   3.39979600000E+00   3.49188800000E+00   3.58490300000E+00
   3.76062800000E+00   4.13382800000E+00   4.31831500000E+00   4.49625600000E+00
   4.66577200000E+00   4.83021800000E+00   4.99209500000E+00   5.13993800000E+00
   5.28519900000E+00   5.43035200000E+00                   0                   1
                   0                   4                  10                   0
                   2   1.00000000000E+00   2.00000000000E+02   1.00000000000E+00
   1.00000000000E+00                   0                  31   1.00000000000E+00
   9.65746300000E+00   1.00000000000E+01   1.20000000000E+01   1.40000000000E+01
   1.60000000000E+01   1.80000000000E+01   2.00000000000E+01   2.20000000000E+01
   2.40000000000E+01   2.60000000000E+01   2.80000000000E+01   3.00000000000E+01
   3.20000000000E+01   3.60000000000E+01   4.00000000000E+01   4.40000000000E+01
   4.80000000000E+01   5.00000000000E+01   5.20000000000E+01   5.60000000000E+01
   6.00000000000E+01   7.00000000000E+01   8.00000000000E+01   9.00000000000E+01
   1.00000000000E+02   1.20000000000E+02   1.40000000000E+02   1.60000000000E+02
   1.80000000000E+02   2.00000000000E+02                  74                  85
                  96                 113                 340                 837
                1510                2304                3186                4306
                5504                6754                8056                9410
               10803               12261               13771               15558
               17390               19237               21099               22991
               24913               27142               29422               32008
               34632               37574               40842               44133
               47447                   2                   3   0.00000000000E+00
   5.00000000000E-07   1.00000000000E-06   0.00000000000E+00   2.00000000000E+06
   0.00000000000E+00   0.00000000000E+00   5.00000000000E-01   1.00000000000E+00
                   2                   3   0.00000000000E+00   5.00000000000E-07
   1.00000000000E-06   0.00000000000E+00   2.00000000000E+06   0.00000000000E+00
   0.00000000000E+00   5.00000000000E-01   1.00000000000E+00                   2
                   5   0.00000000000E+00   2.50000000000E-02   1.00000000000E-01
   2.00000000000E-01   3.00000000000E-01   0.00000000000E+00   1.54369000000E-06
   2.69561000000E-07   5.46254700000E+00   9.07490500000E+00   0.00000000000E+00
   1.92961240000E-08   8.72930331000E-08   2.73127437000E-01   1.00000000000E+00
                   2                  25   0.00000000000E+00   2.50000000000E-02
   1.00000000000E-01   2.00000000000E-01   3.00000000000E-01   4.00000000000E-01
   5.00000000000E-01   6.00000000000E-01   7.00000000000E-01   8.00000000000E-01
   9.00000000000E-01   1.00000000000E+00   1.10000000000E+00   1.20000000000E+00
   1.30000000000E+00   1.40000000000E+00   1.50000000000E+00   1.60000000000E+00
   1.70000000000E+00   1.80000000000E+00   1.90000000000E+00   2.00000000000E+00
   2.10000000000E+00   2.20000000000E+00   2.30000000000E+00   0.00000000000E+00
   4.98122300000E-03   1.95983100000E-02   4.76770300000E-01   3.81733000000E-05
   1.49301800000E-01   2.86790000000E-05   2.20313900000E-01   9.42759700000E-01
   1.60797000000E-05   2.13177300000E-01   1.17257300000E+00   7.11378600000E-01
   5.74419000000E-06   1.72258600000E+00   2.66602000000E-06   1.79266000000E-06
   1.12546000000E-06   6.29981000000E-07   1.57267800000E+00   1.60547000000E-07
   6.21203000000E-08   1.64457000000E-08   1.67349600000E+00   2.25046300000E+00
   0.00000000000E+00   6.22652852000E-05   9.83997739000E-04   2.58024273000E-02
   4.96428501000E-02   5.71098485000E-02   6.45763722000E-02   7.55935008000E-02
   1.33747179000E-01   1.80885966000E-01   1.91545635000E-01   2.60833147000E-01
   3.55030724000E-01   3.90599940000E-01   4.76729524000E-01   5.62858954000E-01
   5.62859177000E-01   5.62859323000E-01   5.62859410000E-01   6.41493339000E-01
   7.20127244000E-01   7.20127255000E-01   7.20127259000E-01   8.03802057000E-01
   1.00000000000E+00                   0                   0                   0
                   0                   0                   0                   0
                   0                   0                   0                   0
                   0                   0                   0                   0
                   0                   0                   0                   0
                   0                   0                   0                   0
                   0                   0                   0                   0
                   0                   0                   0                   0
                   0                   0                   0                   0
                   0                   0                   0                   0
                   0                   0                   0                   0
                   0                   0                   0                   0
                   0                   0                   0                   0
                   0                   0                   0                   0
                   0                   0                   0                   0
                   0                   0                   0                   0
                   0                   0                   0                   0
                   0                   0                   0                   0
                   0                   0                   0                   0
                   0                   0                   0                   0
                   0                   0                   0                   0
                   0                   0                   0                   0
                   0                   0                   0                   0
                   0                   0                   0                   0
                   0                   0                   0                   0
                   0                   0                   0                   0
                   0                   0                   0                   0
                   0                   0                   0                   0
                   0                   0                   0                   0
                   0                   0                   0                   0
                   0                   0                   0                   0
                   0                   0                   0                   0
                   0                   0                   0                   0
                   0
