 93237.00u  235.011800  0.0000E+00   05/27/20
Ace Np237 IAEA-PD                                                        mat9346
      0         0.      0         0.      0         0.      0         0.
      0         0.      0         0.      0         0.      0         0.
      0         0.      0         0.      0         0.      0         0.
      0         0.      0         0.      0         0.      0         0.
   455795    93237       91        2        7        2       12        0
        0        0        0        0        0        0        0        1
        1       92       92        0      183      274      276      278
      280      462      546        0        0        0        0        0
        0        0        0        0        0        0        0        0
        0        0        0        0        0        0        0        0
   9.99999000000E-01   1.00000000000E+00   1.50000000000E+00   2.00000000000E+00
   2.50000000000E+00   3.00000000000E+00   3.50000000000E+00   4.00000000000E+00
   4.50000000000E+00   5.00000000000E+00   5.25000000000E+00   5.50000000000E+00
   5.75000000000E+00   6.00000000000E+00   6.50000000000E+00   7.00000000000E+00
   7.50000000000E+00   8.00000000000E+00   8.50000000000E+00   9.00000000000E+00
   9.50000000000E+00   1.00000000000E+01   1.05000000000E+01   1.10000000000E+01
   1.15000000000E+01   1.20000000000E+01   1.25000000000E+01   1.30000000000E+01
   1.35000000000E+01   1.40000000000E+01   1.45000000000E+01   1.50000000000E+01
   1.55000000000E+01   1.60000000000E+01   1.65000000000E+01   1.70000000000E+01
   1.75000000000E+01   1.80000000000E+01   1.85000000000E+01   1.90000000000E+01
   1.95000000000E+01   2.00000000000E+01   2.10000000000E+01   2.20000000000E+01
   2.30000000000E+01   2.40000000000E+01   2.50000000000E+01   2.60000000000E+01
   2.70000000000E+01   2.80000000000E+01   2.90000000000E+01   3.00000000000E+01
   3.20000000000E+01   3.40000000000E+01   3.60000000000E+01   3.80000000000E+01
   4.00000000000E+01   4.20000000000E+01   4.40000000000E+01   4.60000000000E+01
   4.80000000000E+01   5.00000000000E+01   5.20000000000E+01   5.40000000000E+01
   5.60000000000E+01   5.80000000000E+01   6.00000000000E+01   6.20000000000E+01
   6.40000000000E+01   6.60000000000E+01   6.80000000000E+01   7.00000000000E+01
   7.20000000000E+01   7.40000000000E+01   7.60000000000E+01   7.80000000000E+01
   8.00000000000E+01   8.50000000000E+01   9.00000000000E+01   9.50000000000E+01
   1.00000000000E+02   1.10000000000E+02   1.20000000000E+02   1.30000000000E+02
   1.40000000000E+02   1.50000000000E+02   1.60000000000E+02   1.70000000000E+02
   1.80000000000E+02   1.90000000000E+02   2.00000000000E+02   0.00000000000E+00
   6.33873000000E-05   1.79220000000E-04   3.90468800000E-04   7.36500200000E-04
   1.26934300000E-03   2.05955200002E-03   3.20385406964E-03   4.83288865390E-03
   7.11240553000E-03   8.55391880000E-03   1.02275700000E-02   1.21572400000E-02
   1.43724900000E-02   1.98627700000E-02   2.72722700000E-02   3.68750600000E-02
   4.98141600000E-02   7.00985300000E-02   1.03177200000E-01   1.56912200000E-01
   2.39877700000E-01   3.43788100000E-01   4.14331900000E-01   4.14032200000E-01
   3.93435900000E-01   3.98141400000E-01   4.30790800000E-01   4.68561900000E-01
   4.79878500000E-01   4.50726600000E-01   3.94779000000E-01   3.33150700000E-01
   2.78092600000E-01   2.33070300000E-01   1.97448400000E-01   1.69453500000E-01
   1.47334300000E-01   1.29671500000E-01   1.15390200000E-01   1.03695100000E-01
   9.39997200000E-02   7.84793000000E-02   6.70742600000E-02   5.84176900000E-02
   5.16750100000E-02   4.63144400000E-02   4.19839600000E-02   3.84424000000E-02
   3.55193500000E-02   3.30909000000E-02   3.10646100000E-02   2.79510800000E-02
   2.57740400000E-02   2.42684700000E-02   2.32503600000E-02   2.25868500000E-02
   2.21798300000E-02   2.19560300000E-02   2.18605600000E-02   2.18522500000E-02
   2.19003600000E-02   2.19819900000E-02   2.20802000000E-02   2.21825600000E-02
   2.22800400000E-02   2.23661600000E-02   2.24363900000E-02   2.24876900000E-02
   2.25181000000E-02   2.25265100000E-02   2.25124300000E-02   2.24758500000E-02
   2.24171400000E-02   2.23368900000E-02   2.22359400000E-02   2.21152300000E-02
   2.17342200000E-02   2.12548100000E-02   2.06962800000E-02   2.00779000000E-02
   1.87359500000E-02   1.73696100000E-02   1.61061100000E-02   1.50601300000E-02
   1.37565100000E-02   1.26298300000E-02   1.16483400000E-02   1.07872100000E-02
   1.00268300000E-02   9.35147100000E-03   0.00000000000E+00   1.00000000000E+00
   2.02365000000E-01   1.81632600000E-01   2.52842700000E-01   2.66075600000E-01
   2.28073400000E-01   1.42776900000E-01   1.76029000000E-01   1.84296100000E+00
   1.50706900000E+01   7.79991300000E+01   1.58124200000E+02   1.85334100000E+02
   1.92244900000E+02   1.90094500000E+02   1.80766100000E+02   1.71597500000E+02
   1.61178100000E+02   1.49514300000E+02   1.38774300000E+02   1.29614400000E+02
   1.21513900000E+02   1.14173600000E+02   1.07718000000E+02   1.03653600000E+02
   1.06014400000E+02   1.12402100000E+02   1.20209600000E+02   1.29675200000E+02
   1.38788100000E+02   1.45087100000E+02   1.46119100000E+02   1.41855800000E+02
   1.33039500000E+02   1.21135200000E+02   1.10071300000E+02   1.03715500000E+02
   1.07410800000E+02   1.17781200000E+02   1.31322300000E+02   1.44113900000E+02
   1.61217500000E+02   1.69440500000E+02   1.71123300000E+02   1.66471500000E+02
   1.56440100000E+02   1.43090700000E+02   1.30745500000E+02   1.24963300000E+02
   1.27216200000E+02   1.34595600000E+02   1.46697200000E+02   1.60559000000E+02
   1.72405200000E+02   1.81386400000E+02   1.86998400000E+02   1.90410600000E+02
   1.93591800000E+02   1.96800500000E+02   1.99821400000E+02   2.03031300000E+02
   2.05597000000E+02   2.08269700000E+02   2.10638000000E+02   2.12605200000E+02
   2.14877700000E+02   2.16995900000E+02   2.19107900000E+02   2.21409100000E+02
   2.23658400000E+02   2.25550400000E+02   2.27490900000E+02   2.30204500000E+02
   2.31971400000E+02   2.33907500000E+02   2.36358500000E+02   2.40659100000E+02
   2.45662100000E+02   2.50097700000E+02   2.54462300000E+02   2.62051100000E+02
   2.69134200000E+02   2.76117000000E+02   2.82466500000E+02   2.88284200000E+02
   2.93285400000E+02   2.98648700000E+02   3.03619600000E+02   3.08092200000E+02
   3.12256300000E+02                   5                  18   0.00000000000E+00
   1.96424000000E+02                   1                  94                   1
                  91   0.00000000000E+00   6.33873000000E-05   1.79220000000E-04
   3.90468800000E-04   7.36500200000E-04   1.26934300000E-03   2.05955200000E-03
   3.20385400000E-03   4.83273200000E-03   7.05280200000E-03   7.91437800000E-03
   6.24067000000E-03   2.55137600000E-03   1.07666000000E-03   8.53280000000E-04
   1.54762000000E-03   3.94288000000E-03   7.78779000000E-03   1.48322500000E-02
   2.81607300000E-02   5.16763000000E-02   9.05494000000E-02   1.44377300000E-01
   1.89922100000E-01   2.03766500000E-01   2.02132700000E-01   2.00620800000E-01
   2.04487400000E-01   2.05412900000E-01   1.88847900000E-01   1.57824200000E-01
   1.26658900000E-01   1.05917000000E-01   9.49476000000E-02   9.03397000000E-02
   8.86464000000E-02   8.57164200000E-02   7.94573500000E-02   6.77820800000E-02
   5.46106100000E-02   4.23280200000E-02   3.26110100000E-02   2.09145000000E-02
   1.54439000000E-02   1.32204200000E-02   1.30920400000E-02   1.41993300000E-02
   1.57797200000E-02   1.69020900000E-02   1.67524400000E-02   1.53849200000E-02
   1.34728900000E-02   1.07328500000E-02   8.40241000000E-03   6.74602000000E-03
   5.67180000000E-03   5.10022000000E-03   4.83740000000E-03   4.64361000000E-03
   4.47479000000E-03   4.34515000000E-03   4.20176000000E-03   4.13005000000E-03
   4.04554000000E-03   3.99109000000E-03   3.97544000000E-03   3.92252000000E-03
   3.87989000000E-03   3.83407000000E-03   3.75771000000E-03   3.68656000000E-03
   3.64679000000E-03   3.59420000000E-03   3.45500000000E-03   3.41272000000E-03
   3.34551000000E-03   3.21947000000E-03   3.08739000000E-03   2.85747000000E-03
   2.67154000000E-03   2.47924000000E-03   2.18468000000E-03   1.89769000000E-03
   1.63347000000E-03   1.42314000000E-03   1.23748000000E-03   1.10936000000E-03
   9.77010000000E-04   8.72149000000E-04   8.06925000000E-04   7.55136000000E-04
                   5                  87   0.00000000000E+00   5.59911000000E-18
   2.00496000000E-14   6.96350000000E-11   1.56653900000E-07   5.96035300000E-05
   6.39540800000E-04   3.98690000000E-03   9.60586400000E-03   1.32958300000E-02
   1.90094900000E-02   2.57246500000E-02   3.29321800000E-02   4.20263700000E-02
   5.52662800000E-02   7.50164700000E-02   1.05235900000E-01   1.49328300000E-01
   1.99410800000E-01   2.24409800000E-01   2.10265700000E-01   1.91303200000E-01
   1.97520600000E-01   2.26303400000E-01   2.63149000000E-01   2.91030600000E-01
   2.92902400000E-01   2.68120100000E-01   2.27233700000E-01   1.83145000000E-01
   1.42730600000E-01   1.08802000000E-01   8.37370800000E-02   6.78769500000E-02
   6.18894200000E-02   6.07795900000E-02   6.13670800000E-02   6.13887100000E-02
   5.75648000000E-02   5.16303600000E-02   4.51972700000E-02   3.85829700000E-02
   3.21151100000E-02   2.62042400000E-02   2.15403100000E-02   1.87669100000E-02
   1.77059800000E-02   1.75917200000E-02   1.72182300000E-02   1.73716300000E-02
   1.75224500000E-02   1.75785600000E-02   1.74866300000E-02   1.73424300000E-02
   1.73124200000E-02   1.73857700000E-02   1.75071000000E-02   1.76986000000E-02
   1.78519400000E-02   1.80346600000E-02   1.81914700000E-02   1.83046000000E-02
   1.84436400000E-02   1.85565000000E-02   1.86536200000E-02   1.87603900000E-02
   1.88399500000E-02   1.88656400000E-02   1.88816500000E-02   1.89621400000E-02
   1.89241700000E-02   1.88904300000E-02   1.88957600000E-02   1.86468300000E-02
   1.83973400000E-02   1.80247400000E-02   1.75986600000E-02   1.65512700000E-02
   1.54719200000E-02   1.44726400000E-02   1.36369900000E-02   1.25190300000E-02
   1.15204700000E-02   1.06713300000E-02   9.91506100000E-03   9.21990500000E-03
   8.59633500000E-03                   1                   2                 546
                 636                 726                 728                 730
                 732                1080                1082                1082
                1084                   2                   1               79777
               79870               79963               79964               79965
               79966               80150               80151               80151
               80152                   9                   1               96790
               96874               96958               96959               96960
               96961               97133               97134               97134
               97135                  31                   1              169121
              169194              169267              169268              169269
              169270              169438              169439              169439
              169440                  32                   1              234374
              234448              234522              234523              234524
              234525              234695              234696              234696
              234697                  33                   1              302675
              302741              302807              302808              302809
              302810              302966              302967              302967
              302968                  34                   1              363692
              363785              363878              363879              363880
              363881              364065              364066              364066
              364067                   4                  88   0.00000000000E+00
   0.00000000000E+00   5.59911000000E-18   2.00496000000E-14   6.96350000000E-11
   1.56653900000E-07   5.96035300000E-05   6.39540800000E-04   3.98690000000E-03
   9.60586400000E-03   1.32958300000E-02   1.90094900000E-02   2.64317700000E-02
   3.61381600000E-02   4.92186400000E-02   6.96349100000E-02   1.02823900000E-01
   1.56643100000E-01   2.39668100000E-01   3.43624400000E-01   4.14209000000E-01
   4.13938100000E-01   3.93352200000E-01   3.98561500000E-01   4.51506400000E-01
   5.14864400000E-01   5.39940100000E-01   5.09894300000E-01   4.48312700000E-01
   3.85701900000E-01   3.33926200000E-01   2.94204700000E-01   2.63783200000E-01
   2.38020200000E-01   2.12486400000E-01   1.85703400000E-01   1.59873300000E-01
   1.37268900000E-01   1.18996600000E-01   9.33863400000E-02   7.79609100000E-02
   6.89641900000E-02   6.47149000000E-02   6.35931400000E-02   6.38626400000E-02
   6.37766000000E-02   6.16165400000E-02   5.78320100000E-02   5.32190000000E-02
   4.61106700000E-02   3.95056800000E-02   3.44820900000E-02   3.13468400000E-02
   2.99194700000E-02   2.95617700000E-02   2.95553700000E-02   2.96790700000E-02
   2.99438300000E-02   3.04497400000E-02   3.11631300000E-02   3.20116900000E-02
   3.29247700000E-02   3.39743100000E-02   3.50423100000E-02   3.61733300000E-02
   3.72993800000E-02   3.84686700000E-02   3.95272500000E-02   4.06509800000E-02
   4.17536400000E-02   4.28145800000E-02   4.38372500000E-02   4.48935800000E-02
   4.58903500000E-02   4.80764200000E-02   5.01067100000E-02   5.19428000000E-02
   5.35518500000E-02   5.61327800000E-02   5.80696100000E-02   5.95700800000E-02
   6.11190900000E-02   6.08004900000E-02   6.03012100000E-02   5.97272600000E-02
   5.89814300000E-02   5.81567100000E-02   5.72373600000E-02                   4
                  88   0.00000000000E+00   0.00000000000E+00   5.99800600000E-15
   1.65466400000E-11   4.43315500000E-08   6.65280400000E-05   1.73069800000E-02
   1.54885300000E-01   8.10041800000E-01   1.64694500000E+00   1.93415100000E+00
   2.01263200000E+00   2.00334700000E+00   1.93791000000E+00   1.88563200000E+00
   1.82377800000E+00   1.75793400000E+00   1.70486700000E+00   1.66854100000E+00
   1.64826700000E+00   1.63837300000E+00   1.63883800000E+00   1.65715500000E+00
   1.69042900000E+00   1.79774600000E+00   1.91802800000E+00   2.01601400000E+00
   2.09597700000E+00   2.15762600000E+00   2.22254500000E+00   2.30338100000E+00
   2.38322500000E+00   2.47469400000E+00   2.56492400000E+00   2.62426400000E+00
   2.66025600000E+00   2.64939400000E+00   2.60958800000E+00   2.56162100000E+00
   2.51403000000E+00   2.51854100000E+00   2.60414600000E+00   2.81248000000E+00
   3.13784600000E+00   3.55265000000E+00   3.96185000000E+00   4.23304700000E+00
   4.33080100000E+00   4.29644700000E+00   4.30901400000E+00   4.07924900000E+00
   3.82025400000E+00   3.65712500000E+00   3.64785000000E+00   3.76160100000E+00
   3.89630200000E+00   4.01513200000E+00   4.14139400000E+00   4.28816000000E+00
   4.48040100000E+00   4.69671000000E+00   4.93382000000E+00   5.20530400000E+00
   5.48848700000E+00   5.78804100000E+00   6.10128400000E+00   6.43745400000E+00
   6.76728900000E+00   7.13561500000E+00   7.51103800000E+00   7.88589500000E+00
   8.28676400000E+00   8.71602500000E+00   9.14551200000E+00   1.02704000000E+01
   1.14975900000E+01   1.27951100000E+01   1.41881800000E+01   1.71841200000E+01
   2.05561200000E+01   2.40599200000E+01   2.78179900000E+01   3.15984700000E+01
   3.55103400000E+01   3.93756900000E+01   4.32701900000E+01   4.70949100000E+01
   5.09246700000E+01                   5                  18                  -1
                  -1                   1                 171                   6
                   5                   0                  83   1.00000000000E+00
   5.00000000000E+00   5.25000000000E+00   5.50000000000E+00   5.75000000000E+00
   6.00000000000E+00   6.50000000000E+00   7.00000000000E+00   7.50000000000E+00
   8.00000000000E+00   8.50000000000E+00   9.00000000000E+00   9.50000000000E+00
   1.00000000000E+01   1.05000000000E+01   1.10000000000E+01   1.15000000000E+01
   1.20000000000E+01   1.25000000000E+01   1.30000000000E+01   1.35000000000E+01
   1.40000000000E+01   1.45000000000E+01   1.50000000000E+01   1.55000000000E+01
   1.60000000000E+01   1.65000000000E+01   1.70000000000E+01   1.75000000000E+01
   1.80000000000E+01   1.85000000000E+01   1.90000000000E+01   1.95000000000E+01
   2.00000000000E+01   2.10000000000E+01   2.20000000000E+01   2.30000000000E+01
   2.40000000000E+01   2.50000000000E+01   2.60000000000E+01   2.70000000000E+01
   2.80000000000E+01   2.90000000000E+01   3.00000000000E+01   3.20000000000E+01
   3.40000000000E+01   3.60000000000E+01   3.80000000000E+01   4.00000000000E+01
   4.20000000000E+01   4.40000000000E+01   4.60000000000E+01   4.80000000000E+01
   5.00000000000E+01   5.20000000000E+01   5.40000000000E+01   5.60000000000E+01
   5.80000000000E+01   6.00000000000E+01   6.20000000000E+01   6.40000000000E+01
   6.60000000000E+01   6.80000000000E+01   7.00000000000E+01   7.20000000000E+01
   7.40000000000E+01   7.60000000000E+01   7.80000000000E+01   8.00000000000E+01
   8.50000000000E+01   9.00000000000E+01   9.50000000000E+01   1.00000000000E+02
   1.10000000000E+02   1.20000000000E+02   1.30000000000E+02   1.40000000000E+02
   1.50000000000E+02   1.60000000000E+02   1.70000000000E+02   1.80000000000E+02
   1.90000000000E+02   2.00000000000E+02   0.00000000000E+00   0.00000000000E+00
   0.00000000000E+00   9.08682000000E-37   8.89921000000E-35   9.96674000000E-33
   1.84852000000E-29   4.56906500000E-01   8.13104900000E-01   9.23531600000E-01
   9.68742700000E-01   9.87454000000E-01   9.94791700000E-01   9.97685400000E-01
   9.98866200000E-01   9.99352800000E-01   9.99538000000E-01   9.99585900000E-01
   1.00209400000E+00   1.10130500000E+00   1.22541200000E+00   1.31804200000E+00
   1.37489600000E+00   1.42266000000E+00   1.49615500000E+00   1.58804600000E+00
   1.67671700000E+00   1.74830800000E+00   1.79992500000E+00   1.81996300000E+00
   1.82664800000E+00   1.81455000000E+00   1.79318200000E+00   1.76651500000E+00
   1.71276100000E+00   1.70491600000E+00   1.79774300000E+00   1.99601700000E+00
   2.21686700000E+00   2.38650600000E+00   2.49888000000E+00   2.55781400000E+00
   2.60814000000E+00   2.64436800000E+00   2.69196300000E+00   2.63425000000E+00
   2.51402100000E+00   2.42749800000E+00   2.43770600000E+00   2.52601500000E+00
   2.63651600000E+00   2.74723600000E+00   2.86220900000E+00   3.03471400000E+00
   3.22300900000E+00   3.45492400000E+00   3.69154700000E+00   3.94163000000E+00
   4.23163300000E+00   4.54054800000E+00   4.86317600000E+00   5.24475800000E+00
   5.61154500000E+00   5.97384100000E+00   6.36358400000E+00   6.90374500000E+00
   7.30006700000E+00   7.77255100000E+00   8.38479400000E+00   9.53219200000E+00
   1.10970100000E+01   1.26960700000E+01   1.45017000000E+01   1.81177600000E+01
   2.24471300000E+01   2.76083700000E+01   3.33643200000E+01   3.90159500000E+01
   4.39719700000E+01   5.02102600000E+01   5.62591600000E+01   6.06460300000E+01
   6.44135900000E+01                   6                  18                   0
                  87   1.00000000000E+00   3.00000000000E+00   3.50000000000E+00
   4.00000000000E+00   4.50000000000E+00   5.00000000000E+00   5.25000000000E+00
   5.50000000000E+00   5.75000000000E+00   6.00000000000E+00   6.50000000000E+00
   7.00000000000E+00   7.50000000000E+00   8.00000000000E+00   8.50000000000E+00
   9.00000000000E+00   9.50000000000E+00   1.00000000000E+01   1.05000000000E+01
   1.10000000000E+01   1.15000000000E+01   1.20000000000E+01   1.25000000000E+01
   1.30000000000E+01   1.35000000000E+01   1.40000000000E+01   1.45000000000E+01
   1.50000000000E+01   1.55000000000E+01   1.60000000000E+01   1.65000000000E+01
   1.70000000000E+01   1.75000000000E+01   1.80000000000E+01   1.85000000000E+01
   1.90000000000E+01   1.95000000000E+01   2.00000000000E+01   2.10000000000E+01
   2.20000000000E+01   2.30000000000E+01   2.40000000000E+01   2.50000000000E+01
   2.60000000000E+01   2.70000000000E+01   2.80000000000E+01   2.90000000000E+01
   3.00000000000E+01   3.20000000000E+01   3.40000000000E+01   3.60000000000E+01
   3.80000000000E+01   4.00000000000E+01   4.20000000000E+01   4.40000000000E+01
   4.60000000000E+01   4.80000000000E+01   5.00000000000E+01   5.20000000000E+01
   5.40000000000E+01   5.60000000000E+01   5.80000000000E+01   6.00000000000E+01
   6.20000000000E+01   6.40000000000E+01   6.60000000000E+01   6.80000000000E+01
   7.00000000000E+01   7.20000000000E+01   7.40000000000E+01   7.60000000000E+01
   7.80000000000E+01   8.00000000000E+01   8.50000000000E+01   9.00000000000E+01
   9.50000000000E+01   1.00000000000E+02   1.10000000000E+02   1.20000000000E+02
   1.30000000000E+02   1.40000000000E+02   1.50000000000E+02   1.60000000000E+02
   1.70000000000E+02   1.80000000000E+02   1.90000000000E+02   2.00000000000E+02
   1.00000000000E+00   1.00000000000E+00   1.00000000000E+00   1.00000000000E+00
   1.00000000000E+00   1.00000000000E+00   1.00000000000E+00   1.00000000000E+00
   1.00000000000E+00   1.00000000000E+00   1.00000000000E+00   1.00000000000E+00
   1.00000000000E+00   1.00000000000E+00   1.00000000000E+00   1.00000000000E+00
   1.00000000000E+00   1.00000000000E+00   1.00000000000E+00   1.00000000000E+00
   1.00000000000E+00   1.00000000000E+00   1.00000000000E+00   1.00000000000E+00
   1.00000000000E+00   1.00000000000E+00   1.00000000000E+00   1.00000000000E+00
   1.00000000000E+00   1.00000000000E+00   1.00000000000E+00   1.00000000000E+00
   1.00000000000E+00   1.00000000000E+00   1.00000000000E+00   1.00000000000E+00
   1.00000000000E+00   1.00000000000E+00   1.00000000000E+00   1.00000000000E+00
   1.00000000000E+00   1.00000000000E+00   1.00000000000E+00   1.00000000000E+00
   1.00000000000E+00   1.00000000000E+00   1.00000000000E+00   1.00000000000E+00
   1.00000000000E+00   1.00000000000E+00   1.00000000000E+00   1.00000000000E+00
   1.00000000000E+00   1.00000000000E+00   1.00000000000E+00   1.00000000000E+00
   1.00000000000E+00   1.00000000000E+00   1.00000000000E+00   1.00000000000E+00
   1.00000000000E+00   1.00000000000E+00   1.00000000000E+00   1.00000000000E+00
   1.00000000000E+00   1.00000000000E+00   1.00000000000E+00   1.00000000000E+00
   1.00000000000E+00   1.00000000000E+00   1.00000000000E+00   1.00000000000E+00
   1.00000000000E+00   1.00000000000E+00   1.00000000000E+00   1.00000000000E+00
   1.00000000000E+00   1.00000000000E+00   1.00000000000E+00   1.00000000000E+00
   1.00000000000E+00   1.00000000000E+00   1.00000000000E+00   1.00000000000E+00
   1.00000000000E+00   1.00000000000E+00   1.00000000000E+00                   0
                   0                   1               68978                   0
                   4                  10                   0                   2
   1.00000000000E+00   2.00000000000E+02   1.00000000000E+00   1.00000000000E+00
                   0                  32   1.00000000000E+00   6.00000000000E+00
   8.00000000000E+00   1.00000000000E+01   1.20000000000E+01   1.40000000000E+01
   1.60000000000E+01   1.80000000000E+01   2.00000000000E+01   2.20000000000E+01
   2.40000000000E+01   2.60000000000E+01   2.80000000000E+01   3.00000000000E+01
   3.20000000000E+01   3.60000000000E+01   4.00000000000E+01   4.40000000000E+01
   4.80000000000E+01   5.00000000000E+01   5.20000000000E+01   5.60000000000E+01
   6.00000000000E+01   7.00000000000E+01   8.00000000000E+01   9.00000000000E+01
   1.00000000000E+02   1.20000000000E+02   1.40000000000E+02   1.60000000000E+02
   1.80000000000E+02   2.00000000000E+02                  76                  87
                 224                 811                1748                2905
                4282                5769                7289                8831
               10373               12507               14628               16736
               18831               20926               23008               25395
               27767               30124               32481               34853
               37315               39762               42484               45206
               48210               51252               54572               58208
               61821               65411                   2                   3
   0.00000000000E+00   5.00000000000E-07   1.00000000000E-06   0.00000000000E+00
   2.00000000000E+06   0.00000000000E+00   0.00000000000E+00   5.00000000000E-01
   1.00000000000E+00                   2                  45   0.00000000000E+00
   2.50000000000E-02   1.00000000000E-01   2.00000000000E-01   3.00000000000E-01
   4.00000000000E-01   5.00000000000E-01   6.00000000000E-01   7.00000000000E-01
   8.00000000000E-01   9.00000000000E-01   1.00000000000E+00   1.10000000000E+00
   1.20000000000E+00   1.30000000000E+00   1.40000000000E+00   1.50000000000E+00
   1.60000000000E+00   1.70000000000E+00   1.80000000000E+00   1.90000000000E+00
   2.00000000000E+00   2.10000000000E+00   2.20000000000E+00   2.30000000000E+00
   2.40000000000E+00   2.50000000000E+00   2.60000000000E+00   2.70000000000E+00
   2.80000000000E+00   2.90000000000E+00   3.00000000000E+00   3.10000000000E+00
   3.20000000000E+00   3.30000000000E+00   3.40000000000E+00   3.50000000000E+00
   3.60000000000E+00   3.70000000000E+00   3.80000000000E+00   3.90000000000E+00
   4.00000000000E+00   4.10000000000E+00   4.20000000000E+00   4.30000000000E+00
   0.00000000000E+00   1.07525700000E+01   3.84485600000E+00   1.03685300000E+00
   1.89327600000E-01   2.92863700000E-02   3.50423000000E-03   4.44203100000E-04
   4.53766100000E-05   4.29224100000E-06   2.87353000000E-07   2.56874000000E-08
   1.34415000000E-09   8.06363100000E-11   3.18338000000E-12   1.00000000000E-12
   1.00000000000E-12   1.00000000000E-12   1.00000000000E-12   1.00000000000E-12
   1.00000000000E-12   1.00000000000E-12   1.00000000000E-12   1.00000000000E-12
   1.00000000000E-12   0.00000000000E+00   0.00000000000E+00   0.00000000000E+00
   0.00000000000E+00   0.00000000000E+00   0.00000000000E+00   0.00000000000E+00
   0.00000000000E+00   0.00000000000E+00   0.00000000000E+00   0.00000000000E+00
   0.00000000000E+00   0.00000000000E+00   0.00000000000E+00   0.00000000000E+00
   0.00000000000E+00   0.00000000000E+00   0.00000000000E+00   0.00000000000E+00
   0.00000000000E+00   0.00000000000E+00   1.34407145000E-01   6.81810664000E-01
   9.25896100000E-01   9.87205140000E-01   9.98135840000E-01   9.99775370000E-01
   9.99972792000E-01   9.99997271000E-01   9.99999754000E-01   9.99999983000E-01
   9.99999999000E-01   1.00000000000E+00   1.00000000000E+00   1.00000000000E+00
   1.00000000000E+00   1.00000000000E+00   1.00000000000E+00   1.00000000000E+00
   1.00000000000E+00   1.00000000000E+00   1.00000000000E+00   1.00000000000E+00
   1.00000000000E+00   1.00000000000E+00   1.00000000000E+00   1.00000000000E+00
   1.00000000000E+00   1.00000000000E+00   1.00000000000E+00   1.00000000000E+00
   1.00000000000E+00   1.00000000000E+00   1.00000000000E+00   1.00000000000E+00
   1.00000000000E+00   1.00000000000E+00   1.00000000000E+00   1.00000000000E+00
   1.00000000000E+00   1.00000000000E+00   1.00000000000E+00   1.00000000000E+00
   1.00000000000E+00   1.00000000000E+00                   2                  65
   0.00000000000E+00   2.50000000000E-02   1.00000000000E-01   2.00000000000E-01
   3.00000000000E-01   4.00000000000E-01   5.00000000000E-01   6.00000000000E-01
   7.00000000000E-01   8.00000000000E-01   9.00000000000E-01   1.00000000000E+00
   1.10000000000E+00   1.20000000000E+00   1.30000000000E+00   1.40000000000E+00
   1.50000000000E+00   1.60000000000E+00   1.70000000000E+00   1.80000000000E+00
   1.90000000000E+00   2.00000000000E+00   2.10000000000E+00   2.20000000000E+00
   2.30000000000E+00   2.40000000000E+00   2.50000000000E+00   2.60000000000E+00
   2.70000000000E+00   2.80000000000E+00   2.90000000000E+00   3.00000000000E+00
   3.10000000000E+00   3.20000000000E+00   3.30000000000E+00   3.40000000000E+00
   3.50000000000E+00   3.60000000000E+00   3.70000000000E+00   3.80000000000E+00
   3.90000000000E+00   4.00000000000E+00   4.10000000000E+00   4.20000000000E+00
   4.30000000000E+00   4.40000000000E+00   4.50000000000E+00   4.60000000000E+00
   4.70000000000E+00   4.80000000000E+00   4.90000000000E+00   5.00000000000E+00
   5.10000000000E+00   5.20000000000E+00   5.30000000000E+00   5.40000000000E+00
   5.50000000000E+00   5.60000000000E+00   5.70000000000E+00   5.80000000000E+00
   5.90000000000E+00   6.00000000000E+00   6.10000000000E+00   6.20000000000E+00
   6.30000000000E+00   0.00000000000E+00   1.69141500000E-01   6.76401000000E-01
   1.17035700000E+00   1.32798600000E+00   1.26566000000E+00   1.11262400000E+00
   9.45088200000E-01   7.95747900000E-01   6.72771700000E-01   5.72648000000E-01
   4.87648500000E-01   4.10533600000E-01   3.37323600000E-01   1.40889200000E-01
   8.43004000000E-02   1.00000000000E-12   1.00000000000E-12   1.00000000000E-12
   1.00000000000E-12   1.00000000000E-12   0.00000000000E+00   0.00000000000E+00
   0.00000000000E+00   0.00000000000E+00   0.00000000000E+00   0.00000000000E+00
   0.00000000000E+00   0.00000000000E+00   0.00000000000E+00   0.00000000000E+00
   0.00000000000E+00   0.00000000000E+00   0.00000000000E+00   0.00000000000E+00
   0.00000000000E+00   0.00000000000E+00   0.00000000000E+00   0.00000000000E+00
   0.00000000000E+00   0.00000000000E+00   0.00000000000E+00   0.00000000000E+00
   0.00000000000E+00   0.00000000000E+00   0.00000000000E+00   0.00000000000E+00
   0.00000000000E+00   0.00000000000E+00   0.00000000000E+00   0.00000000000E+00
   0.00000000000E+00   0.00000000000E+00   0.00000000000E+00   0.00000000000E+00
   0.00000000000E+00   0.00000000000E+00   0.00000000000E+00   0.00000000000E+00
   0.00000000000E+00   0.00000000000E+00   0.00000000000E+00   0.00000000000E+00
   0.00000000000E+00   0.00000000000E+00   0.00000000000E+00   2.11426881000E-03
   3.38221134000E-02   1.26160016000E-01   2.51077169000E-01   3.80759473000E-01
   4.99673676000E-01   6.02559289000E-01   6.89601096000E-01   7.63027078000E-01
   8.25298065000E-01   8.78312892000E-01   9.23221998000E-01   9.60614859000E-01
   9.84525500000E-01   9.95784980000E-01   1.00000000000E+00   1.00000000000E+00
   1.00000000000E+00   1.00000000000E+00   1.00000000000E+00   1.00000000000E+00
   1.00000000000E+00   1.00000000000E+00   1.00000000000E+00   1.00000000000E+00
   1.00000000000E+00   1.00000000000E+00   1.00000000000E+00   1.00000000000E+00
   1.00000000000E+00   1.00000000000E+00   1.00000000000E+00   1.00000000000E+00
   1.00000000000E+00   1.00000000000E+00   1.00000000000E+00   1.00000000000E+00
   1.00000000000E+00   1.00000000000E+00   1.00000000000E+00   1.00000000000E+00
   1.00000000000E+00   1.00000000000E+00   1.00000000000E+00   1.00000000000E+00
   1.00000000000E+00   1.00000000000E+00   1.00000000000E+00   1.00000000000E+00
   1.00000000000E+00   1.00000000000E+00   1.00000000000E+00   1.00000000000E+00
   1.00000000000E+00   1.00000000000E+00   1.00000000000E+00   1.00000000000E+00
   1.00000000000E+00   1.00000000000E+00   1.00000000000E+00   1.00000000000E+00
   1.00000000000E+00   1.00000000000E+00   1.00000000000E+00                   0
                   0                   0                   0                   0
                   0                   0                   0                   0
                   0                   0                   0                   0
                   0                   0                   0                   0
                   0                   0                   0                   0
                   0                   0                   0                   0
                   0                   0                   0                   0
                   0                   0                   0                   0
                   0                   0                   0                   0
                   0                   0                   0                   0
                   0                   0                   0                   0
                   0                   0                   0                   0
                   0                   0                   0                   0
                   0                   0                   0                   0
                   0                   0                   0                   0
                   0                   0                   0                   0
                   0                   0                   0                   0
                   0                   0                   0                   0
                   0                   0                   0                   0
                   0                   0                   0                   0
                   0                   0                   0                   0
                   0                   0                   0                   0
                   0                   0                   0                   0
                   0                   0                   0                   0
                   0                   0                   0                   0
                   0                   0                   0                   0
                   0                   0                   0                   0
                   0                   0                   0                   0
                   0                   0                   0                   0
                   0                   0                   0                   0
                   0                   0                   0                   0
                   0                   0                   0                   0
                   0                   0                   0                   0
                   0                   0                   0                   0
                   0                   0                   0                   0
