 82208.00u  206.190000  0.0000E+00   05/27/20
Ace Pb208 IAEA-PD                                                        mat8237
      0         0.      0         0.      0         0.      0         0.
      0         0.      0         0.      0         0.      0         0.
      0         0.      0         0.      0         0.      0         0.
      0         0.      0         0.      0         0.      0         0.
   335917    82208       89        2        7        2       12        0
        0        0        0        0        0        0        0        1
        1       90       90        0      179      268      270      272
      274      420      504        0        0        0        0        0
        0        0        0        0        0        0        0        0
        0        0        0        0        0        0        0        0
   9.99999000000E-01   1.00000000000E+00   1.50000000000E+00   2.00000000000E+00
   2.50000000000E+00   3.00000000000E+00   3.50000000000E+00   4.00000000000E+00
   4.50000000000E+00   5.00000000000E+00   5.50000000000E+00   6.00000000000E+00
   6.50000000000E+00   7.00000000000E+00   7.50000000000E+00   8.00000000000E+00
   8.50000000000E+00   9.00000000000E+00   9.50000000000E+00   1.00000000000E+01
   1.05000000000E+01   1.10000000000E+01   1.15000000000E+01   1.20000000000E+01
   1.25000000000E+01   1.30000000000E+01   1.35000000000E+01   1.40000000000E+01
   1.45000000000E+01   1.50000000000E+01   1.55000000000E+01   1.60000000000E+01
   1.65000000000E+01   1.70000000000E+01   1.75000000000E+01   1.80000000000E+01
   1.85000000000E+01   1.90000000000E+01   1.95000000000E+01   2.00000000000E+01
   2.10000000000E+01   2.20000000000E+01   2.30000000000E+01   2.40000000000E+01
   2.50000000000E+01   2.60000000000E+01   2.70000000000E+01   2.80000000000E+01
   2.90000000000E+01   3.00000000000E+01   3.20000000000E+01   3.40000000000E+01
   3.60000000000E+01   3.80000000000E+01   4.00000000000E+01   4.20000000000E+01
   4.40000000000E+01   4.60000000000E+01   4.80000000000E+01   5.00000000000E+01
   5.20000000000E+01   5.40000000000E+01   5.60000000000E+01   5.80000000000E+01
   6.00000000000E+01   6.20000000000E+01   6.40000000000E+01   6.60000000000E+01
   6.80000000000E+01   7.00000000000E+01   7.20000000000E+01   7.40000000000E+01
   7.60000000000E+01   7.80000000000E+01   8.00000000000E+01   8.50000000000E+01
   9.00000000000E+01   9.50000000000E+01   1.00000000000E+02   1.10000000000E+02
   1.20000000000E+02   1.30000000000E+02   1.40000000000E+02   1.50000000000E+02
   1.60000000000E+02   1.70000000000E+02   1.80000000000E+02   1.90000000000E+02
   2.00000000000E+02   0.00000000000E+00   3.83164600000E-05   1.09868100000E-04
   2.40946800000E-04   4.55144200000E-04   7.82512600000E-04   1.26237500000E-03
   1.94703600000E-03   2.90595900000E-03   4.22798800000E-03   6.01494800000E-03
   8.36020400000E-03   1.13405000000E-02   1.51103700000E-02   2.00842600000E-02
   2.70152700000E-02   3.70142800000E-02   5.17169100000E-02   7.36054900000E-02
   1.06304700000E-01   1.54194400000E-01   2.19125000000E-01   2.94065300000E-01
   3.71866500000E-01   4.63024900000E-01   5.63311300000E-01   6.17634800000E-01
   5.79213400000E-01   4.81580100000E-01   3.80275900000E-01   2.98722500000E-01
   2.38197100000E-01   1.93951800000E-01   1.61278300000E-01   1.36692600000E-01
   1.17804400000E-01   1.02998700000E-01   9.11761600000E-02   8.15767600000E-02
   7.36653900000E-02   6.11224100000E-02   5.19457900000E-02   4.49936800002E-02
   3.95809300019E-02   3.52759200150E-02   3.17951701053E-02   2.89455404818E-02
   2.65910615433E-02   2.46330439010E-02   2.29978283390E-02   2.04823270305E-02
   1.87202846130E-02   1.74979070307E-02   1.66661495883E-02   1.61174388300E-02
   1.57726946082E-02   1.55733013746E-02   1.54756887710E-02   1.54475195130E-02
   1.54647807090E-02   1.55097197450E-02   1.55693087400E-02   1.56339776720E-02
   1.56968346340E-02   1.57528790650E-02   1.57986783150E-02   1.58318510400E-02
   1.58508811200E-02   1.58548356400E-02   1.58433343900E-02   1.58162587900E-02
   1.57738295500E-02   1.57164252200E-02   1.56446087000E-02   1.55590169500E-02
   1.52896894200E-02   1.49515568000E-02   1.45580382500E-02   1.41226217000E-02
   1.31781328000E-02   1.22167748000E-02   1.13278864000E-02   1.05920848000E-02
   9.67513580000E-03   8.88267240000E-03   8.19233460000E-03   7.58666790000E-03
   7.05186220000E-03   6.57686500000E-03   0.00000000000E+00   1.00000000000E+00
   9.50258900000E-01   9.00518300000E-01   8.50777600000E-01   8.01037000000E-01
   7.51296400000E-01   7.01555800000E-01   6.51815200000E-01   6.02074600000E-01
   5.52334000000E-01   3.59952500000E-01   1.74487200000E+00   3.17126600000E+00
   7.36808200000E+00   7.39457100000E+00   7.06212900000E+00   7.10497900000E+00
   7.27745900000E+00   7.47605100000E+00   7.76209100000E+00   7.81533300000E+00
   7.54536800000E+00   7.45201800000E+00   7.42462300000E+00   7.46154400000E+00
   7.53671900000E+00   7.58185400000E+00   8.18794100000E+00   8.95026300000E+00
   9.71454000000E+00   1.03264300000E+01   1.07385400000E+01   1.10928200000E+01
   1.14386400000E+01   1.18146600000E+01   1.19402300000E+01   1.20779900000E+01
   1.22337400000E+01   1.23960600000E+01   1.25905000000E+01   1.28073000000E+01
   1.31046900000E+01   1.34458700000E+01   1.40696500000E+01   1.47132500000E+01
   1.54231400000E+01   1.61355300000E+01   1.67185000000E+01   1.72957400000E+01
   1.82424900000E+01   1.94099900000E+01   2.05335700000E+01   2.17102400000E+01
   2.28399900000E+01   2.39849300000E+01   2.51083500000E+01   2.62260900000E+01
   2.73887700000E+01   2.86024300000E+01   2.97382200000E+01   3.08537700000E+01
   3.19641300000E+01   3.31265900000E+01   3.42394700000E+01   3.53887000000E+01
   3.64195700000E+01   3.75501500000E+01   3.86174700000E+01   3.96865400000E+01
   4.07566000000E+01   4.18857900000E+01   4.30264700000E+01   4.40769800000E+01
   4.50613400000E+01   4.78088100000E+01   5.04143600000E+01   5.31812000000E+01
   5.57958300000E+01   6.12014000000E+01   6.67522200000E+01   7.23727200000E+01
   7.81613000000E+01   8.42771700000E+01   9.05044700000E+01   9.70595600000E+01
   1.03984100000E+02   1.11127100000E+02   1.18408100000E+02                   5
                  18   0.00000000000E+00   1.56346000000E+02                   1
                  92                   1                  89   0.00000000000E+00
   3.83164600000E-05   1.09868100000E-04   2.40946800000E-04   4.55144200000E-04
   7.82512600000E-04   1.26237500000E-03   1.94703600000E-03   2.90595900000E-03
   4.22798800000E-03   6.01494800000E-03   8.36020400000E-03   1.13405000000E-02
   1.51103700000E-02   2.00842600000E-02   2.70152700000E-02   3.70142800000E-02
   5.17169100000E-02   7.36054900000E-02   1.06304700000E-01   1.54194400000E-01
   2.19125000000E-01   2.94065300000E-01   3.71866500000E-01   4.63024900000E-01
   5.63311300000E-01   6.17634800000E-01   5.79213400000E-01   4.81580100000E-01
   3.80275900000E-01   2.98722500000E-01   2.38197100000E-01   1.93951800000E-01
   1.61278300000E-01   1.36692600000E-01   1.17804400000E-01   1.02998700000E-01
   9.11761600000E-02   8.15767600000E-02   7.36653900000E-02   6.11224100000E-02
   5.19457900000E-02   4.49936800000E-02   3.95809300000E-02   3.52759200000E-02
   3.17951700000E-02   2.89455400000E-02   2.65910600000E-02   2.46330400000E-02
   2.29978200000E-02   2.04823000000E-02   1.87202200000E-02   1.74977800000E-02
   1.66659300000E-02   1.61170900000E-02   1.57721700000E-02   1.55725400000E-02
   1.54746100000E-02   1.54460200000E-02   1.54627300000E-02   1.55069600000E-02
   1.55656600000E-02   1.56292300000E-02   1.56907600000E-02   1.57452300000E-02
   1.57892000000E-02   1.58202600000E-02   1.58369200000E-02   1.58382300000E-02
   1.58238100000E-02   1.57935300000E-02   1.57476700000E-02   1.56865900000E-02
   1.56108000000E-02   1.55210500000E-02   1.52404100000E-02   1.48897900000E-02
   1.44829500000E-02   1.40333900000E-02   1.30588400000E-02   1.20657800000E-02
   1.11424000000E-02   1.03682800000E-02   9.41607900000E-03   8.58630300000E-03
   7.85702900000E-03   7.21049100000E-03   6.63486300000E-03   6.11827600000E-03
                  37                  53   0.00000000000E+00   1.20169000000E-21
   1.35698000000E-20   1.43828000000E-19   1.65341000000E-17   1.97470000000E-15
   1.73004000000E-13   1.93883000000E-12   1.49931000000E-11   1.05324000000E-10
   4.81799000000E-10   1.54328900000E-09   3.90095500000E-09   8.33899400000E-09
   2.70304800000E-08   6.46129900000E-08   1.27030700000E-07   2.19588300000E-07
   3.48830000000E-07   5.24608200000E-07   7.61374600000E-07   1.07877100000E-06
   1.49951300000E-06   2.05070900000E-06   2.75974500000E-06   3.64874000000E-06
   4.74767200000E-06   6.07463400000E-06   7.64906500000E-06   9.47831500000E-06
   1.15910400000E-05   1.39611200000E-05   1.66056400000E-05   1.95243900000E-05
   2.27287900000E-05   2.61595500000E-05   2.98352200000E-05   3.38087000000E-05
   3.79669500000E-05   4.92794200000E-05   6.17668000000E-05   7.50882500000E-05
   8.92317000000E-05   1.19292800000E-04   1.50994800000E-04   1.85486400000E-04
   2.23804800000E-04   2.59056800000E-04   2.96369400000E-04   3.35305600000E-04
   3.76176900000E-04   4.16999200000E-04   4.58589000000E-04                   1
                   2                 504                 582                 660
                 662                 664                 666                 934
                 936                 936                 938                   2
                   1               60269               60360               60451
               60452               60453               60454               60618
               60619               60619               60620                   9
                   1               74307               74383               74459
               74460               74461               74462               74616
               74617               74617               74618                  31
                   1              128432              128499              128566
              128567              128568              128569              128705
              128706              128706              128707                  32
                   1              176183              176249              176315
              176316              176317              176318              176452
              176453              176453              176454                  33
                   1              223507              223566              223625
              223626              223627              223628              223756
              223757              223757              223758                  34
                   1              268608              268699              268790
              268791              268792              268793              268967
              268968              268968              268969                  14
                  76   0.00000000000E+00   2.00175100000E-02   2.69553000000E-02
   3.69568500000E-02   5.16354500000E-02   7.34573900000E-02   1.06006000000E-01
   1.53628600000E-01   2.18361900000E-01   2.93294600000E-01   3.71107800000E-01
   4.62281500000E-01   5.62532800000E-01   6.16900400000E-01   5.78628900000E-01
   4.99206400000E-01   4.40941700000E-01   3.87277300000E-01   3.33462600000E-01
   2.87706400000E-01   2.49435300000E-01   2.17257200000E-01   1.90646900000E-01
   1.69173300000E-01   1.51710700000E-01   1.37319100000E-01   1.25499900000E-01
   1.06104700000E-01   9.14283300000E-02   8.02209400000E-02   7.24786600000E-02
   6.68811700000E-02   6.26421100000E-02   5.90678000000E-02   5.59519500000E-02
   5.30938600000E-02   5.06408900000E-02   4.64073900000E-02   4.38060700000E-02
   4.23575800000E-02   4.16832600000E-02   4.15697900000E-02   4.17352100000E-02
   4.22456000000E-02   4.31747300000E-02   4.41495500000E-02   4.53699900000E-02
   4.65523100000E-02   4.78199700000E-02   4.90489500000E-02   5.03297600000E-02
   5.16098400000E-02   5.27906600000E-02   5.40849400000E-02   5.51552800000E-02
   5.62427400000E-02   5.72743200000E-02   5.82745900000E-02   5.91029300000E-02
   5.98524700000E-02   6.06124700000E-02   6.13914700000E-02   6.26772500000E-02
   6.36869100000E-02   6.40828200000E-02   6.43573800000E-02   6.40029000000E-02
   6.27071700000E-02   6.12965000000E-02   6.00288400000E-02   5.71459300000E-02
   5.45386700000E-02   5.19854200000E-02   4.95183700000E-02   4.71605700000E-02
   4.50076800000E-02                  14                  76   0.00000000000E+00
   1.22767800000E-01   5.87981200000E-01   9.37986400000E-01   1.28756700000E+00
   1.63645400000E+00   1.98431700000E+00   1.94551000000E+00   1.90877200000E+00
   1.87328700000E+00   1.83722000000E+00   1.94106000000E+00   2.04455800000E+00
   2.14803600000E+00   2.25152400000E+00   2.21861300000E+00   2.35008500000E+00
   2.48040100000E+00   2.51949400000E+00   2.77188300000E+00   2.99658700000E+00
   3.18896800000E+00   3.35855800000E+00   3.61676000000E+00   3.87480100000E+00
   4.13320300000E+00   4.39897700000E+00   4.83578700000E+00   5.26136500000E+00
   5.58327700000E+00   5.99467100000E+00   6.40423900000E+00   6.86017300000E+00
   7.34318100000E+00   7.81672800000E+00   8.27719700000E+00   8.73213200000E+00
   9.63603900000E+00   1.04563300000E+01   1.13385500000E+01   1.22010600000E+01
   1.30834300000E+01   1.39136600000E+01   1.47675500000E+01   1.56360300000E+01
   1.64776600000E+01   1.73293200000E+01   1.81676900000E+01   1.90575700000E+01
   1.99430300000E+01   2.08095900000E+01   2.16999100000E+01   2.25510200000E+01
   2.34837700000E+01   2.43559000000E+01   2.52744700000E+01   2.62096800000E+01
   2.71328300000E+01   2.80193100000E+01   2.89119700000E+01   2.98546000000E+01
   3.08538000000E+01   3.31534800000E+01   3.55903100000E+01   3.78903800000E+01
   4.03752000000E+01   4.51688400000E+01   4.99929600000E+01   5.47596200000E+01
   5.95014000000E+01   6.40599500000E+01   6.87135100000E+01   7.31725500000E+01
   7.74727900000E+01   8.16839500000E+01   8.59329200000E+01                   5
                  18                  -1                  -1                   1
                 159                   6                   5                   0
                  77   1.00000000000E+00   7.36786800000E+00   7.50000000000E+00
   8.00000000000E+00   8.50000000000E+00   9.00000000000E+00   9.50000000000E+00
   1.00000000000E+01   1.05000000000E+01   1.10000000000E+01   1.15000000000E+01
   1.20000000000E+01   1.25000000000E+01   1.30000000000E+01   1.35000000000E+01
   1.40000000000E+01   1.45000000000E+01   1.50000000000E+01   1.55000000000E+01
   1.60000000000E+01   1.65000000000E+01   1.70000000000E+01   1.75000000000E+01
   1.80000000000E+01   1.85000000000E+01   1.90000000000E+01   1.95000000000E+01
   2.00000000000E+01   2.10000000000E+01   2.20000000000E+01   2.30000000000E+01
   2.40000000000E+01   2.50000000000E+01   2.60000000000E+01   2.70000000000E+01
   2.80000000000E+01   2.90000000000E+01   3.00000000000E+01   3.20000000000E+01
   3.40000000000E+01   3.60000000000E+01   3.80000000000E+01   4.00000000000E+01
   4.20000000000E+01   4.40000000000E+01   4.60000000000E+01   4.80000000000E+01
   5.00000000000E+01   5.20000000000E+01   5.40000000000E+01   5.60000000000E+01
   5.80000000000E+01   6.00000000000E+01   6.20000000000E+01   6.40000000000E+01
   6.60000000000E+01   6.80000000000E+01   7.00000000000E+01   7.20000000000E+01
   7.40000000000E+01   7.60000000000E+01   7.80000000000E+01   8.00000000000E+01
   8.50000000000E+01   9.00000000000E+01   9.50000000000E+01   1.00000000000E+02
   1.10000000000E+02   1.20000000000E+02   1.30000000000E+02   1.40000000000E+02
   1.50000000000E+02   1.60000000000E+02   1.70000000000E+02   1.80000000000E+02
   1.90000000000E+02   2.00000000000E+02   0.00000000000E+00   0.00000000000E+00
   9.96676500000E-01   9.97780100000E-01   9.98448400000E-01   9.98424900000E-01
   9.97987900000E-01   9.97190200000E-01   9.96330600000E-01   9.96517500000E-01
   9.97379200000E-01   9.97959800000E-01   9.98394500000E-01   9.98618000000E-01
   9.98810900000E-01   9.98990900000E-01   1.03660100000E+00   1.15953100000E+00
   1.29644500000E+00   1.39994400000E+00   1.48339100000E+00   1.54661400000E+00
   1.58938500000E+00   1.61833400000E+00   1.64248000000E+00   1.66392900000E+00
   1.68331200000E+00   1.70364800000E+00   1.73593800000E+00   1.76007200000E+00
   1.78293800000E+00   1.83115100000E+00   1.89594400000E+00   1.97017700000E+00
   2.04065300000E+00   2.10416400000E+00   2.15539200000E+00   2.20198600000E+00
   2.26573000000E+00   2.34003700000E+00   2.42073300000E+00   2.50109300000E+00
   2.57921500000E+00   2.64609700000E+00   2.71277800000E+00   2.78996700000E+00
   2.85821500000E+00   2.93401900000E+00   3.00184900000E+00   3.07191100000E+00
   3.13797900000E+00   3.20721800000E+00   3.27732200000E+00   3.34286600000E+00
   3.41798100000E+00   3.48182100000E+00   3.55002600000E+00   3.61826900000E+00
   3.68833700000E+00   3.75146100000E+00   3.81361600000E+00   3.88056100000E+00
   3.95292200000E+00   4.10933600000E+00   4.27307200000E+00   4.41952300000E+00
   4.57966000000E+00   4.89198200000E+00   5.18459500000E+00   5.48454600000E+00
   5.76807700000E+00   6.04146100000E+00   6.31730600000E+00   6.57374600000E+00
   6.81537300000E+00   7.04514500000E+00   7.28131500000E+00                   6
                  18                   0                  53   1.00000000000E+00
   1.90000000000E+01   1.95000000000E+01   2.00000000000E+01   2.10000000000E+01
   2.20000000000E+01   2.30000000000E+01   2.40000000000E+01   2.50000000000E+01
   2.60000000000E+01   2.70000000000E+01   2.80000000000E+01   2.90000000000E+01
   3.00000000000E+01   3.20000000000E+01   3.40000000000E+01   3.60000000000E+01
   3.80000000000E+01   4.00000000000E+01   4.20000000000E+01   4.40000000000E+01
   4.60000000000E+01   4.80000000000E+01   5.00000000000E+01   5.20000000000E+01
   5.40000000000E+01   5.60000000000E+01   5.80000000000E+01   6.00000000000E+01
   6.20000000000E+01   6.40000000000E+01   6.60000000000E+01   6.80000000000E+01
   7.00000000000E+01   7.20000000000E+01   7.40000000000E+01   7.60000000000E+01
   7.80000000000E+01   8.00000000000E+01   8.50000000000E+01   9.00000000000E+01
   9.50000000000E+01   1.00000000000E+02   1.10000000000E+02   1.20000000000E+02
   1.30000000000E+02   1.40000000000E+02   1.50000000000E+02   1.60000000000E+02
   1.70000000000E+02   1.80000000000E+02   1.90000000000E+02   2.00000000000E+02
   1.00000000000E+00   1.00000000000E+00   1.00000000000E+00   1.00000000000E+00
   1.00000000000E+00   1.00000000000E+00   1.00000000000E+00   1.00000000000E+00
   1.00000000000E+00   1.00000000000E+00   1.00000000000E+00   1.00000000000E+00
   1.00000000000E+00   1.00000000000E+00   1.00000000000E+00   1.00000000000E+00
   1.00000000000E+00   1.00000000000E+00   1.00000000000E+00   1.00000000000E+00
   1.00000000000E+00   1.00000000000E+00   1.00000000000E+00   1.00000000000E+00
   1.00000000000E+00   1.00000000000E+00   1.00000000000E+00   1.00000000000E+00
   1.00000000000E+00   1.00000000000E+00   1.00000000000E+00   1.00000000000E+00
   1.00000000000E+00   1.00000000000E+00   1.00000000000E+00   1.00000000000E+00
   1.00000000000E+00   1.00000000000E+00   1.00000000000E+00   1.00000000000E+00
   1.00000000000E+00   1.00000000000E+00   1.00000000000E+00   1.00000000000E+00
   1.00000000000E+00   1.00000000000E+00   1.00000000000E+00   1.00000000000E+00
   1.00000000000E+00   1.00000000000E+00   1.00000000000E+00   1.00000000000E+00
   1.00000000000E+00                   0                   0                   1
               54355                   0                   4                  10
                   0                   2   1.00000000000E+00   2.00000000000E+02
   1.00000000000E+00   1.00000000000E+00                   0                  32
   1.00000000000E+00   7.36786800000E+00   8.00000000000E+00   1.00000000000E+01
   1.20000000000E+01   1.40000000000E+01   1.60000000000E+01   1.80000000000E+01
   2.00000000000E+01   2.20000000000E+01   2.40000000000E+01   2.60000000000E+01
   2.80000000000E+01   3.00000000000E+01   3.20000000000E+01   3.60000000000E+01
   4.00000000000E+01   4.40000000000E+01   4.80000000000E+01   5.00000000000E+01
   5.20000000000E+01   5.60000000000E+01   6.00000000000E+01   7.00000000000E+01
   8.00000000000E+01   9.00000000000E+01   1.00000000000E+02   1.20000000000E+02
   1.40000000000E+02   1.60000000000E+02   1.80000000000E+02   2.00000000000E+02
                  76                  87                  98                 124
                 210                 365                1148                2096
                3121                4212                5358                6751
                8196                9680               11203               12752
               14340               15980               17902               19854
               21821               23803               25800               27812
               30143               32508               35189               37889
               40915               44252               47612               50972
                   2                   3   0.00000000000E+00   5.00000000000E-07
   1.00000000000E-06   0.00000000000E+00   2.00000000000E+06   0.00000000000E+00
   0.00000000000E+00   5.00000000000E-01   1.00000000000E+00                   2
                   3   0.00000000000E+00   5.00000000000E-07   1.00000000000E-06
   0.00000000000E+00   2.00000000000E+06   0.00000000000E+00   0.00000000000E+00
   5.00000000000E-01   1.00000000000E+00                   2                   8
   0.00000000000E+00   2.50000000000E-02   1.00000000000E-01   2.00000000000E-01
   3.00000000000E-01   4.00000000000E-01   5.00000000000E-01   6.00000000000E-01
   0.00000000000E+00   5.25776100000E-02   2.10259600000E-01   2.08127000000E-06
   9.11003100000E-07   2.78716000000E-07   3.58020000000E-08   1.95794600000E+01
   0.00000000000E+00   6.57220174000E-04   1.05136163000E-02   2.10267011000E-02
   2.10268507000E-02   2.10269102000E-02   2.10269259000E-02   1.00000000000E+00
                   2                  28   0.00000000000E+00   2.50000000000E-02
   1.00000000000E-01   2.00000000000E-01   3.00000000000E-01   4.00000000000E-01
   5.00000000000E-01   6.00000000000E-01   7.00000000000E-01   8.00000000000E-01
   9.00000000000E-01   1.00000000000E+00   1.10000000000E+00   1.20000000000E+00
   1.30000000000E+00   1.40000000000E+00   1.50000000000E+00   1.60000000000E+00
   1.70000000000E+00   1.80000000000E+00   1.90000000000E+00   2.00000000000E+00
   2.10000000000E+00   2.20000000000E+00   2.30000000000E+00   2.40000000000E+00
   2.50000000000E+00   2.60000000000E+00   0.00000000000E+00   2.45675400000E-03
   8.22742900000E-03   2.25250000000E-04   1.27005100000E-01   2.15197000000E-04
   2.01040000000E-04   1.70210000000E-04   1.41449000000E-04   1.18779000000E-04
   9.79099900000E-05   1.53755200000E-03   6.16853000000E-05   4.88029000000E-05
   3.83303000000E-05   2.97235000000E-05   2.26396000000E-05   1.68505000000E-05
   4.65645300000E+00   8.45788900000E-06   5.60592000000E-06   3.52037000000E-06
   3.18330900000E+00   1.07050000000E-06   4.56764000000E-07   1.35989000000E-07
   1.70191000000E-08   4.04372300000E+00   0.00000000000E+00   3.07094230000E-05
   4.31366296000E-04   8.54000268000E-04   7.21551735000E-03   1.35765318000E-02
   1.35973436000E-02   1.36159061000E-02   1.36314891000E-02   1.36445005000E-02
   1.36553349000E-02   1.37371080000E-02   1.38170699000E-02   1.38225943000E-02
   1.38269509000E-02   1.38303536000E-02   1.38329718000E-02   1.38349463000E-02
   2.46658423000E-01   4.79481481000E-01   4.79482184000E-01   4.79482640000E-01
   6.38648256000E-01   7.97813749000E-01   7.97813825000E-01   7.97813855000E-01
   7.97813863000E-01   1.00000000000E+00                   2                  51
   0.00000000000E+00   2.50000000000E-02   1.00000000000E-01   2.00000000000E-01
   3.00000000000E-01   4.00000000000E-01   5.00000000000E-01   6.00000000000E-01
   7.00000000000E-01   8.00000000000E-01   9.00000000000E-01   1.00000000000E+00
   1.10000000000E+00   1.20000000000E+00   1.30000000000E+00   1.40000000000E+00
   1.50000000000E+00   1.60000000000E+00   1.70000000000E+00   1.80000000000E+00
   1.90000000000E+00   2.00000000000E+00   2.10000000000E+00   2.20000000000E+00
   2.30000000000E+00   2.40000000000E+00   2.50000000000E+00   2.60000000000E+00
   2.70000000000E+00   2.80000000000E+00   2.90000000000E+00   3.00000000000E+00
   3.10000000000E+00   3.20000000000E+00   3.30000000000E+00   3.40000000000E+00
   3.50000000000E+00   3.60000000000E+00   3.70000000000E+00   3.80000000000E+00
   3.90000000000E+00   4.00000000000E+00   4.10000000000E+00   4.20000000000E+00
   4.30000000000E+00   4.40000000000E+00   4.50000000000E+00   4.60000000000E+00
   4.70000000000E+00   4.80000000000E+00   4.90000000000E+00   0.00000000000E+00
   1.32702100000E-02   5.07186800000E-02   8.45842200000E-02   1.12089800000E-01
   1.32565200000E-01   1.46461900000E-01   1.54833700000E-01   1.58956600000E-01
   8.02287100000E-02   4.22120000000E-01   1.00678900000E+00   5.75486500000E-01
   5.37324600000E-01   6.12211300000E-01   5.92427500000E-01   5.20631700000E-01
   7.36153300000E-01   4.70988500000E-01   2.84373000000E-04   4.32268600000E-01
   1.17135100000E+00   2.32292000000E-04   2.11661000000E-04   2.03947100000E-01
   1.70326000000E-04   1.49991000000E-04   1.29958000000E-04   1.10339000000E-04
   9.21428900000E-05   7.59544000000E-05   6.29951100000E-02   4.89715000000E-05
   3.78392000000E-05   2.85470000000E-05   2.10841000000E-05   1.52617000000E-05
   1.07132000000E-05   6.86275100000E-01   4.65405000000E-06   2.91090000000E-06
   1.73899000000E-06   5.38323000000E-01   4.88844000000E-07   2.01608000000E-07
   5.83533000000E-08   7.11572000000E-09   5.08344700000E-01   0.00000000000E+00
   0.00000000000E+00   0.00000000000E+00   0.00000000000E+00   1.65877615000E-04
   2.56546084000E-03   9.33060593000E-03   1.91643068000E-02   3.13970561000E-02
   4.53484102000E-02   6.04131893000E-02   7.61027033000E-02   8.80619681000E-02
   1.13179402000E-01   1.84624848000E-01   2.63738618000E-01   3.19379169000E-01
   3.76855961000E-01   4.37087897000E-01   4.92740854000E-01   5.55580100000E-01
   6.15937186000E-01   6.39500828000E-01   6.61128476000E-01   7.41309451000E-01
   7.99888612000E-01   7.99910809000E-01   8.10118747000E-01   8.20324618000E-01
   8.20340633000E-01   8.20354631000E-01   8.20366646000E-01   8.20376770000E-01
   8.20385175000E-01   8.23538728000E-01   8.26690932000E-01   8.26695272000E-01
   8.26698591000E-01   8.26701073000E-01   8.26702890000E-01   8.26704189000E-01
   8.61018478000E-01   8.95332463000E-01   8.95332841000E-01   8.95333074000E-01
   9.22249309000E-01   9.49165482000E-01   9.49165517000E-01   9.49165530000E-01
   9.49165533000E-01   9.74582767000E-01   1.00000000000E+00   1.00000000000E+00
   1.00000000000E+00                   2                  71   0.00000000000E+00
   2.50000000000E-02   1.00000000000E-01   2.00000000000E-01   3.00000000000E-01
   4.00000000000E-01   5.00000000000E-01   6.00000000000E-01   7.00000000000E-01
   8.00000000000E-01   9.00000000000E-01   1.00000000000E+00   1.10000000000E+00
   1.20000000000E+00   1.30000000000E+00   1.40000000000E+00   1.50000000000E+00
   1.60000000000E+00   1.70000000000E+00   1.80000000000E+00   1.90000000000E+00
   2.00000000000E+00   2.10000000000E+00   2.20000000000E+00   2.30000000000E+00
   2.40000000000E+00   2.50000000000E+00   2.60000000000E+00   2.70000000000E+00
   2.80000000000E+00   2.90000000000E+00   3.00000000000E+00   3.10000000000E+00
   3.20000000000E+00   3.30000000000E+00   3.40000000000E+00   3.50000000000E+00
   3.60000000000E+00   3.70000000000E+00   3.80000000000E+00   3.90000000000E+00
   4.00000000000E+00   4.10000000000E+00   4.20000000000E+00   4.30000000000E+00
   4.40000000000E+00   4.50000000000E+00   4.60000000000E+00   4.70000000000E+00
   4.80000000000E+00   4.90000000000E+00   5.00000000000E+00   5.10000000000E+00
   5.20000000000E+00   5.30000000000E+00   5.40000000000E+00   5.50000000000E+00
   5.60000000000E+00   5.70000000000E+00   5.80000000000E+00   5.90000000000E+00
   6.00000000000E+00   6.10000000000E+00   6.20000000000E+00   6.30000000000E+00
   6.40000000000E+00   6.50000000000E+00   6.60000000000E+00   6.70000000000E+00
   6.80000000000E+00   6.90000000000E+00   0.00000000000E+00   2.18627600000E-02
   8.57575200000E-02   1.43849600000E-01   1.91607800000E-01   2.27777600000E-01
   2.53011700000E-01   2.69033600000E-01   2.77922700000E-01   2.81621400000E-01
   2.81739300000E-01   2.79522500000E-01   2.75878000000E-01   2.71393500000E-01
   2.66401300000E-01   2.61035900000E-01   2.55295200000E-01   2.49097300000E-01
   2.42332900000E-01   2.34908400000E-01   2.26783500000E-01   2.17979800000E-01
   2.08582400000E-01   1.98721800000E-01   1.88566300000E-01   1.78284400000E-01
   1.68037900000E-01   1.57963100000E-01   1.48169300000E-01   9.37394200000E-02
   3.63115400000E-01   4.80189700000E-01   2.13692800000E-01   4.78684800000E-01
   2.70605800000E-01   2.89614200000E-01   1.69318500000E-01   2.44482100000E-01
   2.40280900000E-01   1.55384000000E-04   2.09694600000E-01   3.18056200000E-01
   1.04128000000E-04   8.99299000000E-05   1.96490000000E-01   6.54158000000E-05
   5.49891000000E-05   4.57197000000E-05   3.75585000000E-05   3.04512000000E-05
   2.43372000000E-05   1.60707700000E-01   1.48114000000E-05   1.12456000000E-05
   8.36717000000E-06   6.08973000000E-06   4.32648000000E-06   2.99246000000E-06
   9.57138000000E-02   1.29524000000E-06   8.00319000000E-07   4.70040000000E-07
   7.46154200000E-02   1.25413000000E-07   5.00766000000E-08   1.39894000000E-08
   1.64245000000E-09   5.88540300000E-02   0.00000000000E+00   0.00000000000E+00
   0.00000000000E+00   0.00000000000E+00   2.73284492000E-04   4.30904488000E-03
   1.57894006000E-02   3.25622701000E-02   5.35315395000E-02   7.75710038000E-02
   1.03673268000E-01   1.31021082000E-01   1.58998287000E-01   1.87166321000E-01
   2.15229410000E-01   2.42999434000E-01   2.70363008000E-01   2.97252748000E-01
   3.23624607000E-01   3.49441161000E-01   3.74660785000E-01   3.99232295000E-01
   4.23094359000E-01   4.46178953000E-01   4.68417118000E-01   4.89745227000E-01
   5.10110437000E-01   5.29474841000E-01   5.47817376000E-01   5.65133490000E-01
   5.81433540000E-01   5.96740159000E-01   6.08835595000E-01   6.31678335000E-01
   6.73843589000E-01   7.08537713000E-01   7.43156592000E-01   7.80621121000E-01
   8.08632120000E-01   8.31578754000E-01   8.52268784000E-01   8.76506933000E-01
   8.88528747000E-01   8.99021246000E-01   9.25408785000E-01   9.41316801000E-01
   9.41326504000E-01   9.51155500000E-01   9.60983271000E-01   9.60989291000E-01
   9.60994326000E-01   9.60998490000E-01   9.61001891000E-01   9.61004630000E-01
   9.69041232000E-01   9.77077357000E-01   9.77078660000E-01   9.77079641000E-01
   9.77080364000E-01   9.77080884000E-01   9.77081250000E-01   9.81867090000E-01
   9.86652844000E-01   9.86652949000E-01   9.86653013000E-01   9.90383807000E-01
   9.94114584000E-01   9.94114593000E-01   9.94114596000E-01   9.94114597000E-01
   9.97057299000E-01   1.00000000000E+00   1.00000000000E+00   1.00000000000E+00
                   0                   0                   0                   0
                   0                   0                   0                   0
                   0                   0                   0                   0
                   0                   0                   0                   0
                   0                   0                   0                   0
                   0                   0                   0                   0
                   0                   0                   0                   0
                   0                   0                   0                   0
                   0                   0                   0                   0
                   0                   0                   0                   0
                   0                   0                   0                   0
                   0                   0                   0                   0
                   0                   0                   0                   0
                   0                   0                   0                   0
                   0                   0                   0                   0
                   0                   0                   0                   0
                   0                   0                   0                   0
                   0                   0                   0                   0
                   0                   0                   0                   0
                   0                   0                   0                   0
                   0                   0                   0                   0
                   0                   0                   0                   0
                   0                   0                   0                   0
                   0                   0                   0                   0
                   0                   0                   0                   0
                   0                   0                   0                   0
                   0                   0                   0                   0
                   0                   0                   0                   0
                   0                   0                   0                   0
                   0                   0                   0                   0
                   0                   0                   0                   0
                   0                   0                   0                   0
                   0                   0                   0                   0
                   0                   0                   0
