 82206.00u  204.205000  0.0000E+00   06/19/20
Ace Pb206 IAEA-PD                                                        mat8231
      0         0.      0         0.      0         0.      0         0.
      0         0.      0         0.      0         0.      0         0.
      0         0.      0         0.      0         0.      0         0.
      0         0.      0         0.      0         0.      0         0.
   343656    82206       89        2        7        2       12        0
        0        0        0        0        0        0        0        1
        1       90       90        0      179      268      270      272
      274      420      504        0        0        0        0        0
        0        0        0        0        0        0        0        0
        0        0        0        0        0        0        0        0
   9.99999000000E-01   1.00000000000E+00   1.50000000000E+00   2.00000000000E+00
   2.50000000000E+00   3.00000000000E+00   3.50000000000E+00   4.00000000000E+00
   4.50000000000E+00   5.00000000000E+00   5.50000000000E+00   6.00000000000E+00
   6.50000000000E+00   7.00000000000E+00   7.50000000000E+00   8.00000000000E+00
   8.50000000000E+00   9.00000000000E+00   9.50000000000E+00   1.00000000000E+01
   1.05000000000E+01   1.10000000000E+01   1.15000000000E+01   1.20000000000E+01
   1.25000000000E+01   1.30000000000E+01   1.35000000000E+01   1.40000000000E+01
   1.45000000000E+01   1.50000000000E+01   1.55000000000E+01   1.60000000000E+01
   1.65000000000E+01   1.70000000000E+01   1.75000000000E+01   1.80000000000E+01
   1.85000000000E+01   1.90000000000E+01   1.95000000000E+01   2.00000000000E+01
   2.10000000000E+01   2.20000000000E+01   2.30000000000E+01   2.40000000000E+01
   2.50000000000E+01   2.60000000000E+01   2.70000000000E+01   2.80000000000E+01
   2.90000000000E+01   3.00000000000E+01   3.20000000000E+01   3.40000000000E+01
   3.60000000000E+01   3.80000000000E+01   4.00000000000E+01   4.20000000000E+01
   4.40000000000E+01   4.60000000000E+01   4.80000000000E+01   5.00000000000E+01
   5.20000000000E+01   5.40000000000E+01   5.60000000000E+01   5.80000000000E+01
   6.00000000000E+01   6.20000000000E+01   6.40000000000E+01   6.60000000000E+01
   6.80000000000E+01   7.00000000000E+01   7.20000000000E+01   7.40000000000E+01
   7.60000000000E+01   7.80000000000E+01   8.00000000000E+01   8.50000000000E+01
   9.00000000000E+01   9.50000000000E+01   1.00000000000E+02   1.10000000000E+02
   1.20000000000E+02   1.30000000000E+02   1.40000000000E+02   1.50000000000E+02
   1.60000000000E+02   1.70000000000E+02   1.80000000000E+02   1.90000000000E+02
   2.00000000000E+02   0.00000000000E+00   3.78500200000E-05   1.08762800000E-04
   2.38755300000E-04   4.51089200000E-04   7.75212300000E-04   1.24941000000E-03
   1.92428000000E-03   2.86662200000E-03   4.16142100000E-03   5.90548600000E-03
   8.18574900000E-03   1.10664900000E-02   1.46703500000E-02   1.93460700000E-02
   2.57321700000E-02   3.47337400000E-02   4.76017700000E-02   6.61214200000E-02
   9.28308900000E-02   1.31291100000E-01   1.86255800000E-01   2.61931400000E-01
   3.56120800000E-01   4.57090000000E-01   5.53601200000E-01   6.27080400000E-01
   6.27087800000E-01   5.41042400000E-01   4.28049100000E-01   3.32090300000E-01
   2.61126700000E-01   2.10171400000E-01   1.73232700000E-01   1.45866400000E-01
   1.25098300000E-01   1.08972300000E-01   9.61886800000E-02   8.58667200000E-02
   7.73963300000E-02   6.40522600000E-02   5.43297500000E-02   4.69806600001E-02
   4.12643500012E-02   3.67180200101E-02   3.30396500784E-02   3.00245604051E-02
   2.75292714443E-02   2.54500040293E-02   2.37095194550E-02   2.10216265330E-02
   1.91266029571E-02   1.78009659222E-02   1.68886784615E-02   1.62769191227E-02
   1.58825719140E-02   1.56439556820E-02   1.55151828620E-02   1.54620569840E-02
   1.54592602950E-02   1.54879915560E-02   1.55343834100E-02   1.55882918900E-02
   1.56423158700E-02   1.56911261600E-02   1.57309680500E-02   1.57592607300E-02
   1.57742572500E-02   1.57749487700E-02   1.57607836500E-02   1.57315846500E-02
   1.56874737000E-02   1.56287846300E-02   1.55560045400E-02   1.54697289000E-02
   1.51997473000E-02   1.48621112000E-02   1.44698977000E-02   1.40363560000E-02
   1.30967251000E-02   1.21407985000E-02   1.12571385000E-02   1.05257296000E-02
   9.61442350000E-03   8.82685840000E-03   8.14080740000E-03   7.53891400000E-03
   7.00744800000E-03   6.53542400000E-03   0.00000000000E+00   1.00000000000E+00
   9.15897500000E-01   8.31795900000E-01   7.47694300000E-01   6.63592700000E-01
   5.79491000000E-01   4.95389400000E-01   5.02518400000E-01   5.15104300000E-01
   5.32671500000E-01   5.51476500000E-01   5.56976600000E-01   5.69138400000E-01
   5.88405900000E-01   5.95144700000E-01   7.72830400000E+00   7.49551800000E+00
   7.71485300000E+00   8.09240600000E+00   8.03268100000E+00   8.05472800000E+00
   8.08268300000E+00   8.08410600000E+00   8.16220100000E+00   8.18571200000E+00
   8.16063300000E+00   8.09803500000E+00   8.31126300000E+00   8.55046200000E+00
   9.22658900000E+00   1.01333100000E+01   1.12433300000E+01   1.20079400000E+01
   1.25851100000E+01   1.31705700000E+01   1.33615600000E+01   1.35894200000E+01
   1.38575300000E+01   1.41430100000E+01   1.42914500000E+01   1.44108000000E+01
   1.45044300000E+01   1.46234200000E+01   1.55485000000E+01   1.67791600000E+01
   1.82162300000E+01   1.94661700000E+01   2.02717000000E+01   2.09590900000E+01
   2.16679900000E+01   2.28490300000E+01   2.39515200000E+01   2.52627300000E+01
   2.66442300000E+01   2.75555400000E+01   2.86514600000E+01   3.00030500000E+01
   3.14895400000E+01   3.29859300000E+01   3.41639300000E+01   3.53154200000E+01
   3.63785800000E+01   3.75378500000E+01   3.86711800000E+01   3.97077100000E+01
   4.08153000000E+01   4.20462700000E+01   4.33175700000E+01   4.46232300000E+01
   4.58575600000E+01   4.70933700000E+01   4.82772300000E+01   4.95022000000E+01
   5.06393900000E+01   5.36579200000E+01   5.67687400000E+01   5.99441300000E+01
   6.33779400000E+01   7.04246200000E+01   7.76372100000E+01   8.56057300000E+01
   9.39259900000E+01   1.03092500000E+02   1.12847500000E+02   1.23213100000E+02
   1.34308400000E+02   1.45808500000E+02   1.57573200000E+02                   5
                  18   0.00000000000E+00   1.53582000000E+02                   1
                  92                   1                  89   0.00000000000E+00
   3.78500200000E-05   1.08762800000E-04   2.38755300000E-04   4.51089200000E-04
   7.75212300000E-04   1.24941000000E-03   1.92428000000E-03   2.86662200000E-03
   4.16142100000E-03   5.90548600000E-03   8.18574900000E-03   1.10664900000E-02
   1.46703500000E-02   1.93460700000E-02   2.57321700000E-02   3.47337400000E-02
   4.76017700000E-02   6.61214200000E-02   9.28308900000E-02   1.31291100000E-01
   1.86255800000E-01   2.61931400000E-01   3.56120800000E-01   4.57090000000E-01
   5.53601200000E-01   6.27080400000E-01   6.27087800000E-01   5.41042400000E-01
   4.28049100000E-01   3.32090300000E-01   2.61126700000E-01   2.10171400000E-01
   1.73232700000E-01   1.45866400000E-01   1.25098300000E-01   1.08972300000E-01
   9.61886800000E-02   8.58667200000E-02   7.73963300000E-02   6.40522600000E-02
   5.43297500000E-02   4.69806600000E-02   4.12643500000E-02   3.67180200000E-02
   3.30396500000E-02   3.00245600000E-02   2.75292700000E-02   2.54500000000E-02
   2.37095100000E-02   2.10215900000E-02   1.91265000000E-02   1.78007300000E-02
   1.68882100000E-02   1.62760800000E-02   1.58811800000E-02   1.56417800000E-02
   1.55119400000E-02   1.54574100000E-02   1.54528200000E-02   1.54793200000E-02
   1.55230000000E-02   1.55736800000E-02   1.56239300000E-02   1.56684000000E-02
   1.57033200000E-02   1.57261000000E-02   1.57349900000E-02   1.57289800000E-02
   1.57075200000E-02   1.56704400000E-02   1.56178700000E-02   1.55501500000E-02
   1.54677800000E-02   1.53713600000E-02   1.50736800000E-02   1.47051400000E-02
   1.42789800000E-02   1.38086000000E-02   1.27871100000E-02   1.17387500000E-02
   1.07512000000E-02   9.90096500000E-03   8.87969800000E-03   7.97878500000E-03
   7.17989000000E-03   6.46914900000E-03   5.83648800000E-03   5.27252300000E-03
                  37                  53   0.00000000000E+00   4.08755000000E-22
   4.60130000000E-21   5.17282000000E-20   6.34198000000E-18   8.14013000000E-16
   8.72342000000E-14   1.22086000000E-12   1.01303000000E-11   7.83957000000E-11
   4.05134000000E-10   1.44428800000E-09   4.02928400000E-09   9.45498000000E-09
   3.65329900000E-08   1.02957100000E-07   2.35922200000E-07   4.68461500000E-07
   8.39122700000E-07   1.39191400000E-06   2.17568200000E-06   3.24286200000E-06
   4.64698400000E-06   6.44029500000E-06   8.67155600000E-06   1.13834100000E-05
   1.46118900000E-05   1.83858700000E-05   2.27261600000E-05   2.76480500000E-05
   3.31607300000E-05   3.92672500000E-05   4.59687700000E-05   5.32636500000E-05
   6.11446500000E-05   6.96037000000E-05   7.86346300000E-05   8.82245400000E-05
   9.83689000000E-05   1.26067300000E-04   1.56971200000E-04   1.90917700000E-04
   2.27756000000E-04   3.09615100000E-04   4.02048500000E-04   5.05938500000E-04
   6.24764600000E-04   7.34725500000E-04   8.48073400000E-04   9.60917400000E-04
   1.06976500000E-03   1.17096000000E-03   1.26290100000E-03                   1
                   2                 504                 580                 656
                 658                 660                 662                 926
                 928                 928                 930                   2
                   1               61355               61446               61537
               61538               61539               61540               61710
               61711               61711               61712                   9
                   1               75775               75853               75931
               75932               75933               75934               76092
               76093               76093               76094                  31
                   1              131817              131884              131951
              131952              131953              131954              132090
              132091              132091              132092                  32
                   1              180251              180316              180381
              180382              180383              180384              180520
              180521              180521              180522                  33
                   1              228325              228386              228447
              228448              228449              228450              228582
              228583              228583              228584                  34
                   1              274717              274807              274897
              274898              274899              274900              275080
              275081              275081              275082                  16
                  74   0.00000000000E+00   3.44498900000E-02   4.73857800000E-02
   6.58737300000E-02   9.25079300000E-02   1.30879100000E-01   1.85621200000E-01
   2.60949900000E-01   3.54739300000E-01   4.55392700000E-01   5.51781600000E-01
   6.25374800000E-01   6.25744300000E-01   5.40145400000E-01   4.31700400000E-01
   3.76791600000E-01   3.39243800000E-01   3.04242900000E-01   2.71870200000E-01
   2.43072600000E-01   2.18709400000E-01   1.96891300000E-01   1.77538500000E-01
   1.60774600000E-01   1.46281400000E-01   1.22297700000E-01   1.04217500000E-01
   9.03650900000E-02   7.96616900000E-02   7.37826200000E-02   7.16266600000E-02
   7.00436700000E-02   6.80006300000E-02   6.51447700000E-02   6.20730700000E-02
   5.61479100000E-02   5.25566800000E-02   5.18017200000E-02   5.21114700000E-02
   5.21715000000E-02   5.20265600000E-02   5.22528000000E-02   5.35209200000E-02
   5.53300100000E-02   5.71375200000E-02   5.86188700000E-02   6.00114100000E-02
   6.14347000000E-02   6.30813700000E-02   6.47173800000E-02   6.63212400000E-02
   6.78203300000E-02   6.91782800000E-02   7.05607500000E-02   7.18999600000E-02
   7.31713600000E-02   7.42134400000E-02   7.51971800000E-02   7.59180700000E-02
   7.66622100000E-02   7.82187200000E-02   7.91463800000E-02   7.96744100000E-02
   7.97252500000E-02   7.85785400000E-02   7.63816700000E-02   7.35977200000E-02
   7.10719000000E-02   6.64303900000E-02   6.20654400000E-02   5.78315500000E-02
   5.37660900000E-02   4.99052400000E-02   4.64081800000E-02                  16
                  74   0.00000000000E+00   2.55498700000E-01   5.66634600000E-01
   8.77531200000E-01   1.18829600000E+00   1.38627300000E+00   1.58341600000E+00
   1.78032600000E+00   1.97751400000E+00   1.95133700000E+00   1.92565500000E+00
   1.90021800000E+00   1.87477100000E+00   1.78132500000E+00   1.70418400000E+00
   1.80998900000E+00   1.94970000000E+00   2.14738300000E+00   2.30086400000E+00
   2.41421400000E+00   2.50256000000E+00   2.74805700000E+00   2.97251100000E+00
   3.18304500000E+00   3.38226800000E+00   3.66373800000E+00   3.92887400000E+00
   4.05642300000E+00   4.18863000000E+00   4.32073100000E+00   4.61924500000E+00
   5.03782400000E+00   5.40519100000E+00   5.81550200000E+00   6.16720900000E+00
   6.71378100000E+00   7.15464400000E+00   7.83927300000E+00   8.64195700000E+00
   9.31969200000E+00   9.97275000000E+00   1.06258800000E+01   1.12994100000E+01
   1.20589300000E+01   1.28129000000E+01   1.35526000000E+01   1.42756400000E+01
   1.50150800000E+01   1.57812800000E+01   1.65666100000E+01   1.73399400000E+01
   1.81141600000E+01   1.88812200000E+01   1.96879700000E+01   2.05184100000E+01
   2.13544600000E+01   2.21612700000E+01   2.29885800000E+01   2.37730600000E+01
   2.46023900000E+01   2.66442200000E+01   2.87063900000E+01   3.07612500000E+01
   3.28445200000E+01   3.68516400000E+01   4.08962300000E+01   4.46585000000E+01
   4.83415700000E+01   5.17201600000E+01   5.49099000000E+01   5.78856400000E+01
   6.05118800000E+01   6.29253200000E+01   6.52144100000E+01                   5
                  18                  -1                  -1                   1
                 155                   6                   5                   0
                  75   1.00000000000E+00   8.08666200000E+00   8.50000000000E+00
   9.00000000000E+00   9.50000000000E+00   1.00000000000E+01   1.05000000000E+01
   1.10000000000E+01   1.15000000000E+01   1.20000000000E+01   1.25000000000E+01
   1.30000000000E+01   1.35000000000E+01   1.40000000000E+01   1.45000000000E+01
   1.50000000000E+01   1.55000000000E+01   1.60000000000E+01   1.65000000000E+01
   1.70000000000E+01   1.75000000000E+01   1.80000000000E+01   1.85000000000E+01
   1.90000000000E+01   1.95000000000E+01   2.00000000000E+01   2.10000000000E+01
   2.20000000000E+01   2.30000000000E+01   2.40000000000E+01   2.50000000000E+01
   2.60000000000E+01   2.70000000000E+01   2.80000000000E+01   2.90000000000E+01
   3.00000000000E+01   3.20000000000E+01   3.40000000000E+01   3.60000000000E+01
   3.80000000000E+01   4.00000000000E+01   4.20000000000E+01   4.40000000000E+01
   4.60000000000E+01   4.80000000000E+01   5.00000000000E+01   5.20000000000E+01
   5.40000000000E+01   5.60000000000E+01   5.80000000000E+01   6.00000000000E+01
   6.20000000000E+01   6.40000000000E+01   6.60000000000E+01   6.80000000000E+01
   7.00000000000E+01   7.20000000000E+01   7.40000000000E+01   7.60000000000E+01
   7.80000000000E+01   8.00000000000E+01   8.50000000000E+01   9.00000000000E+01
   9.50000000000E+01   1.00000000000E+02   1.10000000000E+02   1.20000000000E+02
   1.30000000000E+02   1.40000000000E+02   1.50000000000E+02   1.60000000000E+02
   1.70000000000E+02   1.80000000000E+02   1.90000000000E+02   2.00000000000E+02
   0.00000000000E+00   0.00000000000E+00   9.91827800000E-01   9.95462600000E-01
   9.96254000000E-01   9.96521000000E-01   9.96861900000E-01   9.96592900000E-01
   9.96252800000E-01   9.96120700000E-01   9.96286700000E-01   9.96713200000E-01
   9.97280100000E-01   9.97857600000E-01   9.98342100000E-01   1.00853000000E+00
   1.13460600000E+00   1.29915400000E+00   1.44759400000E+00   1.56939300000E+00
   1.66640600000E+00   1.74830000000E+00   1.80680100000E+00   1.84573200000E+00
   1.87237400000E+00   1.89003000000E+00   1.90934200000E+00   1.91824000000E+00
   1.92345300000E+00   1.93052100000E+00   2.00943900000E+00   2.16790000000E+00
   2.33287900000E+00   2.47012100000E+00   2.55971600000E+00   2.61806600000E+00
   2.67096200000E+00   2.74784100000E+00   2.91007600000E+00   3.08564400000E+00
   3.20535800000E+00   3.27590100000E+00   3.34045200000E+00   3.45009600000E+00
   3.57921300000E+00   3.69713000000E+00   3.78635500000E+00   3.86523400000E+00
   3.94383900000E+00   4.03630700000E+00   4.12898900000E+00   4.22162900000E+00
   4.31048800000E+00   4.39396600000E+00   4.48311200000E+00   4.57403200000E+00
   4.66548600000E+00   4.74737200000E+00   4.83072800000E+00   4.90243900000E+00
   4.98094100000E+00   5.18072900000E+00   5.37155100000E+00   5.56646800000E+00
   5.75710000000E+00   6.12092300000E+00   6.47254800000E+00   6.79847600000E+00
   7.11517900000E+00   7.39841100000E+00   7.67251800000E+00   7.92082200000E+00
   8.14578900000E+00   8.34993300000E+00   8.56236800000E+00                   6
                  18                   0                  53   1.00000000000E+00
   1.90000000000E+01   1.95000000000E+01   2.00000000000E+01   2.10000000000E+01
   2.20000000000E+01   2.30000000000E+01   2.40000000000E+01   2.50000000000E+01
   2.60000000000E+01   2.70000000000E+01   2.80000000000E+01   2.90000000000E+01
   3.00000000000E+01   3.20000000000E+01   3.40000000000E+01   3.60000000000E+01
   3.80000000000E+01   4.00000000000E+01   4.20000000000E+01   4.40000000000E+01
   4.60000000000E+01   4.80000000000E+01   5.00000000000E+01   5.20000000000E+01
   5.40000000000E+01   5.60000000000E+01   5.80000000000E+01   6.00000000000E+01
   6.20000000000E+01   6.40000000000E+01   6.60000000000E+01   6.80000000000E+01
   7.00000000000E+01   7.20000000000E+01   7.40000000000E+01   7.60000000000E+01
   7.80000000000E+01   8.00000000000E+01   8.50000000000E+01   9.00000000000E+01
   9.50000000000E+01   1.00000000000E+02   1.10000000000E+02   1.20000000000E+02
   1.30000000000E+02   1.40000000000E+02   1.50000000000E+02   1.60000000000E+02
   1.70000000000E+02   1.80000000000E+02   1.90000000000E+02   2.00000000000E+02
   1.00000000000E+00   1.00000000000E+00   1.00000000000E+00   1.00000000000E+00
   1.00000000000E+00   1.00000000000E+00   1.00000000000E+00   1.00000000000E+00
   1.00000000000E+00   1.00000000000E+00   1.00000000000E+00   1.00000000000E+00
   1.00000000000E+00   1.00000000000E+00   1.00000000000E+00   1.00000000000E+00
   1.00000000000E+00   1.00000000000E+00   1.00000000000E+00   1.00000000000E+00
   1.00000000000E+00   1.00000000000E+00   1.00000000000E+00   1.00000000000E+00
   1.00000000000E+00   1.00000000000E+00   1.00000000000E+00   1.00000000000E+00
   1.00000000000E+00   1.00000000000E+00   1.00000000000E+00   1.00000000000E+00
   1.00000000000E+00   1.00000000000E+00   1.00000000000E+00   1.00000000000E+00
   1.00000000000E+00   1.00000000000E+00   1.00000000000E+00   1.00000000000E+00
   1.00000000000E+00   1.00000000000E+00   1.00000000000E+00   1.00000000000E+00
   1.00000000000E+00   1.00000000000E+00   1.00000000000E+00   1.00000000000E+00
   1.00000000000E+00   1.00000000000E+00   1.00000000000E+00   1.00000000000E+00
   1.00000000000E+00                   0                   0                   1
               55449                   0                   4                  10
                   0                   2   1.00000000000E+00   2.00000000000E+02
   1.00000000000E+00   1.00000000000E+00                   0                  31
   1.00000000000E+00   8.08666200000E+00   1.00000000000E+01   1.20000000000E+01
   1.40000000000E+01   1.60000000000E+01   1.80000000000E+01   2.00000000000E+01
   2.20000000000E+01   2.40000000000E+01   2.60000000000E+01   2.80000000000E+01
   3.00000000000E+01   3.20000000000E+01   3.60000000000E+01   4.00000000000E+01
   4.40000000000E+01   4.80000000000E+01   5.00000000000E+01   5.20000000000E+01
   5.60000000000E+01   6.00000000000E+01   7.00000000000E+01   8.00000000000E+01
   9.00000000000E+01   1.00000000000E+02   1.20000000000E+02   1.40000000000E+02
   1.60000000000E+02   1.80000000000E+02   2.00000000000E+02                  74
                  97                 120                 367                 864
                1541                2522                3580                4704
                5872                7304                8775               10285
               11821               13383               14997               16904
               18841               20808               22790               24787
               26799               28826               31174               33556
               36237               38937               41963               45300
               48660               52043                   2                   3
   0.00000000000E+00   5.00000000000E-07   1.00000000000E-06   0.00000000000E+00
   2.00000000000E+06   0.00000000000E+00   0.00000000000E+00   5.00000000000E-01
   1.00000000000E+00                   0                   0                   0
                   0                   0                   0                   0
                   0                   0                   0                   0
                   0                   2                   3   0.00000000000E+00
   5.00000000000E-07   1.00000000000E-06   0.00000000000E+00   2.00000000000E+06
   0.00000000000E+00   0.00000000000E+00   5.00000000000E-01   1.00000000000E+00
                   0                   0                   0                   0
                   0                   0                   0                   0
                   0                   0                   0                   0
                   2                  35   0.00000000000E+00   2.50000000000E-02
   1.00000000000E-01   2.00000000000E-01   3.00000000000E-01   4.00000000000E-01
   5.00000000000E-01   6.00000000000E-01   7.00000000000E-01   8.00000000000E-01
   9.00000000000E-01   1.00000000000E+00   1.10000000000E+00   1.20000000000E+00
   1.30000000000E+00   1.40000000000E+00   1.50000000000E+00   1.60000000000E+00
   1.70000000000E+00   1.80000000000E+00   1.90000000000E+00   2.00000000000E+00
   2.10000000000E+00   2.20000000000E+00   2.30000000000E+00   2.40000000000E+00
   2.50000000000E+00   2.60000000000E+00   2.70000000000E+00   2.80000000000E+00
   2.90000000000E+00   3.00000000000E+00   3.10000000000E+00   3.20000000000E+00
   3.30000000000E+00   0.00000000000E+00   9.40989100000E-02   3.75075200000E-01
   3.06666900000E-01   4.34306000000E-01   4.15373200000E-01   5.50645300000E-01
   3.11305300000E-01   6.69902000000E-05   4.90903000000E-05   9.92264900000E-01
   2.40623000000E-05   8.40801400000E-01   9.42028200000E-01   1.27665100000E+00
   3.55569000000E-06   1.74961000000E-06   7.05199000000E-07   1.45618300000E+00
   2.54142000000E-08   2.09838800000E+00   0.00000000000E+00   0.00000000000E+00
   0.00000000000E+00   0.00000000000E+00   0.00000000000E+00   0.00000000000E+00
   0.00000000000E+00   0.00000000000E+00   0.00000000000E+00   0.00000000000E+00
   0.00000000000E+00   0.00000000000E+00   0.00000000000E+00   0.00000000000E+00
   0.00000000000E+00   1.17623633000E-03   1.87702663000E-02   5.28573735000E-02
   8.99060210000E-02   1.32389984000E-01   1.80690912000E-01   2.23788445000E-01
   2.39357061000E-01   2.39362865000E-01   2.88978562000E-01   3.38593009000E-01
   3.80634280000E-01   4.69775756000E-01   5.80709718000E-01   6.44542450000E-01
   6.44542716000E-01   6.44542838000E-01   7.17352028000E-01   7.90161185000E-01
   8.95080593000E-01   1.00000000000E+00   1.00000000000E+00   1.00000000000E+00
   1.00000000000E+00   1.00000000000E+00   1.00000000000E+00   1.00000000000E+00
   1.00000000000E+00   1.00000000000E+00   1.00000000000E+00   1.00000000000E+00
   1.00000000000E+00   1.00000000000E+00   1.00000000000E+00                   0
                   0                   0                   0                   0
                   0                   0                   0                   0
                   0                   0                   0                   0
                   0                   0                   0                   0
                   0                   0                   0                   0
                   0                   0                   0                   0
                   0                   0                   0                   0
                   0                   0                   0                   0
                   0                   0                   0                   0
                   0                   0                   0                   0
                   0                   0                   0                   0
                   0                   0                   0                   0
                   0                   0                   0                   0
                   0                   0                   0                   0
                   0                   0                   0                   0
                   0                   0                   0                   0
                   0                   0                   0                   0
                   0                   0                   0                   0
                   0                   0                   0                   0
                   0                   0                   0                   0
                   0                   0                   0                   0
                   0                   0                   0                   0
                   0                   0                   0                   0
                   0                   0                   0                   0
                   0                   0                   0                   0
                   0                   0                   0                   0
                   0                   0                   0                   0
                   0                   0                   0                   0
                   0                   0
