 82207.00u  205.197900  0.0000E+00   06/19/20
Ace Pb207 IAEA-PD                                                        mat8234
      0         0.      0         0.      0         0.      0         0.
      0         0.      0         0.      0         0.      0         0.
      0         0.      0         0.      0         0.      0         0.
      0         0.      0         0.      0         0.      0         0.
   346320    82207       89        2        7        2       12        0
        0        0        0        0        0        0        0        1
        1       90       90        0      179      268      270      272
      274      420      504        0        0        0        0        0
        0        0        0        0        0        0        0        0
        0        0        0        0        0        0        0        0
   9.99999000000E-01   1.00000000000E+00   1.50000000000E+00   2.00000000000E+00
   2.50000000000E+00   3.00000000000E+00   3.50000000000E+00   4.00000000000E+00
   4.50000000000E+00   5.00000000000E+00   5.50000000000E+00   6.00000000000E+00
   6.50000000000E+00   7.00000000000E+00   7.50000000000E+00   8.00000000000E+00
   8.50000000000E+00   9.00000000000E+00   9.50000000000E+00   1.00000000000E+01
   1.05000000000E+01   1.10000000000E+01   1.15000000000E+01   1.20000000000E+01
   1.25000000000E+01   1.30000000000E+01   1.35000000000E+01   1.40000000000E+01
   1.45000000000E+01   1.50000000000E+01   1.55000000000E+01   1.60000000000E+01
   1.65000000000E+01   1.70000000000E+01   1.75000000000E+01   1.80000000000E+01
   1.85000000000E+01   1.90000000000E+01   1.95000000000E+01   2.00000000000E+01
   2.10000000000E+01   2.20000000000E+01   2.30000000000E+01   2.40000000000E+01
   2.50000000000E+01   2.60000000000E+01   2.70000000000E+01   2.80000000000E+01
   2.90000000000E+01   3.00000000000E+01   3.20000000000E+01   3.40000000000E+01
   3.60000000000E+01   3.80000000000E+01   4.00000000000E+01   4.20000000000E+01
   4.40000000000E+01   4.60000000000E+01   4.80000000000E+01   5.00000000000E+01
   5.20000000000E+01   5.40000000000E+01   5.60000000000E+01   5.80000000000E+01
   6.00000000000E+01   6.20000000000E+01   6.40000000000E+01   6.60000000000E+01
   6.80000000000E+01   7.00000000000E+01   7.20000000000E+01   7.40000000000E+01
   7.60000000000E+01   7.80000000000E+01   8.00000000000E+01   8.50000000000E+01
   9.00000000000E+01   9.50000000000E+01   1.00000000000E+02   1.10000000000E+02
   1.20000000000E+02   1.30000000000E+02   1.40000000000E+02   1.50000000000E+02
   1.60000000000E+02   1.70000000000E+02   1.80000000000E+02   1.90000000000E+02
   2.00000000000E+02   0.00000000000E+00   3.94502000000E-05   1.13306300000E-04
   2.48758500000E-04   4.70258100000E-04   8.08930000000E-04   1.30545700000E-03
   2.01387300000E-03   3.00581500000E-03   4.37274700000E-03   6.21924200000E-03
   8.64020600000E-03   1.17093900000E-02   1.55699800000E-02   2.06147900000E-02
   2.75532600000E-02   3.73912600000E-02   5.15201600000E-02   7.19044600000E-02
   1.01240100000E-01   1.42970200000E-01   2.00703400000E-01   2.75094600000E-01
   3.58258900000E-01   4.37590800000E-01   5.13606000000E-01   5.83575000000E-01
   5.88091200000E-01   4.96813400000E-01   3.81605300000E-01   2.90612200000E-01
   2.26885100000E-01   1.82576400000E-01   1.50988100000E-01   1.27756300000E-01
   1.10159300000E-01   9.64800500000E-02   8.56057200000E-02   7.67934600000E-02
   6.95329600000E-02   5.79775800000E-02   4.94896600000E-02   4.30286600039E-02
   3.79742400529E-02   3.39365003956E-02   3.06593820532E-02   2.79681473749E-02
   2.57393806556E-02   2.38831285437E-02   2.23318702233E-02   1.99469039393E-02
   1.82819808178E-02   1.71347060600E-02   1.63623301310E-02   1.58610482530E-02
   1.55543900070E-02   1.53856099800E-02   1.53126395000E-02   1.53043004500E-02
   1.53375625300E-02   1.53954431500E-02   1.54655207700E-02   1.55387437100E-02
   1.56085732500E-02   1.56703932500E-02   1.57209645000E-02   1.57581104000E-02
   1.57804765000E-02   1.57873047000E-02   1.57782197000E-02   1.57532729000E-02
   1.57126993000E-02   1.56569500000E-02   1.55866114000E-02   1.55023618000E-02
   1.52359641000E-02   1.49003451000E-02   1.45091073000E-02   1.40758031000E-02
   1.31352468000E-02   1.21774556000E-02   1.12916964000E-02   1.05583997000E-02
   9.64446900000E-03   8.85457900000E-03   8.16646800000E-03   7.56274300000E-03
   7.02964400000E-03   6.55615800000E-03   0.00000000000E+00   1.00000000000E+00
   9.07489300000E-01   8.14979400000E-01   7.22469400000E-01   6.29959500000E-01
   5.37449500000E-01   4.44939500000E-01   5.62446000000E-01   6.32123100000E-01
   6.62148800000E-01   6.63823000000E-01   2.00811300000E+00   6.69288500000E+00
   7.06401900000E+00   6.82134600000E+00   6.75185300000E+00   6.74284600000E+00
   6.74501800000E+00   6.80374300000E+00   6.83241900000E+00   6.84508700000E+00
   6.80654000000E+00   6.76885100000E+00   6.77959200000E+00   6.79259900000E+00
   6.79314300000E+00   6.77133800000E+00   7.08613500000E+00   7.43161600000E+00
   8.36318200000E+00   9.48913600000E+00   1.08500500000E+01   1.18993400000E+01
   1.26716000000E+01   1.33579200000E+01   1.35810900000E+01   1.37811400000E+01
   1.39733900000E+01   1.41642600000E+01   1.42986700000E+01   1.43396700000E+01
   1.48156300000E+01   1.54176300000E+01   1.65626000000E+01   1.75892300000E+01
   1.83917300000E+01   1.92193100000E+01   1.96720900000E+01   2.01412600000E+01
   2.06279800000E+01   2.21185600000E+01   2.38835000000E+01   2.54771300000E+01
   2.68848100000E+01   2.79774400000E+01   2.90191600000E+01   3.03615200000E+01
   3.17066300000E+01   3.29133800000E+01   3.40690700000E+01   3.53066100000E+01
   3.66575700000E+01   3.81737000000E+01   3.96729900000E+01   4.10877800000E+01
   4.23883700000E+01   4.36551800000E+01   4.48756100000E+01   4.60297600000E+01
   4.72794800000E+01   4.85381300000E+01   4.99056400000E+01   5.13020900000E+01
   5.27289300000E+01   5.62170900000E+01   5.96597600000E+01   6.32805100000E+01
   6.68540900000E+01   7.44866000000E+01   8.25124500000E+01   9.08249800000E+01
   9.95640800000E+01   1.08727000000E+02   1.18463100000E+02   1.28478500000E+02
   1.39009400000E+02   1.49783100000E+02   1.60729000000E+02                   5
                  18   0.00000000000E+00   1.54964000000E+02                   1
                  92                   1                  89   0.00000000000E+00
   3.94502000000E-05   1.13306300000E-04   2.48758500000E-04   4.70258100000E-04
   8.08930000000E-04   1.30545700000E-03   2.01387300000E-03   3.00581500000E-03
   4.37274700000E-03   6.21924200000E-03   8.64020600000E-03   1.17093900000E-02
   1.55699800000E-02   2.06147900000E-02   2.75532600000E-02   3.73912600000E-02
   5.15201600000E-02   7.19044600000E-02   1.01240100000E-01   1.42970200000E-01
   2.00703400000E-01   2.75094600000E-01   3.58258900000E-01   4.37590800000E-01
   5.13606000000E-01   5.83575000000E-01   5.88091200000E-01   4.96813400000E-01
   3.81605300000E-01   2.90612200000E-01   2.26885100000E-01   1.82576400000E-01
   1.50988100000E-01   1.27756300000E-01   1.10159300000E-01   9.64800500000E-02
   8.56057200000E-02   7.67934600000E-02   6.95329600000E-02   5.79775800000E-02
   4.94896600000E-02   4.30286600000E-02   3.79742400000E-02   3.39365000000E-02
   3.06593800000E-02   2.79681400000E-02   2.57393600000E-02   2.38830800000E-02
   2.23317700000E-02   1.99465800000E-02   1.82811700000E-02   1.71330000000E-02
   1.63591600000E-02   1.58556800000E-02   1.55459300000E-02   1.53730200000E-02
   1.52947600000E-02   1.52798800000E-02   1.53052900000E-02   1.53539800000E-02
   1.54135300000E-02   1.54749200000E-02   1.55316600000E-02   1.55792000000E-02
   1.56143800000E-02   1.56351100000E-02   1.56401200000E-02   1.56287500000E-02
   1.56007100000E-02   1.55561400000E-02   1.54953600000E-02   1.54189000000E-02
   1.53274200000E-02   1.52216700000E-02   1.49003600000E-02   1.45088500000E-02
   1.40614300000E-02   1.35722000000E-02   1.25218500000E-02   1.14574500000E-02
   1.04658400000E-02   9.62130400000E-03   8.62282700000E-03   7.75170800000E-03
   6.98698800000E-03   6.31259800000E-03   5.71594200000E-03   5.18581300000E-03
                  37                  53   0.00000000000E+00   1.57116000000E-20
   1.80565000000E-19   2.06992000000E-18   2.63703000000E-16   3.50264000000E-14
   3.85474000000E-12   5.28656000000E-11   3.95644000000E-10   2.05317400000E-09
   7.37489700000E-09   2.06555600000E-08   4.85437400000E-08   1.00223300000E-07
   3.23939300000E-07   8.10817800000E-07   1.70606000000E-06   3.17013100000E-06
   5.36825300000E-06   8.46000700000E-06   1.25899800000E-05   1.78795000000E-05
   2.44204500000E-05   3.22725300000E-05   4.14631500000E-05   5.19907700000E-05
   6.38237100000E-05   7.69132500000E-05   9.11932500000E-05   1.06584500000E-04
   1.23000400000E-04   1.40356500000E-04   1.58554700000E-04   1.77509700000E-04
   1.97132900000E-04   2.17339300000E-04   2.38050000000E-04   2.59191400000E-04
   2.80691800000E-04   3.35604100000E-04   3.91495100000E-04   4.47677300000E-04
   5.03603100000E-04   6.13396800000E-04   7.20005600000E-04   8.25856400000E-04
   9.37095700000E-04   1.02164200000E-03   1.10287100000E-03   1.17948000000E-03
   1.25014500000E-03   1.31370200000E-03   1.37034500000E-03                   1
                   2                 504                 583                 662
                 664                 666                 668                 938
                 940                 940                 942                   2
                   1               63167               63258               63349
               63350               63351               63352               63522
               63523               63523               63524                   9
                   1               77305               77383               77461
               77462               77463               77464               77620
               77621               77621               77622                  31
                   1              133250              133318              133386
              133387              133388              133389              133529
              133530              133530              133531                  32
                   1              182443              182508              182573
              182574              182575              182576              182710
              182711              182711              182712                  33
                   1              229930              229993              230056
              230057              230058              230059              230195
              230196              230196              230197                  34
                   1              277361              277449              277537
              277538              277539              277540              277716
              277717              277717              277718                  13
                  77   0.00000000000E+00   1.49774100000E-02   2.04214800000E-02
   2.74598700000E-02   3.73015100000E-02   5.14202900000E-02   7.17766700000E-02
   1.01046700000E-01   1.42675400000E-01   2.00258400000E-01   2.74471900000E-01
   3.57469900000E-01   4.36700400000E-01   5.12693100000E-01   5.82708100000E-01
   5.87381300000E-01   4.96322200000E-01   3.85446900000E-01   3.36689600000E-01
   3.03344500000E-01   2.76239600000E-01   2.48850400000E-01   2.21918700000E-01
   1.99546600000E-01   1.78678200000E-01   1.60858100000E-01   1.45714400000E-01
   1.32782900000E-01   1.11502300000E-01   9.54751100000E-02   8.46850500000E-02
   7.87850400000E-02   7.54459000000E-02   7.29729400000E-02   7.01350200000E-02
   6.67903100000E-02   6.32620800000E-02   5.98456300000E-02   5.40679600000E-02
   5.14816600000E-02   5.17764200000E-02   5.21443000000E-02   5.20909300000E-02
   5.21828700000E-02   5.30987000000E-02   5.48078900000E-02   5.66746700000E-02
   5.83052600000E-02   5.96840600000E-02   6.11663600000E-02   6.29431400000E-02
   6.48457600000E-02   6.65533700000E-02   6.80574100000E-02   6.94260600000E-02
   7.06914100000E-02   7.19476300000E-02   7.31805500000E-02   7.43637500000E-02
   7.54327900000E-02   7.62868900000E-02   7.71684300000E-02   7.79232000000E-02
   7.93081200000E-02   7.99941700000E-02   8.01100400000E-02   7.99732300000E-02
   7.84256800000E-02   7.57303300000E-02   7.26595000000E-02   6.98720700000E-02
   6.52922700000E-02   6.08557900000E-02   5.68603900000E-02   5.30330800000E-02
   4.94578000000E-02   4.62132000000E-02                  13                  77
   0.00000000000E+00   1.37020600000E-01   4.10165500000E-01   6.83330500000E-01
   8.91149900000E-01   1.09880000000E+00   1.30624800000E+00   1.51331700000E+00
   1.69962600000E+00   1.88587200000E+00   2.07228700000E+00   2.25892700000E+00
   2.20880500000E+00   2.15886100000E+00   2.10896300000E+00   2.05900800000E+00
   1.92507800000E+00   1.81051400000E+00   1.92082900000E+00   2.03683600000E+00
   2.32338900000E+00   2.55096200000E+00   2.70969600000E+00   2.84778100000E+00
   3.08617900000E+00   3.30854900000E+00   3.51996000000E+00   3.72262500000E+00
   3.89856000000E+00   4.06068800000E+00   4.13993700000E+00   4.36134100000E+00
   4.63619600000E+00   4.92369900000E+00   5.36885400000E+00   5.74311800000E+00
   6.12463700000E+00   6.46152600000E+00   7.01426600000E+00   7.46397400000E+00
   8.19925600000E+00   9.00991900000E+00   9.65882000000E+00   1.02409600000E+01
   1.09200400000E+01   1.16650200000E+01   1.24203600000E+01   1.31604600000E+01
   1.38733000000E+01   1.45604100000E+01   1.53294800000E+01   1.61202900000E+01
   1.68863500000E+01   1.76523800000E+01   1.84125100000E+01   1.91764500000E+01
   1.99714500000E+01   2.07960900000E+01   2.15917700000E+01   2.23917900000E+01
   2.31652900000E+01   2.39850100000E+01   2.48041500000E+01   2.68309500000E+01
   2.88517700000E+01   3.08046300000E+01   3.28622600000E+01   3.67961000000E+01
   4.06749200000E+01   4.43514400000E+01   4.79311600000E+01   5.13253100000E+01
   5.44180700000E+01   5.74173700000E+01   6.01166800000E+01   6.27018700000E+01
   6.51964300000E+01                   5                  18                  -1
                  -1                   1                 161                   6
                   5                   0                  78   1.00000000000E+00
   6.73778000000E+00   7.00000000000E+00   7.50000000000E+00   8.00000000000E+00
   8.50000000000E+00   9.00000000000E+00   9.50000000000E+00   1.00000000000E+01
   1.05000000000E+01   1.10000000000E+01   1.15000000000E+01   1.20000000000E+01
   1.25000000000E+01   1.30000000000E+01   1.35000000000E+01   1.40000000000E+01
   1.45000000000E+01   1.50000000000E+01   1.55000000000E+01   1.60000000000E+01
   1.65000000000E+01   1.70000000000E+01   1.75000000000E+01   1.80000000000E+01
   1.85000000000E+01   1.90000000000E+01   1.95000000000E+01   2.00000000000E+01
   2.10000000000E+01   2.20000000000E+01   2.30000000000E+01   2.40000000000E+01
   2.50000000000E+01   2.60000000000E+01   2.70000000000E+01   2.80000000000E+01
   2.90000000000E+01   3.00000000000E+01   3.20000000000E+01   3.40000000000E+01
   3.60000000000E+01   3.80000000000E+01   4.00000000000E+01   4.20000000000E+01
   4.40000000000E+01   4.60000000000E+01   4.80000000000E+01   5.00000000000E+01
   5.20000000000E+01   5.40000000000E+01   5.60000000000E+01   5.80000000000E+01
   6.00000000000E+01   6.20000000000E+01   6.40000000000E+01   6.60000000000E+01
   6.80000000000E+01   7.00000000000E+01   7.20000000000E+01   7.40000000000E+01
   7.60000000000E+01   7.80000000000E+01   8.00000000000E+01   8.50000000000E+01
   9.00000000000E+01   9.50000000000E+01   1.00000000000E+02   1.10000000000E+02
   1.20000000000E+02   1.30000000000E+02   1.40000000000E+02   1.50000000000E+02
   1.60000000000E+02   1.70000000000E+02   1.80000000000E+02   1.90000000000E+02
   2.00000000000E+02   0.00000000000E+00   0.00000000000E+00   9.61941500000E-01
   9.90622800000E-01   9.96610600000E-01   9.97599700000E-01   9.98061500000E-01
   9.98222800000E-01   9.98089700000E-01   9.97938000000E-01   9.97782800000E-01
   9.97736400000E-01   9.97797700000E-01   9.97965200000E-01   9.98222600000E-01
   9.98514500000E-01   9.98792900000E-01   9.99011300000E-01   1.01006700000E+00
   1.15855300000E+00   1.33699600000E+00   1.51300800000E+00   1.64814600000E+00
   1.73704700000E+00   1.81143700000E+00   1.85197000000E+00   1.87905800000E+00
   1.89748400000E+00   1.90964000000E+00   1.92319700000E+00   1.92919300000E+00
   1.96810800000E+00   2.07469700000E+00   2.22314900000E+00   2.38011800000E+00
   2.50767500000E+00   2.59487000000E+00   2.64882200000E+00   2.67983800000E+00
   2.71062200000E+00   2.81605900000E+00   3.02192900000E+00   3.18727400000E+00
   3.28497800000E+00   3.35614600000E+00   3.45320000000E+00   3.58227300000E+00
   3.70750600000E+00   3.80737600000E+00   3.88450400000E+00   3.96498200000E+00
   4.06330500000E+00   4.17011800000E+00   4.26608400000E+00   4.35181100000E+00
   4.43252800000E+00   4.51090200000E+00   4.59339900000E+00   4.67946900000E+00
   4.76767500000E+00   4.85406300000E+00   4.93218300000E+00   5.01775500000E+00
   5.10078800000E+00   5.30004100000E+00   5.48649100000E+00   5.66531000000E+00
   5.85532400000E+00   6.21412000000E+00   6.54686000000E+00   6.86362900000E+00
   7.16482600000E+00   7.45354500000E+00   7.70835600000E+00   7.96923000000E+00
   8.20310900000E+00   8.42277700000E+00   8.64721700000E+00                   6
                  18                   0                  53   1.00000000000E+00
   1.90000000000E+01   1.95000000000E+01   2.00000000000E+01   2.10000000000E+01
   2.20000000000E+01   2.30000000000E+01   2.40000000000E+01   2.50000000000E+01
   2.60000000000E+01   2.70000000000E+01   2.80000000000E+01   2.90000000000E+01
   3.00000000000E+01   3.20000000000E+01   3.40000000000E+01   3.60000000000E+01
   3.80000000000E+01   4.00000000000E+01   4.20000000000E+01   4.40000000000E+01
   4.60000000000E+01   4.80000000000E+01   5.00000000000E+01   5.20000000000E+01
   5.40000000000E+01   5.60000000000E+01   5.80000000000E+01   6.00000000000E+01
   6.20000000000E+01   6.40000000000E+01   6.60000000000E+01   6.80000000000E+01
   7.00000000000E+01   7.20000000000E+01   7.40000000000E+01   7.60000000000E+01
   7.80000000000E+01   8.00000000000E+01   8.50000000000E+01   9.00000000000E+01
   9.50000000000E+01   1.00000000000E+02   1.10000000000E+02   1.20000000000E+02
   1.30000000000E+02   1.40000000000E+02   1.50000000000E+02   1.60000000000E+02
   1.70000000000E+02   1.80000000000E+02   1.90000000000E+02   2.00000000000E+02
   1.00000000000E+00   1.00000000000E+00   1.00000000000E+00   1.00000000000E+00
   1.00000000000E+00   1.00000000000E+00   1.00000000000E+00   1.00000000000E+00
   1.00000000000E+00   1.00000000000E+00   1.00000000000E+00   1.00000000000E+00
   1.00000000000E+00   1.00000000000E+00   1.00000000000E+00   1.00000000000E+00
   1.00000000000E+00   1.00000000000E+00   1.00000000000E+00   1.00000000000E+00
   1.00000000000E+00   1.00000000000E+00   1.00000000000E+00   1.00000000000E+00
   1.00000000000E+00   1.00000000000E+00   1.00000000000E+00   1.00000000000E+00
   1.00000000000E+00   1.00000000000E+00   1.00000000000E+00   1.00000000000E+00
   1.00000000000E+00   1.00000000000E+00   1.00000000000E+00   1.00000000000E+00
   1.00000000000E+00   1.00000000000E+00   1.00000000000E+00   1.00000000000E+00
   1.00000000000E+00   1.00000000000E+00   1.00000000000E+00   1.00000000000E+00
   1.00000000000E+00   1.00000000000E+00   1.00000000000E+00   1.00000000000E+00
   1.00000000000E+00   1.00000000000E+00   1.00000000000E+00   1.00000000000E+00
   1.00000000000E+00                   0                   0                   1
               57249                   0                   4                  10
                   0                   2   1.00000000000E+00   2.00000000000E+02
   1.00000000000E+00   1.00000000000E+00                   0                  32
   1.00000000000E+00   6.73778000000E+00   8.00000000000E+00   1.00000000000E+01
   1.20000000000E+01   1.40000000000E+01   1.60000000000E+01   1.80000000000E+01
   2.00000000000E+01   2.20000000000E+01   2.40000000000E+01   2.60000000000E+01
   2.80000000000E+01   3.00000000000E+01   3.20000000000E+01   3.60000000000E+01
   4.00000000000E+01   4.40000000000E+01   4.80000000000E+01   5.00000000000E+01
   5.20000000000E+01   5.60000000000E+01   6.00000000000E+01   7.00000000000E+01
   8.00000000000E+01   9.00000000000E+01   1.00000000000E+02   1.20000000000E+02
   1.40000000000E+02   1.60000000000E+02   1.80000000000E+02   2.00000000000E+02
                  76                  87                  98                 142
                 459                1046                1983                3074
                4231                5432                6677                8187
                9736               11311               12925               14552
               16218               18185               20182               22194
               24221               26263               28320               30392
               32774               35190               37909               40647
               43694               47054               50437               53843
                   2                   3   0.00000000000E+00   5.00000000000E-07
   1.00000000000E-06   0.00000000000E+00   2.00000000000E+06   0.00000000000E+00
   0.00000000000E+00   5.00000000000E-01   1.00000000000E+00                   2
                   3   0.00000000000E+00   5.00000000000E-07   1.00000000000E-06
   0.00000000000E+00   2.00000000000E+06   0.00000000000E+00   0.00000000000E+00
   5.00000000000E-01   1.00000000000E+00                   2                  14
   0.00000000000E+00   1.00000000000E-01   2.00000000000E-01   3.00000000000E-01
   4.00000000000E-01   5.00000000000E-01   6.00000000000E-01   7.00000000000E-01
   8.00000000000E-01   9.00000000000E-01   1.00000000000E+00   1.10000000000E+00
   1.20000000000E+00   1.30000000000E+00   0.00000000000E+00   9.07009900000E-01
   4.40195000000E-05   4.01166000000E-05   3.38299000000E-05   6.31862300000E+00
   1.92535000000E-05   1.30268000000E-05   8.03110000000E-06   3.16950000000E-06
   1.12399000000E-06   3.04362000000E-07   3.61692000000E-08   5.54840900000E+00
   0.00000000000E+00   4.53504936000E-02   9.07031882000E-02   9.07073950000E-02
   9.07110923000E-02   4.06643924000E-01   7.22576027000E-01   7.22577641000E-01
   7.22578694000E-01   7.22579254000E-01   7.22579468000E-01   7.22579540000E-01
   7.22579557000E-01   1.00000000000E+00                   2                  35
   0.00000000000E+00   2.50000000000E-02   1.00000000000E-01   2.00000000000E-01
   3.00000000000E-01   4.00000000000E-01   5.00000000000E-01   6.00000000000E-01
   7.00000000000E-01   8.00000000000E-01   9.00000000000E-01   1.00000000000E+00
   1.10000000000E+00   1.20000000000E+00   1.30000000000E+00   1.40000000000E+00
   1.50000000000E+00   1.60000000000E+00   1.70000000000E+00   1.80000000000E+00
   1.90000000000E+00   2.00000000000E+00   2.10000000000E+00   2.20000000000E+00
   2.30000000000E+00   2.40000000000E+00   2.50000000000E+00   2.60000000000E+00
   2.70000000000E+00   2.80000000000E+00   2.90000000000E+00   3.00000000000E+00
   3.10000000000E+00   3.20000000000E+00   3.30000000000E+00   0.00000000000E+00
   6.12445000000E-02   2.44952100000E-01   1.67540300000E-01   2.48231300000E-01
   9.20430700000E-03   5.17680900000E-03   1.98001600000E-01   3.65875000000E-04
   5.90027200000E-01   3.75227800000E-01   9.45976500000E-01   1.10575400000E+00
   1.38510000000E-04   1.72526700000E-01   9.47864000000E-05   9.17500900000E-01
   1.25157000000E+00   4.75624000000E-05   1.04998400000E+00   6.57246700000E-01
   2.04316000000E-05   4.79001800000E-01   1.10252000000E-05   7.77740000000E-06
   5.29588000000E-06   1.29017000000E+00   2.28106000000E-06   1.38210000000E-06
   7.69568000000E-07   3.81281000000E-07   1.55863000000E-07   4.44497000000E-08
   5.30045000000E-09   5.82417700000E-01   0.00000000000E+00   7.65556220000E-04
   1.22479283000E-02   3.28725475000E-02   5.36611267000E-02   6.65329065000E-02
   6.72519623000E-02   7.74108824000E-02   8.73292557000E-02   1.16848908000E-01
   1.65111656000E-01   2.31171869000E-01   3.33758390000E-01   3.89053013000E-01
   3.97686273000E-01   4.06317347000E-01   4.52197130000E-01   5.60650671000E-01
   6.23231547000E-01   6.75733123000E-01   7.61094654000E-01   7.93958010000E-01
   8.17909120000E-01   8.41859761000E-01   8.41860701000E-01   8.41861354000E-01
   9.06370117000E-01   9.70878728000E-01   9.70878911000E-01   9.70879019000E-01
   9.70879077000E-01   9.70879103000E-01   9.70879113000E-01   9.70879116000E-01
   1.00000000000E+00                   0                   0                   0
                   0                   0                   0                   0
                   0                   0                   0                   0
                   0                   0                   0                   0
                   0                   0                   0                   0
                   0                   0                   0                   0
                   0                   0                   0                   0
                   0                   0                   0                   0
                   0                   0                   0                   0
                   0                   0                   0                   0
                   0                   0                   0                   0
                   0                   0                   0                   0
                   0                   0                   0                   0
                   0                   0                   0                   0
                   0                   0                   0                   0
                   0                   0                   0                   0
                   0                   0                   0                   0
                   0                   0                   0                   0
                   0                   0                   0                   0
                   0                   0                   0                   0
                   0                   0                   0                   0
                   0                   0                   0                   0
                   0                   0                   0                   0
                   0                   0                   0                   0
                   0                   0                   0                   0
                   0                   0                   0                   0
                   0                   0                   0                   0
                   0                   0                   0                   0
                   0                   0                   0                   0
                   0                   0                   0                   0
                   0                   0                   0                   0
                   0                   0                   0                   0
                   0                   0                   0                   0
                   0                   0                   0                   0
                   0                   0                   0                   0
