 46104.00u  103.011400  0.0000E+00   05/27/20
Ace Pd104 IAEA-PD                                                        mat4631
      0         0.      0         0.      0         0.      0         0.
      0         0.      0         0.      0         0.      0         0.
      0         0.      0         0.      0         0.      0         0.
      0         0.      0         0.      0         0.      0         0.
   309308    46104       89        1        7        2       12        0
        0        0        0        0        0        0        0        1
        1       90       90        0      179      268      269      270
      271      362      446        0        0        0        0        0
        0        0        0        0        0        0        0        0
        0        0        0        0        0        0        0        0
   9.99999000000E-01   1.00000000000E+00   1.50000000000E+00   2.00000000000E+00
   2.50000000000E+00   3.00000000000E+00   3.50000000000E+00   4.00000000000E+00
   4.50000000000E+00   5.00000000000E+00   5.50000000000E+00   6.00000000000E+00
   6.50000000000E+00   7.00000000000E+00   7.50000000000E+00   8.00000000000E+00
   8.50000000000E+00   9.00000000000E+00   9.50000000000E+00   1.00000000000E+01
   1.05000000000E+01   1.10000000000E+01   1.15000000000E+01   1.20000000000E+01
   1.25000000000E+01   1.30000000000E+01   1.35000000000E+01   1.40000000000E+01
   1.45000000000E+01   1.50000000000E+01   1.55000000000E+01   1.60000000000E+01
   1.65000000000E+01   1.70000000000E+01   1.75000000000E+01   1.80000000000E+01
   1.85000000000E+01   1.90000000000E+01   1.95000000000E+01   2.00000000000E+01
   2.10000000000E+01   2.20000000000E+01   2.30000000000E+01   2.40000000000E+01
   2.50000000000E+01   2.60000000000E+01   2.70000000000E+01   2.80000000000E+01
   2.90000000000E+01   3.00000000000E+01   3.20000000000E+01   3.40000000000E+01
   3.60000000000E+01   3.80000000000E+01   4.00000000000E+01   4.20000000000E+01
   4.40000000000E+01   4.60000000000E+01   4.80000000000E+01   5.00000000000E+01
   5.20000000000E+01   5.40000000000E+01   5.60000000000E+01   5.80000000000E+01
   6.00000000000E+01   6.20000000000E+01   6.40000000000E+01   6.60000000000E+01
   6.80000000000E+01   7.00000000000E+01   7.20000000000E+01   7.40000000000E+01
   7.60000000000E+01   7.80000000000E+01   8.00000000000E+01   8.50000000000E+01
   9.00000000000E+01   9.50000000000E+01   1.00000000000E+02   1.10000000000E+02
   1.20000000000E+02   1.30000000000E+02   1.40000000000E+02   1.50000000000E+02
   1.60000000000E+02   1.70000000000E+02   1.80000000000E+02   1.90000000000E+02
   2.00000000000E+02   0.00000000000E+00   1.23269400000E-05   3.47742900000E-05
   7.50723400000E-05   1.39488000000E-04   2.35510400000E-04   3.72320100000E-04
   5.61431500000E-04   8.17598600000E-04   1.16009000000E-03   1.61440900000E-03
   2.21429500000E-03   3.00301100000E-03   4.03058600000E-03   5.34010900000E-03
   6.94158700000E-03   8.81274200000E-03   1.09926300000E-02   1.36863700000E-02
   1.72342000000E-02   2.20481900000E-02   2.86361200000E-02   3.76736400000E-02
   5.00633000000E-02   6.69089300000E-02   8.92262100000E-02   1.16999900000E-01
   1.47343700000E-01   1.73507400000E-01   1.88799100000E-01   1.92926100000E-01
   1.90791000000E-01   1.86033500000E-01   1.78822900000E-01   1.68124700000E-01
   1.54057300000E-01   1.38123200000E-01   1.22123100000E-01   1.07317800000E-01
   9.42835200000E-02   7.35090800000E-02   5.87109600000E-02   4.80789800000E-02
   4.02572800000E-02   3.43498400000E-02   2.97775200000E-02   2.61621000000E-02
   2.32512700000E-02   2.08724500000E-02   1.89046400000E-02   1.58771900000E-02
   1.37086400000E-02   1.21298700000E-02   1.09709600000E-02   1.01177800000E-02
   9.49007600000E-03   9.02961300000E-03   8.69332400000E-03   8.44897900000E-03
   8.27231000000E-03   8.14498400000E-03   8.05313500000E-03   7.98627200000E-03
   7.93646800000E-03   7.89774200000E-03   7.86560100000E-03   7.83668100000E-03
   7.80848800000E-03   7.77919100000E-03   7.74747000000E-03   7.71239900000E-03
   7.67335100000E-03   7.62993700000E-03   7.58194600000E-03   7.52930600000E-03
   7.37780000000E-03   7.20013500000E-03   7.00049900000E-03   6.78390800000E-03
   6.32134000000E-03   5.85524300000E-03   5.42626400000E-03   5.07188400000E-03
   4.63172700000E-03   4.25161700000E-03   3.92068000000E-03   3.63045400000E-03
   3.37426600000E-03   3.14678600000E-03   0.00000000000E+00   1.00000000000E+00
   1.02788000000E+00   1.05576100000E+00   1.08364200000E+00   1.11152300000E+00
   8.00482900000E-01   3.94078800000E-01   3.65919200000E-01   3.50083600000E-01
   3.31676700000E-01   2.97163100000E-01   3.01754500000E-01   2.83234400000E-01
   2.41642300000E-01   1.79299700000E-01   1.71895800000E-01   1.54845100000E-01
   1.28880900000E-01   4.78200900000E+00   8.51429200000E+00   8.14718700000E+00
   9.01180900000E+00   9.95783200000E+00   1.00309100000E+01   1.00504500000E+01
   1.00273300000E+01   9.97131800000E+00   1.00034300000E+01   1.00205100000E+01
   1.00247700000E+01   1.00127600000E+01   1.00746200000E+01   1.01229300000E+01
   1.01582900000E+01   1.04314200000E+01   1.16681700000E+01   1.26959100000E+01
   1.35548600000E+01   1.40742800000E+01   1.46244300000E+01   1.52815200000E+01
   1.56191100000E+01   1.59515100000E+01   1.62176800000E+01   1.64840500000E+01
   1.67632100000E+01   1.70379600000E+01   1.75014600000E+01   1.80488800000E+01
   1.98294100000E+01   2.14329500000E+01   2.29435300000E+01   2.41588400000E+01
   2.53418600000E+01   2.66164800000E+01   2.78671200000E+01   2.91584700000E+01
   3.04197200000E+01   3.16686400000E+01   3.28738900000E+01   3.41342500000E+01
   3.53657900000E+01   3.65880800000E+01   3.77967200000E+01   3.90032300000E+01
   4.02451300000E+01   4.14060300000E+01   4.25987700000E+01   4.37624700000E+01
   4.49810600000E+01   4.61658600000E+01   4.73522200000E+01   4.85289700000E+01
   4.96499500000E+01   5.26192900000E+01   5.54107900000E+01   5.83035500000E+01
   6.10413200000E+01   6.67674300000E+01   7.22635200000E+01   7.82967400000E+01
   8.36853400000E+01   8.93994000000E+01   9.52004000000E+01   1.01068800000E+02
   1.06836700000E+02   1.12738100000E+02   1.18588400000E+02                   5
   0.00000000000E+00                   1                   1                  89
   0.00000000000E+00   1.23269400000E-05   3.47742900000E-05   7.50723400000E-05
   1.39488000000E-04   2.35510400000E-04   3.72320100000E-04   5.61431500000E-04
   8.17598600000E-04   1.16009000000E-03   1.61440900000E-03   2.21429500000E-03
   3.00301100000E-03   4.03058600000E-03   5.34010900000E-03   6.94158700000E-03
   8.81274200000E-03   1.09926300000E-02   1.36863700000E-02   1.72342000000E-02
   2.20481900000E-02   2.86361200000E-02   3.76736400000E-02   5.00633000000E-02
   6.69089300000E-02   8.92262100000E-02   1.16999900000E-01   1.47343700000E-01
   1.73507400000E-01   1.88799100000E-01   1.92926100000E-01   1.90791000000E-01
   1.86033500000E-01   1.78822900000E-01   1.68124700000E-01   1.54057300000E-01
   1.38123200000E-01   1.22123100000E-01   1.07317800000E-01   9.42835200000E-02
   7.35090800000E-02   5.87109600000E-02   4.80789800000E-02   4.02572800000E-02
   3.43498400000E-02   2.97775200000E-02   2.61621000000E-02   2.32512700000E-02
   2.08724500000E-02   1.89046400000E-02   1.58771900000E-02   1.37086400000E-02
   1.21298700000E-02   1.09709600000E-02   1.01177800000E-02   9.49007600000E-03
   9.02961300000E-03   8.69332400000E-03   8.44897900000E-03   8.27231000000E-03
   8.14498400000E-03   8.05313500000E-03   7.98627200000E-03   7.93646800000E-03
   7.89774200000E-03   7.86560100000E-03   7.83668100000E-03   7.80848800000E-03
   7.77919100000E-03   7.74747000000E-03   7.71239900000E-03   7.67335100000E-03
   7.62993700000E-03   7.58194600000E-03   7.52930600000E-03   7.37780000000E-03
   7.20013500000E-03   7.00049900000E-03   6.78390800000E-03   6.32134000000E-03
   5.85524300000E-03   5.42626400000E-03   5.07188400000E-03   4.63172700000E-03
   4.25161700000E-03   3.92068000000E-03   3.63045400000E-03   3.37426600000E-03
   3.14678600000E-03                   1                   1                 446
                 518                 590                 591                 592
                 593                 739                 740                 740
                 741                   2                   1               51332
               51423               51514               51515               51516
               51517               51691               51692               51692
               51693                   9                   1               65348
               65423               65498               65499               65500
               65501               65653               65654               65654
               65655                  31                   1              117754
              117815              117876              117877              117878
              117879              118003              118004              118004
              118005                  32                   1              160691
              160750              160809              160810              160811
              160812              160930              160931              160931
              160932                  33                   1              202930
              202988              203046              203047              203048
              203049              203169              203170              203170
              203171                  34                   1              245323
              245409              245495              245496              245497
              245498              245674              245675              245675
              245676                  20                  70   0.00000000000E+00
   2.15400000000E-02   2.83790200000E-02   3.73860800000E-02   4.96683100000E-02
   6.63666400000E-02   8.84942300000E-02   1.16032000000E-01   1.46107800000E-01
   1.72018800000E-01   1.87140000000E-01   1.91203300000E-01   1.89059700000E-01
   1.84289500000E-01   1.77062100000E-01   1.66352800000E-01   1.60341800000E-01
   1.64126100000E-01   1.61543500000E-01   1.53459700000E-01   1.41468700000E-01
   1.17166100000E-01   9.59263100000E-02   7.94400300000E-02   6.68059900000E-02
   5.71117600000E-02   4.95321400000E-02   4.34798700000E-02   3.85850600000E-02
   3.47040400000E-02   3.20420000000E-02   2.83817900000E-02   2.55692000000E-02
   2.33133600000E-02   2.15441000000E-02   2.02795200000E-02   1.94549900000E-02
   1.89310100000E-02   1.86757000000E-02   1.85501500000E-02   1.85408300000E-02
   1.85489400000E-02   1.86579400000E-02   1.88391800000E-02   1.90357200000E-02
   1.92553800000E-02   1.94950700000E-02   1.96902800000E-02   1.99401800000E-02
   2.01565600000E-02   2.03441400000E-02   2.05251400000E-02   2.06765200000E-02
   2.08272300000E-02   2.09431000000E-02   2.10941400000E-02   2.12701000000E-02
   2.14156300000E-02   2.13692700000E-02   2.12802400000E-02   2.08429700000E-02
   2.02218700000E-02   1.95708800000E-02   1.92655900000E-02   1.83021600000E-02
   1.73895500000E-02   1.65925700000E-02   1.58872600000E-02   1.52047900000E-02
   1.45964300000E-02                  20                  70   0.00000000000E+00
   2.54434800000E-01   5.21052500000E-01   7.85069800000E-01   1.04810800000E+00
   1.12364800000E+00   1.19929400000E+00   1.27496400000E+00   1.35056100000E+00
   1.38290700000E+00   1.41521700000E+00   1.44760900000E+00   1.47998900000E+00
   1.51689400000E+00   1.55350800000E+00   1.58973200000E+00   1.71145200000E+00
   1.95574100000E+00   2.17917100000E+00   2.35787900000E+00   2.47640900000E+00
   2.86849400000E+00   3.18427000000E+00   3.57385600000E+00   3.94466700000E+00
   4.28811700000E+00   4.62612800000E+00   4.94734300000E+00   5.26483300000E+00
   5.53287200000E+00   5.90313200000E+00   6.66502700000E+00   7.44606900000E+00
   8.17943900000E+00   8.89122100000E+00   9.62017800000E+00   1.03415400000E+01
   1.10896200000E+01   1.18435000000E+01   1.25948900000E+01   1.33631300000E+01
   1.41228100000E+01   1.48869100000E+01   1.56858800000E+01   1.64741700000E+01
   1.72798200000E+01   1.80784100000E+01   1.88458400000E+01   1.96814400000E+01
   2.05052000000E+01   2.13232000000E+01   2.21290400000E+01   2.29304800000E+01
   2.37606700000E+01   2.45820600000E+01   2.54780800000E+01   2.74965500000E+01
   2.96866800000E+01   3.17693200000E+01   3.39851600000E+01   3.81926500000E+01
   4.25914000000E+01   4.64444100000E+01   5.09843900000E+01   5.51516400000E+01
   5.92747300000E+01   6.32493400000E+01   6.73846500000E+01   7.13182600000E+01
   7.54027100000E+01                   5                  -1                   1
                   6                   5                   0                  71
   1.00000000000E+00   1.00092300000E+01   1.05000000000E+01   1.10000000000E+01
   1.15000000000E+01   1.20000000000E+01   1.25000000000E+01   1.30000000000E+01
   1.35000000000E+01   1.40000000000E+01   1.45000000000E+01   1.50000000000E+01
   1.55000000000E+01   1.60000000000E+01   1.65000000000E+01   1.70000000000E+01
   1.75000000000E+01   1.80000000000E+01   1.85000000000E+01   1.90000000000E+01
   1.95000000000E+01   2.00000000000E+01   2.10000000000E+01   2.20000000000E+01
   2.30000000000E+01   2.40000000000E+01   2.50000000000E+01   2.60000000000E+01
   2.70000000000E+01   2.80000000000E+01   2.90000000000E+01   3.00000000000E+01
   3.20000000000E+01   3.40000000000E+01   3.60000000000E+01   3.80000000000E+01
   4.00000000000E+01   4.20000000000E+01   4.40000000000E+01   4.60000000000E+01
   4.80000000000E+01   5.00000000000E+01   5.20000000000E+01   5.40000000000E+01
   5.60000000000E+01   5.80000000000E+01   6.00000000000E+01   6.20000000000E+01
   6.40000000000E+01   6.60000000000E+01   6.80000000000E+01   7.00000000000E+01
   7.20000000000E+01   7.40000000000E+01   7.60000000000E+01   7.80000000000E+01
   8.00000000000E+01   8.50000000000E+01   9.00000000000E+01   9.50000000000E+01
   1.00000000000E+02   1.10000000000E+02   1.20000000000E+02   1.30000000000E+02
   1.40000000000E+02   1.50000000000E+02   1.60000000000E+02   1.70000000000E+02
   1.80000000000E+02   1.90000000000E+02   2.00000000000E+02   0.00000000000E+00
   0.00000000000E+00   9.76950900000E-01   9.91021800000E-01   9.92367100000E-01
   9.92110200000E-01   9.91895100000E-01   9.91796400000E-01   9.91727300000E-01
   9.91612100000E-01   9.91420500000E-01   9.91212400000E-01   9.91070200000E-01
   9.90925700000E-01   9.90625300000E-01   9.90153400000E-01   9.89460800000E-01
   1.04079300000E+00   1.18825900000E+00   1.32279200000E+00   1.42995600000E+00
   1.50046100000E+00   1.59390000000E+00   1.63387400000E+00   1.65228200000E+00
   1.65947600000E+00   1.66265000000E+00   1.66340700000E+00   1.66194100000E+00
   1.65948200000E+00   1.66267200000E+00   1.69492800000E+00   1.78758300000E+00
   1.86518900000E+00   1.92197900000E+00   1.96373900000E+00   2.00434500000E+00
   2.05003500000E+00   2.09654700000E+00   2.14828100000E+00   2.19554900000E+00
   2.24131200000E+00   2.27734500000E+00   2.31685400000E+00   2.35894500000E+00
   2.39851300000E+00   2.43808700000E+00   2.47852300000E+00   2.51257900000E+00
   2.55365400000E+00   2.59108700000E+00   2.62590800000E+00   2.66131700000E+00
   2.69458800000E+00   2.72967300000E+00   2.76223300000E+00   2.80160500000E+00
   2.88298700000E+00   2.97433700000E+00   3.05253500000E+00   3.13687000000E+00
   3.29723900000E+00   3.45363500000E+00   3.60669500000E+00   3.79850800000E+00
   3.95147600000E+00   4.09010300000E+00   4.23206400000E+00   4.37610800000E+00
   4.50610300000E+00   4.63852000000E+00                   0                   1
                   0                   4                  10                   0
                   2   1.00000000000E+00   2.00000000000E+02   1.00000000000E+00
   1.00000000000E+00                   0                  30   1.00000000000E+00
   1.00092300000E+01   1.20000000000E+01   1.40000000000E+01   1.60000000000E+01
   1.80000000000E+01   2.00000000000E+01   2.20000000000E+01   2.40000000000E+01
   2.60000000000E+01   2.80000000000E+01   3.00000000000E+01   3.20000000000E+01
   3.60000000000E+01   4.00000000000E+01   4.40000000000E+01   4.80000000000E+01
   5.00000000000E+01   5.20000000000E+01   5.60000000000E+01   6.00000000000E+01
   7.00000000000E+01   8.00000000000E+01   9.00000000000E+01   1.00000000000E+02
   1.20000000000E+02   1.40000000000E+02   1.60000000000E+02   1.80000000000E+02
   2.00000000000E+02                  72                 101                 130
                 330                 710                1350                2111
                3114                4208                5380                6604
                7893                9221               10588               12020
               13747               15519               17336               19168
               21015               22892               24799               27028
               29291               31858               34463               37405
               40650               43941               47255                   2
                   3   0.00000000000E+00   5.00000000000E-07   1.00000000000E-06
   0.00000000000E+00   2.00000000000E+06   0.00000000000E+00   0.00000000000E+00
   5.00000000000E-01   1.00000000000E+00                   0                   0
                   0                   0                   0                   0
                   0                   0                   0                   0
                   0                   0                   0                   0
                   0                   0                   0                   0
                   2                   3   0.00000000000E+00   5.00000000000E-07
   1.00000000000E-06   0.00000000000E+00   2.00000000000E+06   0.00000000000E+00
   0.00000000000E+00   5.00000000000E-01   1.00000000000E+00                   0
                   0                   0                   0                   0
                   0                   0                   0                   0
                   0                   0                   0                   0
                   0                   0                   0                   0
                   0                   2                  22   0.00000000000E+00
   2.50000000000E-02   1.00000000000E-01   2.00000000000E-01   3.00000000000E-01
   4.00000000000E-01   5.00000000000E-01   6.00000000000E-01   7.00000000000E-01
   8.00000000000E-01   9.00000000000E-01   1.00000000000E+00   1.10000000000E+00
   1.20000000000E+00   1.30000000000E+00   1.40000000000E+00   1.50000000000E+00
   1.60000000000E+00   1.70000000000E+00   1.80000000000E+00   1.90000000000E+00
   2.00000000000E+00   0.00000000000E+00   6.51991700000E-02   2.58268700000E-01
   4.22612900000E-01   4.93449900000E-01   5.13886700000E-01   5.09382600000E-01
   4.93106600000E-01   4.71646900000E-01   4.48224200000E-01   4.24341000000E-01
   4.02102700000E-01   1.16824800000E+00   3.01359900000E-01   8.22723800000E-01
   3.29150800000E-01   1.63322500000E+00   1.60273000000E-06   5.40879000000E-07
   5.35157600000E-01   5.61572300000E-01   4.22444300000E-01   0.00000000000E+00
   8.14989634000E-04   1.29450349000E-02   4.69891153000E-02   9.27922558000E-02
   1.43159086000E-01   1.94322552000E-01   2.44447012000E-01   2.92684688000E-01
   3.38678243000E-01   3.82306504000E-01   4.23628689000E-01   5.02146225000E-01
   5.75626621000E-01   6.31830807000E-01   6.89424537000E-01   7.87543328000E-01
   8.69204659000E-01   8.69204767000E-01   8.95962674000E-01   9.50799169000E-01
   1.00000000000E+00                   0                   0                   0
                   0                   0                   0                   0
                   0                   0                   0                   0
                   0                   0                   0                   0
                   0                   0                   0                   0
                   0                   0                   0                   0
                   0                   0                   0                   0
                   0                   0                   0                   0
                   0                   0                   0                   0
                   0                   0                   0                   0
                   0                   0                   0                   0
                   0                   0                   0                   0
                   0                   0                   0                   0
                   0                   0                   0                   0
                   0                   0                   0                   0
                   0                   0                   0                   0
                   0                   0                   0                   0
                   0                   0                   0                   0
                   0                   0                   0                   0
                   0                   0                   0                   0
                   0                   0                   0                   0
                   0                   0                   0                   0
                   0                   0                   0                   0
                   0                   0                   0                   0
                   0
