 46102.00u  101.030200  0.0000E+00   06/19/20
Ace Pd102 IAEA-PD                                                        mat4625
      0         0.      0         0.      0         0.      0         0.
      0         0.      0         0.      0         0.      0         0.
      0         0.      0         0.      0         0.      0         0.
      0         0.      0         0.      0         0.      0         0.
   311069    46102       89        1        7        2       12        0
        0        0        0        0        0        0        0        1
        1       90       90        0      179      268      269      270
      271      362      446        0        0        0        0        0
        0        0        0        0        0        0        0        0
        0        0        0        0        0        0        0        0
   9.99999000000E-01   1.00000000000E+00   1.50000000000E+00   2.00000000000E+00
   2.50000000000E+00   3.00000000000E+00   3.50000000000E+00   4.00000000000E+00
   4.50000000000E+00   5.00000000000E+00   5.50000000000E+00   6.00000000000E+00
   6.50000000000E+00   7.00000000000E+00   7.50000000000E+00   8.00000000000E+00
   8.50000000000E+00   9.00000000000E+00   9.50000000000E+00   1.00000000000E+01
   1.05000000000E+01   1.10000000000E+01   1.15000000000E+01   1.20000000000E+01
   1.25000000000E+01   1.30000000000E+01   1.35000000000E+01   1.40000000000E+01
   1.45000000000E+01   1.50000000000E+01   1.55000000000E+01   1.60000000000E+01
   1.65000000000E+01   1.70000000000E+01   1.75000000000E+01   1.80000000000E+01
   1.85000000000E+01   1.90000000000E+01   1.95000000000E+01   2.00000000000E+01
   2.10000000000E+01   2.20000000000E+01   2.30000000000E+01   2.40000000000E+01
   2.50000000000E+01   2.60000000000E+01   2.70000000000E+01   2.80000000000E+01
   2.90000000000E+01   3.00000000000E+01   3.20000000000E+01   3.40000000000E+01
   3.60000000000E+01   3.80000000000E+01   4.00000000000E+01   4.20000000000E+01
   4.40000000000E+01   4.60000000000E+01   4.80000000000E+01   5.00000000000E+01
   5.20000000000E+01   5.40000000000E+01   5.60000000000E+01   5.80000000000E+01
   6.00000000000E+01   6.20000000000E+01   6.40000000000E+01   6.60000000000E+01
   6.80000000000E+01   7.00000000000E+01   7.20000000000E+01   7.40000000000E+01
   7.60000000000E+01   7.80000000000E+01   8.00000000000E+01   8.50000000000E+01
   9.00000000000E+01   9.50000000000E+01   1.00000000000E+02   1.10000000000E+02
   1.20000000000E+02   1.30000000000E+02   1.40000000000E+02   1.50000000000E+02
   1.60000000000E+02   1.70000000000E+02   1.80000000000E+02   1.90000000000E+02
   2.00000000000E+02   0.00000000000E+00   1.20488600000E-05   3.39134600000E-05
   7.30917900000E-05   1.35622200000E-04   2.28705100000E-04   3.61145000000E-04
   5.43956300000E-04   7.91215100000E-04   1.12126100000E-03   1.55832900000E-03
   2.13447700000E-03   2.89095000000E-03   3.87598500000E-03   5.13239900000E-03
   6.67146300000E-03   8.46598500000E-03   1.05326300000E-02   1.30447100000E-02
   1.63135400000E-02   2.07146400000E-02   2.66954300000E-02   3.48377800000E-02
   4.59162500000E-02   6.09037300000E-02   8.08186600000E-02   1.06153100000E-01
   1.35529100000E-01   1.64164400000E-01   1.85167900000E-01   1.94980700000E-01
   1.95865800000E-01   1.91502700000E-01   1.83264500000E-01   1.71146700000E-01
   1.55840100000E-01   1.39038500000E-01   1.22512000000E-01   1.07417800000E-01
   9.42370800000E-02   7.33690500000E-02   5.85663200000E-02   4.79474200000E-02
   4.01390300000E-02   3.42417300000E-02   2.96764100000E-02   2.60654900000E-02
   2.31572800000E-02   2.07797300000E-02   1.88122100000E-02   1.57835500000E-02
   1.36126100000E-02   1.20311400000E-02   1.08696600000E-02   1.00141800000E-02
   9.38445000000E-03   8.92221100000E-03   8.58434600000E-03   8.33859100000E-03
   8.16065400000E-03   8.03218800000E-03   7.93932400000E-03   7.87157000000E-03
   7.82100300000E-03   7.78164400000E-03   7.74900100000E-03   7.71971400000E-03
   7.69128700000E-03   7.66188800000E-03   7.63019600000E-03   7.59527900000E-03
   7.55650900000E-03   7.51349000000E-03   7.46600600000E-03   7.41397800000E-03
   7.26442700000E-03   7.08924100000E-03   6.89250100000E-03   6.67912200000E-03
   6.22353900000E-03   5.76455900000E-03   5.34216700000E-03   4.99323900000E-03
   4.55988600000E-03   4.18565600000E-03   3.85984100000E-03   3.57411100000E-03
   3.32189300000E-03   3.09793800000E-03   0.00000000000E+00   1.00000000000E+00
   1.02422200000E+00   1.04844400000E+00   1.07266700000E+00   1.09689000000E+00
   8.19473400000E-01   4.38972800000E-01   4.22653300000E-01   4.13194000000E-01
   4.02176400000E-01   3.79998600000E-01   3.81142100000E-01   3.63669800000E-01
   3.26534400000E-01   2.70633900000E-01   2.62751900000E-01   2.45570300000E-01
   2.20818900000E-01   1.97456900000E-01   2.54880300000E+00   9.99760900000E+00
   9.77447800000E+00   1.05242500000E+01   1.05521500000E+01   1.06066800000E+01
   1.06119400000E+01   1.05657400000E+01   1.06635500000E+01   1.07129600000E+01
   1.07209800000E+01   1.07008200000E+01   1.07311100000E+01   1.07517300000E+01
   1.07580600000E+01   1.07497800000E+01   1.09625100000E+01   1.12382800000E+01
   1.21898300000E+01   1.32868600000E+01   1.52229100000E+01   1.63789500000E+01
   1.70188700000E+01   1.77222300000E+01   1.81830100000E+01   1.86745000000E+01
   1.90239500000E+01   1.93472900000E+01   1.96765900000E+01   2.00280100000E+01
   2.17005500000E+01   2.40889100000E+01   2.62110000000E+01   2.74888700000E+01
   2.86999000000E+01   2.98393300000E+01   3.10119200000E+01   3.25647000000E+01
   3.40636700000E+01   3.55940400000E+01   3.69652600000E+01   3.82624200000E+01
   3.95670900000E+01   4.09340100000E+01   4.22859800000E+01   4.36480700000E+01
   4.49906000000E+01   4.63146300000E+01   4.76378800000E+01   4.89543000000E+01
   5.02654700000E+01   5.15689900000E+01   5.28640500000E+01   5.41550700000E+01
   5.54550400000E+01   5.86966100000E+01   6.19277300000E+01   6.50871700000E+01
   6.82734400000E+01   7.46571800000E+01   8.09379900000E+01   8.73750000000E+01
   9.37164300000E+01   1.00291900000E+02   1.06746000000E+02   1.13336300000E+02
   1.19891100000E+02   1.30728700000E+02   1.39436900000E+02                   5
   0.00000000000E+00                   1                   1                  89
   0.00000000000E+00   1.20488600000E-05   3.39134600000E-05   7.30917900000E-05
   1.35622200000E-04   2.28705100000E-04   3.61145000000E-04   5.43956300000E-04
   7.91215100000E-04   1.12126100000E-03   1.55832900000E-03   2.13447700000E-03
   2.89095000000E-03   3.87598500000E-03   5.13239900000E-03   6.67146300000E-03
   8.46598500000E-03   1.05326300000E-02   1.30447100000E-02   1.63135400000E-02
   2.07146400000E-02   2.66954300000E-02   3.48377800000E-02   4.59162500000E-02
   6.09037300000E-02   8.08186600000E-02   1.06153100000E-01   1.35529100000E-01
   1.64164400000E-01   1.85167900000E-01   1.94980700000E-01   1.95865800000E-01
   1.91502700000E-01   1.83264500000E-01   1.71146700000E-01   1.55840100000E-01
   1.39038500000E-01   1.22512000000E-01   1.07417800000E-01   9.42370800000E-02
   7.33690500000E-02   5.85663200000E-02   4.79474200000E-02   4.01390300000E-02
   3.42417300000E-02   2.96764100000E-02   2.60654900000E-02   2.31572800000E-02
   2.07797300000E-02   1.88122100000E-02   1.57835500000E-02   1.36126100000E-02
   1.20311400000E-02   1.08696600000E-02   1.00141800000E-02   9.38445000000E-03
   8.92221100000E-03   8.58434600000E-03   8.33859100000E-03   8.16065400000E-03
   8.03218800000E-03   7.93932400000E-03   7.87157000000E-03   7.82100300000E-03
   7.78164400000E-03   7.74900100000E-03   7.71971400000E-03   7.69128700000E-03
   7.66188800000E-03   7.63019600000E-03   7.59527900000E-03   7.55650900000E-03
   7.51349000000E-03   7.46600600000E-03   7.41397800000E-03   7.26442700000E-03
   7.08924100000E-03   6.89250100000E-03   6.67912200000E-03   6.22353900000E-03
   5.76455900000E-03   5.34216700000E-03   4.99323900000E-03   4.55988600000E-03
   4.18565600000E-03   3.85984100000E-03   3.57411100000E-03   3.32189300000E-03
   3.09793800000E-03                   1                   1                 446
                 517                 588                 589                 590
                 591                 735                 736                 736
                 737                   2                   1               50428
               50519               50610               50611               50612
               50613               50787               50788               50788
               50789                   9                   1               64453
               64530               64607               64608               64609
               64610               64764               64765               64765
               64766                  31                   1              117928
              117990              118052              118053              118054
              118055              118179              118180              118180
              118181                  32                   1              161458
              161516              161574              161575              161576
              161577              161693              161694              161694
              161695                  33                   1              203354
              203415              203476              203477              203478
              203479              203603              203604              203604
              203605                  34                   1              246541
              246628              246715              246716              246717
              246718              246894              246895              246895
              246896                  21                  69   0.00000000000E+00
   2.60048800000E-02   3.42992400000E-02   4.52093200000E-02   5.96427200000E-02
   7.85368300000E-02   1.02221600000E-01   1.29278400000E-01   1.55334900000E-01
   1.74249200000E-01   1.82913000000E-01   1.83472900000E-01   1.79358300000E-01
   1.71882300000E-01   1.60763800000E-01   1.46535700000E-01   1.30843800000E-01
   1.16773900000E-01   1.15807500000E-01   1.17081800000E-01   1.07961200000E-01
   9.30954400000E-02   7.87902700000E-02   6.65119000000E-02   5.64510500000E-02
   4.84602400000E-02   4.20178800000E-02   3.68893400000E-02   3.28081800000E-02
   2.94599600000E-02   2.55205000000E-02   2.39405700000E-02   2.24394400000E-02
   2.08109900000E-02   1.93875900000E-02   1.83008300000E-02   1.76630900000E-02
   1.74312100000E-02   1.74338600000E-02   1.74492600000E-02   1.74754800000E-02
   1.74514400000E-02   1.75224700000E-02   1.77069200000E-02   1.79408600000E-02
   1.82194800000E-02   1.84677800000E-02   1.86751700000E-02   1.88458000000E-02
   1.90320600000E-02   1.92053000000E-02   1.93867500000E-02   1.95482400000E-02
   1.96765400000E-02   1.97881700000E-02   1.99922000000E-02   2.00890600000E-02
   2.01154000000E-02   2.00236100000E-02   1.96513000000E-02   1.90590700000E-02
   1.84599500000E-02   1.79632600000E-02   1.70425800000E-02   1.62176500000E-02
   1.54946700000E-02   1.48197700000E-02   1.42300500000E-02   1.42772800000E-02
                  21                  69   0.00000000000E+00   2.54465300000E-01
   5.38173900000E-01   8.19215200000E-01   1.00724300000E+00   1.19046400000E+00
   1.36891600000E+00   1.54345200000E+00   1.49673900000E+00   1.45441800000E+00
   1.41587900000E+00   1.37982800000E+00   1.38826000000E+00   1.39885500000E+00
   1.40967400000E+00   1.41979600000E+00   1.39472300000E+00   1.38609000000E+00
   1.53772700000E+00   1.73746300000E+00   2.21706000000E+00   2.56702900000E+00
   2.84588700000E+00   3.06350300000E+00   3.27680500000E+00   3.47242200000E+00
   3.65207700000E+00   3.83052800000E+00   4.01404800000E+00   4.19711200000E+00
   4.60682100000E+00   5.22950800000E+00   5.77781900000E+00   6.38877700000E+00
   6.92304800000E+00   7.41929300000E+00   7.98427700000E+00   8.54353800000E+00
   9.16111200000E+00   9.77167900000E+00   1.03846800000E+01   1.09721300000E+01
   1.15981600000E+01   1.22211100000E+01   1.28780800000E+01   1.35656800000E+01
   1.42427800000E+01   1.49026100000E+01   1.55489400000E+01   1.62266700000E+01
   1.68878800000E+01   1.75795400000E+01   1.82783800000E+01   1.89721100000E+01
   1.96762100000E+01   2.14098500000E+01   2.32000100000E+01   2.49716600000E+01
   2.67593600000E+01   3.02368900000E+01   3.38098600000E+01   3.72426300000E+01
   4.07577600000E+01   4.40854900000E+01   4.75080500000E+01   5.07514200000E+01
   5.40015600000E+01   5.29971300000E+01   5.40126600000E+01                   5
                  -1                   1                   6                   5
                   0                  70   1.00000000000E+00   1.05423600000E+01
   1.10000000000E+01   1.15000000000E+01   1.20000000000E+01   1.25000000000E+01
   1.30000000000E+01   1.35000000000E+01   1.40000000000E+01   1.45000000000E+01
   1.50000000000E+01   1.55000000000E+01   1.60000000000E+01   1.65000000000E+01
   1.70000000000E+01   1.75000000000E+01   1.80000000000E+01   1.85000000000E+01
   1.90000000000E+01   1.95000000000E+01   2.00000000000E+01   2.10000000000E+01
   2.20000000000E+01   2.30000000000E+01   2.40000000000E+01   2.50000000000E+01
   2.60000000000E+01   2.70000000000E+01   2.80000000000E+01   2.90000000000E+01
   3.00000000000E+01   3.20000000000E+01   3.40000000000E+01   3.60000000000E+01
   3.80000000000E+01   4.00000000000E+01   4.20000000000E+01   4.40000000000E+01
   4.60000000000E+01   4.80000000000E+01   5.00000000000E+01   5.20000000000E+01
   5.40000000000E+01   5.60000000000E+01   5.80000000000E+01   6.00000000000E+01
   6.20000000000E+01   6.40000000000E+01   6.60000000000E+01   6.80000000000E+01
   7.00000000000E+01   7.20000000000E+01   7.40000000000E+01   7.60000000000E+01
   7.80000000000E+01   8.00000000000E+01   8.50000000000E+01   9.00000000000E+01
   9.50000000000E+01   1.00000000000E+02   1.10000000000E+02   1.20000000000E+02
   1.30000000000E+02   1.40000000000E+02   1.50000000000E+02   1.60000000000E+02
   1.70000000000E+02   1.80000000000E+02   1.90000000000E+02   2.00000000000E+02
   0.00000000000E+00   0.00000000000E+00   9.74132300000E-01   9.84541500000E-01
   9.84603900000E-01   9.79295000000E-01   9.71766100000E-01   9.62963900000E-01
   9.53879300000E-01   9.46215500000E-01   9.41033500000E-01   9.38108200000E-01
   9.36727600000E-01   9.36583700000E-01   9.37892000000E-01   9.39333300000E-01
   9.40295200000E-01   9.41061600000E-01   9.53163000000E-01   1.07810300000E+00
   1.24241800000E+00   1.47148200000E+00   1.58957300000E+00   1.64326400000E+00
   1.65703800000E+00   1.64860400000E+00   1.63295500000E+00   1.61201200000E+00
   1.59299100000E+00   1.57885500000E+00   1.56600200000E+00   1.61690500000E+00
   1.75870500000E+00   1.86511300000E+00   1.91459400000E+00   1.93601400000E+00
   1.95012300000E+00   1.97967600000E+00   2.03058100000E+00   2.09074400000E+00
   2.13821800000E+00   2.17568100000E+00   2.19810200000E+00   2.22604500000E+00
   2.26402200000E+00   2.30553600000E+00   2.35120400000E+00   2.39228800000E+00
   2.42809400000E+00   2.45968100000E+00   2.49430800000E+00   2.52858400000E+00
   2.56557000000E+00   2.60175200000E+00   2.63548400000E+00   2.66903500000E+00
   2.75206800000E+00   2.83373900000E+00   2.91844700000E+00   2.99794000000E+00
   3.15757600000E+00   3.30624900000E+00   3.45551700000E+00   3.59751700000E+00
   3.73750100000E+00   3.87457800000E+00   4.01432900000E+00   4.14642100000E+00
   4.28371700000E+00   4.60864000000E+00                   0                   1
                   0                   4                  10                   0
                   2   1.00000000000E+00   2.00000000000E+02   1.00000000000E+00
   1.00000000000E+00                   0                  30   1.00000000000E+00
   1.05423600000E+01   1.20000000000E+01   1.40000000000E+01   1.60000000000E+01
   1.80000000000E+01   2.00000000000E+01   2.20000000000E+01   2.40000000000E+01
   2.60000000000E+01   2.80000000000E+01   3.00000000000E+01   3.20000000000E+01
   3.60000000000E+01   4.00000000000E+01   4.40000000000E+01   4.80000000000E+01
   5.00000000000E+01   5.20000000000E+01   5.60000000000E+01   6.00000000000E+01
   7.00000000000E+01   8.00000000000E+01   9.00000000000E+01   1.00000000000E+02
   1.20000000000E+02   1.40000000000E+02   1.60000000000E+02   1.80000000000E+02
   2.00000000000E+02                  72                  95                 118
                 232                 630                1215                1921
                2872                3914                5034                6219
                7456                8745               10073               11479
               13161               14903               16690               18492
               20324               22186               24078               26273
               28519               31067               33653               36574
               39819               43087               46378                   2
                   3   0.00000000000E+00   5.00000000000E-07   1.00000000000E-06
   0.00000000000E+00   2.00000000000E+06   0.00000000000E+00   0.00000000000E+00
   5.00000000000E-01   1.00000000000E+00                   0                   0
                   0                   0                   0                   0
                   0                   0                   0                   0
                   0                   0                   2                   3
   0.00000000000E+00   5.00000000000E-07   1.00000000000E-06   0.00000000000E+00
   2.00000000000E+06   0.00000000000E+00   0.00000000000E+00   5.00000000000E-01
   1.00000000000E+00                   0                   0                   0
                   0                   0                   0                   0
                   0                   0                   0                   0
                   0                   2                  16   0.00000000000E+00
   2.50000000000E-02   1.00000000000E-01   2.00000000000E-01   3.00000000000E-01
   4.00000000000E-01   5.00000000000E-01   6.00000000000E-01   7.00000000000E-01
   8.00000000000E-01   9.00000000000E-01   1.00000000000E+00   1.10000000000E+00
   1.20000000000E+00   1.30000000000E+00   1.40000000000E+00   0.00000000000E+00
   4.53428500000E-02   1.78363600000E-01   8.04146900000E-01   5.98418600000E-01
   6.72808800000E-01   1.29078000000E-04   8.09412100000E-05   2.31619500000E+00
   1.06154200000E+00   1.41330000000E-05   1.56790400000E+00   2.28372000000E-06
   4.26108100000E-01   1.78807000000E+00   1.17168000000E+00   0.00000000000E+00
   5.66785670000E-04   8.95577821000E-03   5.80813021000E-02   1.28209578000E-01
   1.91770948000E-01   2.25417839000E-01   2.25428340000E-01   3.41242146000E-01
   5.10129010000E-01   5.63206821000E-01   6.41602733000E-01   7.19998054000E-01
   7.41303575000E-01   8.52012488000E-01   1.00000000000E+00                   0
                   0                   0                   0                   0
                   0                   0                   0                   0
                   0                   0                   0                   0
                   0                   0                   0                   0
                   0                   0                   0                   0
                   0                   0                   0                   0
                   0                   0                   0                   0
                   0                   0                   0                   0
                   0                   0                   0                   0
                   0                   0                   0                   0
                   0                   0                   0                   0
                   0                   0                   0                   0
                   0                   0                   0                   0
                   0                   0                   0                   0
                   0                   0                   0                   0
                   0                   0                   0                   2
                  36                   0                   0                   0
                   0                   0                   0                   1
                   1                   1                   1                   1
                   1                   1                   1                   1
                   1                   2                   2                   2
                   2                   2                   2                   2
                   2                   2                   2                   3
                   3                   3                   3                   3
                   3                   3                   3                   3
                   3                   0                   0                   0
                   0                   0                   0                   0
                   0                   0                   0                   0
                   0                   0                   0                   0
                   0                   0                   0                   0
                   0                   0                   0                   0
                   1                   0                   0                   0
                   0                   1                   1                   0
                   0                   0                   0                   0
                   0                   0                   0                   0
                   0                   0                   0                   0
                   0                   0                   0                   0
                   0                   0                   0                   0
                   1                   1                   1                   1
                   1                   1                   1                   1
   6.28862773000E-01   6.78165193000E-01                   1                   1
                   1                   1                   1                   1
                   1   9.08048197000E-01   9.26074850000E-01                   1
                   1                   0                   0                   0
                   0                   0                   0                   0
                   0                   0                   0                   0
                   0                   0                   0                   0
                   0                   0                   0                   0
                   0                   0                   0                   0
                   0                   0                   0                   0
                   0                   0                   0                   0
                   0                   0                   0
