 46106.00u  104.993700  0.0000E+00   06/19/20
Ace Pd106 IAEA-PD                                                        mat4637
      0         0.      0         0.      0         0.      0         0.
      0         0.      0         0.      0         0.      0         0.
      0         0.      0         0.      0         0.      0         0.
      0         0.      0         0.      0         0.      0         0.
   307388    46106       89        1        7        2       12        0
        0        0        0        0        0        0        0        1
        1       90       90        0      179      268      269      270
      271      362      446        0        0        0        0        0
        0        0        0        0        0        0        0        0
        0        0        0        0        0        0        0        0
   9.99999000000E-01   1.00000000000E+00   1.50000000000E+00   2.00000000000E+00
   2.50000000000E+00   3.00000000000E+00   3.50000000000E+00   4.00000000000E+00
   4.50000000000E+00   5.00000000000E+00   5.50000000000E+00   6.00000000000E+00
   6.50000000000E+00   7.00000000000E+00   7.50000000000E+00   8.00000000000E+00
   8.50000000000E+00   9.00000000000E+00   9.50000000000E+00   1.00000000000E+01
   1.05000000000E+01   1.10000000000E+01   1.15000000000E+01   1.20000000000E+01
   1.25000000000E+01   1.30000000000E+01   1.35000000000E+01   1.40000000000E+01
   1.45000000000E+01   1.50000000000E+01   1.55000000000E+01   1.60000000000E+01
   1.65000000000E+01   1.70000000000E+01   1.75000000000E+01   1.80000000000E+01
   1.85000000000E+01   1.90000000000E+01   1.95000000000E+01   2.00000000000E+01
   2.10000000000E+01   2.20000000000E+01   2.30000000000E+01   2.40000000000E+01
   2.50000000000E+01   2.60000000000E+01   2.70000000000E+01   2.80000000000E+01
   2.90000000000E+01   3.00000000000E+01   3.20000000000E+01   3.40000000000E+01
   3.60000000000E+01   3.80000000000E+01   4.00000000000E+01   4.20000000000E+01
   4.40000000000E+01   4.60000000000E+01   4.80000000000E+01   5.00000000000E+01
   5.20000000000E+01   5.40000000000E+01   5.60000000000E+01   5.80000000000E+01
   6.00000000000E+01   6.20000000000E+01   6.40000000000E+01   6.60000000000E+01
   6.80000000000E+01   7.00000000000E+01   7.20000000000E+01   7.40000000000E+01
   7.60000000000E+01   7.80000000000E+01   8.00000000000E+01   8.50000000000E+01
   9.00000000000E+01   9.50000000000E+01   1.00000000000E+02   1.10000000000E+02
   1.20000000000E+02   1.30000000000E+02   1.40000000000E+02   1.50000000000E+02
   1.60000000000E+02   1.70000000000E+02   1.80000000000E+02   1.90000000000E+02
   2.00000000000E+02   0.00000000000E+00   1.25717200000E-05   3.55450300000E-05
   7.68617700000E-05   1.42998300000E-04   2.41706400000E-04   3.82504700000E-04
   5.77355300000E-04   8.41613800000E-04   1.19536700000E-03   1.66522600000E-03
   2.28636800000E-03   3.10368700000E-03   4.16841000000E-03   5.52310500000E-03
   7.17605900000E-03   9.11046300000E-03   1.13871800000E-02   1.42386700000E-02
   1.80277600000E-02   2.31959700000E-02   3.03010000000E-02   4.00958900000E-02
   5.35857400000E-02   7.19680200000E-02   9.62082100000E-02   1.25767500000E-01
   1.56472400000E-01   1.80399400000E-01   1.91820200000E-01   1.92893600000E-01
   1.89549100000E-01   1.84810100000E-01   1.77999300000E-01   1.67642100000E-01
   1.53768800000E-01   1.37932100000E-01   1.21987800000E-01   1.07223900000E-01
   9.42250100000E-02   7.35050500000E-02   5.87443600000E-02   4.81362600000E-02
   4.03292600000E-02   3.44307100000E-02   2.98637300000E-02   2.62515500000E-02
   2.33427100000E-02   2.09651900000E-02   1.89983100000E-02   1.59722200000E-02
   1.38048800000E-02   1.22273500000E-02   1.10697300000E-02   1.02178700000E-02
   9.59150600000E-03   9.13237900000E-03   8.79740200000E-03   8.55432800000E-03
   8.37886900000E-03   8.25267400000E-03   8.16186000000E-03   8.09592400000E-03
   8.04692600000E-03   8.00888100000E-03   7.97728700000E-03   7.94878000000E-03
   7.92086600000E-03   7.89171400000E-03   7.86000800000E-03   7.82482300000E-03
   7.78554100000E-03   7.74177500000E-03   7.69332000000E-03   7.64011100000E-03
   7.48676600000E-03   7.30674700000E-03   7.10434500000E-03   6.88467900000E-03
   6.41541200000E-03   5.94247700000E-03   5.50716900000E-03   5.14754600000E-03
   4.70084600000E-03   4.31508000000E-03   3.97921500000E-03   3.68466500000E-03
   3.42465900000E-03   3.19378600000E-03   0.00000000000E+00   1.00000000000E+00
   1.00557700000E+00   1.01115500000E+00   1.01673200000E+00   1.02231000000E+00
   7.47733700000E-01   3.90457200000E-01   3.91938200000E-01   3.87562300000E-01
   3.65617900000E-01   3.14145100000E-01   3.24499400000E-01   3.03905100000E-01
   2.54476200000E-01   1.81410000000E-01   1.82935200000E+00   3.61833700000E+00
   5.54594100000E+00   9.33868300000E+00   9.21293100000E+00   9.19512500000E+00
   9.37697000000E+00   9.51630100000E+00   9.57685400000E+00   9.59288100000E+00
   9.57696100000E+00   9.53535200000E+00   9.56657000000E+00   9.58217900000E+00
   9.58005900000E+00   9.56050200000E+00   9.84990700000E+00   1.03383400000E+01
   1.13125400000E+01   1.21759400000E+01   1.29408900000E+01   1.35073300000E+01
   1.38649500000E+01   1.42656100000E+01   1.45652300000E+01   1.49124100000E+01
   1.51185000000E+01   1.53293300000E+01   1.55328700000E+01   1.57484500000E+01
   1.60698100000E+01   1.64669600000E+01   1.73665000000E+01   1.82703600000E+01
   1.99646900000E+01   2.12878900000E+01   2.25851500000E+01   2.38049800000E+01
   2.49877200000E+01   2.62409600000E+01   2.74396200000E+01   2.85973300000E+01
   2.97680000000E+01   3.09459800000E+01   3.21147300000E+01   3.33313400000E+01
   3.45645700000E+01   3.57692500000E+01   3.69563000000E+01   3.81730600000E+01
   3.92836400000E+01   4.04352200000E+01   4.16044000000E+01   4.27216800000E+01
   4.38684900000E+01   4.50065500000E+01   4.61542900000E+01   4.72822700000E+01
   4.84259500000E+01   5.12573300000E+01   5.40440500000E+01   5.67647000000E+01
   5.95163400000E+01   6.50768400000E+01   7.05201600000E+01   7.60972600000E+01
   8.15044300000E+01   8.69660800000E+01   9.28664400000E+01   9.85227800000E+01
   1.04204400000E+02   1.09995400000E+02   1.15726000000E+02                   5
   0.00000000000E+00                   1                   1                  89
   0.00000000000E+00   1.25717200000E-05   3.55450300000E-05   7.68617700000E-05
   1.42998300000E-04   2.41706400000E-04   3.82504700000E-04   5.77355300000E-04
   8.41613800000E-04   1.19536700000E-03   1.66522600000E-03   2.28636800000E-03
   3.10368700000E-03   4.16841000000E-03   5.52310500000E-03   7.17605900000E-03
   9.11046300000E-03   1.13871800000E-02   1.42386700000E-02   1.80277600000E-02
   2.31959700000E-02   3.03010000000E-02   4.00958900000E-02   5.35857400000E-02
   7.19680200000E-02   9.62082100000E-02   1.25767500000E-01   1.56472400000E-01
   1.80399400000E-01   1.91820200000E-01   1.92893600000E-01   1.89549100000E-01
   1.84810100000E-01   1.77999300000E-01   1.67642100000E-01   1.53768800000E-01
   1.37932100000E-01   1.21987800000E-01   1.07223900000E-01   9.42250100000E-02
   7.35050500000E-02   5.87443600000E-02   4.81362600000E-02   4.03292600000E-02
   3.44307100000E-02   2.98637300000E-02   2.62515500000E-02   2.33427100000E-02
   2.09651900000E-02   1.89983100000E-02   1.59722200000E-02   1.38048800000E-02
   1.22273500000E-02   1.10697300000E-02   1.02178700000E-02   9.59150600000E-03
   9.13237900000E-03   8.79740200000E-03   8.55432800000E-03   8.37886900000E-03
   8.25267400000E-03   8.16186000000E-03   8.09592400000E-03   8.04692600000E-03
   8.00888100000E-03   7.97728700000E-03   7.94878000000E-03   7.92086600000E-03
   7.89171400000E-03   7.86000800000E-03   7.82482300000E-03   7.78554100000E-03
   7.74177500000E-03   7.69332000000E-03   7.64011100000E-03   7.48676600000E-03
   7.30674700000E-03   7.10434500000E-03   6.88467900000E-03   6.41541200000E-03
   5.94247700000E-03   5.50716900000E-03   5.14754600000E-03   4.70084600000E-03
   4.31508000000E-03   3.97921500000E-03   3.68466500000E-03   3.42465900000E-03
   3.19378600000E-03                   1                   1                 446
                 519                 592                 593                 594
                 595                 743                 744                 744
                 745                   2                   1               51850
               51941               52032               52033               52034
               52035               52209               52210               52210
               52211                   9                   1               65872
               65946               66020               66021               66022
               66023               66171               66172               66172
               66173                  31                   1              117502
              117562              117622              117623              117624
              117625              117747              117748              117748
              117749                  32                   1              160529
              160588              160647              160648              160649
              160650              160768              160769              160769
              160770                  33                   1              202795
              202851              202907              202908              202909
              202910              203026              203027              203027
              203028                  34                   1              243618
              243703              243788              243789              243790
              243791              243963              243964              243964
              243965                  19                  71   0.00000000000E+00
   1.75280900000E-02   2.29872000000E-02   3.01292400000E-02   3.98577100000E-02
   5.32618700000E-02   7.15518600000E-02   9.57020300000E-02   1.25185000000E-01
   1.55844100000E-01   1.79772100000E-01   1.91236100000E-01   1.92368400000E-01
   1.89073500000E-01   1.84357100000E-01   1.85846200000E-01   2.02601200000E-01
   2.10038600000E-01   2.02677400000E-01   1.89021400000E-01   1.71809900000E-01
   1.54702200000E-01   1.24025200000E-01   1.00381600000E-01   8.28062100000E-02
   6.95765200000E-02   5.95235400000E-02   5.16182000000E-02   4.53800800000E-02
   4.10040600000E-02   3.80827600000E-02   3.57230900000E-02   3.16896700000E-02
   2.83240900000E-02   2.56731700000E-02   2.37843600000E-02   2.25752900000E-02
   2.17398100000E-02   2.12544000000E-02   2.09467500000E-02   2.07800200000E-02
   2.07449100000E-02   2.08463300000E-02   2.10246000000E-02   2.12187100000E-02
   2.15250300000E-02   2.18256500000E-02   2.20691100000E-02   2.23973400000E-02
   2.26736200000E-02   2.28897200000E-02   2.31552600000E-02   2.33974300000E-02
   2.36307200000E-02   2.38196700000E-02   2.39747400000E-02   2.41138500000E-02
   2.43756700000E-02   2.44908700000E-02   2.45025500000E-02   2.43515600000E-02
   2.39395800000E-02   2.32592900000E-02   2.25054400000E-02   2.19088900000E-02
   2.10586500000E-02   2.01083300000E-02   1.91975300000E-02   1.83494500000E-02
   1.75813100000E-02   1.68828900000E-02                  19                  71
   0.00000000000E+00   1.89202800000E-01   4.20372900000E-01   6.50079200000E-01
   8.78132000000E-01   1.10624700000E+00   1.15286700000E+00   1.19982600000E+00
   1.24696800000E+00   1.29415200000E+00   1.33385200000E+00   1.37344800000E+00
   1.41292200000E+00   1.45226300000E+00   1.43961700000E+00   1.49345100000E+00
   1.71325700000E+00   1.91896800000E+00   2.15227000000E+00   2.36235800000E+00
   2.53882000000E+00   2.69966400000E+00   3.10572200000E+00   3.48078800000E+00
   3.85424700000E+00   4.21650100000E+00   4.55927400000E+00   4.89235100000E+00
   5.18345100000E+00   5.56247100000E+00   5.92487200000E+00   6.31205700000E+00
   7.15837300000E+00   7.96790600000E+00   8.73243500000E+00   9.44893100000E+00
   1.02437700000E+01   1.10017800000E+01   1.18030200000E+01   1.25888300000E+01
   1.33676300000E+01   1.41636400000E+01   1.49576400000E+01   1.57817100000E+01
   1.65946600000E+01   1.74179600000E+01   1.82353900000E+01   1.90251700000E+01
   1.99002200000E+01   2.07478500000E+01   2.15611700000E+01   2.24459200000E+01
   2.32958300000E+01   2.41677100000E+01   2.50267000000E+01   2.58831000000E+01
   2.67562500000E+01   2.89189000000E+01   3.11284500000E+01   3.33344200000E+01
   3.55232000000E+01   3.98758400000E+01   4.43425500000E+01   4.86623400000E+01
   5.31457500000E+01   5.75971200000E+01   6.16411200000E+01   6.58190900000E+01
   7.00079100000E+01   7.40654600000E+01   7.82164500000E+01                   5
                  -1                   1                   6                   5
                   0                  72   1.00000000000E+00   9.56095600000E+00
   1.00000000000E+01   1.05000000000E+01   1.10000000000E+01   1.15000000000E+01
   1.20000000000E+01   1.25000000000E+01   1.30000000000E+01   1.35000000000E+01
   1.40000000000E+01   1.45000000000E+01   1.50000000000E+01   1.55000000000E+01
   1.60000000000E+01   1.65000000000E+01   1.70000000000E+01   1.75000000000E+01
   1.80000000000E+01   1.85000000000E+01   1.90000000000E+01   1.95000000000E+01
   2.00000000000E+01   2.10000000000E+01   2.20000000000E+01   2.30000000000E+01
   2.40000000000E+01   2.50000000000E+01   2.60000000000E+01   2.70000000000E+01
   2.80000000000E+01   2.90000000000E+01   3.00000000000E+01   3.20000000000E+01
   3.40000000000E+01   3.60000000000E+01   3.80000000000E+01   4.00000000000E+01
   4.20000000000E+01   4.40000000000E+01   4.60000000000E+01   4.80000000000E+01
   5.00000000000E+01   5.20000000000E+01   5.40000000000E+01   5.60000000000E+01
   5.80000000000E+01   6.00000000000E+01   6.20000000000E+01   6.40000000000E+01
   6.60000000000E+01   6.80000000000E+01   7.00000000000E+01   7.20000000000E+01
   7.40000000000E+01   7.60000000000E+01   7.80000000000E+01   8.00000000000E+01
   8.50000000000E+01   9.00000000000E+01   9.50000000000E+01   1.00000000000E+02
   1.10000000000E+02   1.20000000000E+02   1.30000000000E+02   1.40000000000E+02
   1.50000000000E+02   1.60000000000E+02   1.70000000000E+02   1.80000000000E+02
   1.90000000000E+02   2.00000000000E+02   0.00000000000E+00   0.00000000000E+00
   9.72283300000E-01   9.90999700000E-01   9.94331500000E-01   9.94059700000E-01
   9.93956000000E-01   9.94217400000E-01   9.94738700000E-01   9.95368400000E-01
   9.95984600000E-01   9.96522700000E-01   9.96955000000E-01   9.97277300000E-01
   9.97490900000E-01   9.97548800000E-01   1.04408400000E+00   1.20853400000E+00
   1.36593800000E+00   1.46940000000E+00   1.54951100000E+00   1.60234700000E+00
   1.64183800000E+00   1.68730200000E+00   1.70878700000E+00   1.72024600000E+00
   1.72521200000E+00   1.72879200000E+00   1.72845800000E+00   1.72866300000E+00
   1.75661100000E+00   1.81647600000E+00   1.88033000000E+00   1.98404900000E+00
   2.05174500000E+00   2.09965100000E+00   2.14859400000E+00   2.20939300000E+00
   2.26656900000E+00   2.32736700000E+00   2.38101500000E+00   2.42918200000E+00
   2.47586000000E+00   2.52600900000E+00   2.57595700000E+00   2.62091300000E+00
   2.67493800000E+00   2.72518100000E+00   2.76649300000E+00   2.81770800000E+00
   2.86251800000E+00   2.90047500000E+00   2.94595900000E+00   2.99015500000E+00
   3.03520600000E+00   3.07677100000E+00   3.11630600000E+00   3.15621700000E+00
   3.25583400000E+00   3.35181600000E+00   3.44895300000E+00   3.53706500000E+00
   3.73157300000E+00   3.91407300000E+00   4.08657200000E+00   4.25618100000E+00
   4.47975700000E+00   4.66001300000E+00   4.82445200000E+00   4.97995100000E+00
   5.13374000000E+00   5.28616800000E+00                   0                   1
                   0                   4                  10                   0
                   2   1.00000000000E+00   2.00000000000E+02   1.00000000000E+00
   1.00000000000E+00                   0                  31   1.00000000000E+00
   9.56095600000E+00   1.00000000000E+01   1.20000000000E+01   1.40000000000E+01
   1.60000000000E+01   1.80000000000E+01   2.00000000000E+01   2.20000000000E+01
   2.40000000000E+01   2.60000000000E+01   2.80000000000E+01   3.00000000000E+01
   3.20000000000E+01   3.60000000000E+01   4.00000000000E+01   4.40000000000E+01
   4.80000000000E+01   5.00000000000E+01   5.20000000000E+01   5.60000000000E+01
   6.00000000000E+01   7.00000000000E+01   8.00000000000E+01   9.00000000000E+01
   1.00000000000E+02   1.20000000000E+02   1.40000000000E+02   1.60000000000E+02
   1.80000000000E+02   2.00000000000E+02                  74                  85
                  96                 116                 352                 860
                1544                2338                3220                4353
                5551                6814                8129                9483
               10876               12334               14076               15863
               17695               19542               21404               23296
               25218               27464               29744               32330
               34954               37896               41164               44455
               47769                   2                   3   0.00000000000E+00
   5.00000000000E-07   1.00000000000E-06   0.00000000000E+00   2.00000000000E+06
   0.00000000000E+00   0.00000000000E+00   5.00000000000E-01   1.00000000000E+00
                   2                   3   0.00000000000E+00   5.00000000000E-07
   1.00000000000E-06   0.00000000000E+00   2.00000000000E+06   0.00000000000E+00
   0.00000000000E+00   5.00000000000E-01   1.00000000000E+00                   2
                   6   0.00000000000E+00   2.50000000000E-02   1.00000000000E-01
   2.00000000000E-01   3.00000000000E-01   4.00000000000E-01   0.00000000000E+00
   9.94129400000E-01   3.97594100000E+00   4.11976100000E+00   1.35876000000E-06
   3.80845000000E+00   0.00000000000E+00   1.24266170000E-02   1.98804249000E-01
   6.03589331000E-01   8.09577440000E-01   1.00000000000E+00                   2
                  26   0.00000000000E+00   2.50000000000E-02   1.00000000000E-01
   2.00000000000E-01   3.00000000000E-01   4.00000000000E-01   5.00000000000E-01
   6.00000000000E-01   7.00000000000E-01   8.00000000000E-01   9.00000000000E-01
   1.00000000000E+00   1.10000000000E+00   1.20000000000E+00   1.30000000000E+00
   1.40000000000E+00   1.50000000000E+00   1.60000000000E+00   1.70000000000E+00
   1.80000000000E+00   1.90000000000E+00   2.00000000000E+00   2.10000000000E+00
   2.20000000000E+00   2.30000000000E+00   2.40000000000E+00   0.00000000000E+00
   7.40064100000E-02   2.91282000000E-01   4.69701200000E-01   5.43171700000E-01
   5.61566500000E-01   5.53367500000E-01   5.32844400000E-01   5.07084200000E-01
   4.79578200000E-01   4.51898900000E-01   4.24641700000E-01   2.01072000000E-01
   3.99734200000E-01   6.25163300000E-01   4.74117600000E-01   9.78410600000E-01
   1.95479300000E-01   4.39932200000E-01   4.64447200000E-01   3.03168700000E-01
   3.08954900000E-01   4.57727100000E-01   2.39369700000E-01   6.38807000000E-09
   1.93388300000E-01   0.00000000000E+00   9.25080105000E-04   1.46233952000E-02
   5.26725544000E-02   1.03316198000E-01   1.58553107000E-01   2.14299806000E-01
   2.68610400000E-01   3.20606829000E-01   3.69939948000E-01   4.16513802000E-01
   4.60340831000E-01   4.91626515000E-01   5.21666824000E-01   5.72911698000E-01
   6.27875742000E-01   7.00502151000E-01   7.59196644000E-01   7.90967219000E-01
   8.36186188000E-01   8.74566982000E-01   9.05173161000E-01   9.43507261000E-01
   9.78362100000E-01   9.90330585000E-01   1.00000000000E+00                   0
                   0                   0                   0                   0
                   0                   0                   0                   0
                   0                   0                   0                   0
                   0                   0                   0                   0
                   0                   0                   0                   0
                   0                   0                   0                   0
                   0                   0                   0                   0
                   0                   0                   0                   0
                   0                   0                   0                   0
                   0                   0                   0                   0
                   0                   0                   0                   0
                   0                   0                   0                   0
                   0                   0                   0                   0
                   0                   0                   0                   0
                   0                   0                   0                   0
                   0                   0                   0                   0
                   0                   0                   0                   0
                   0                   0                   0                   0
                   0                   0                   0                   0
                   0                   0                   0                   0
                   0                   0                   0                   0
                   0                   0                   0                   0
                   0                   0                   0                   0
                   0                   0                   0                   0
                   0                   0                   0                   0
                   0                   0                   0                   0
                   0                   0                   0                   0
                   0                   0                   0                   0
                   0                   0                   0                   0
                   0                   0                   0                   0
                   0                   0                   0                   0
                   0                   0                   0                   0
                   0                   0                   0
