 46105.00u  104.003900  0.0000E+00   02/26/20
Ace Pd105 IAEA-PD                                                        mat4634
      0         0.      0         0.      0         0.      0         0.
      0         0.      0         0.      0         0.      0         0.
      0         0.      0         0.      0         0.      0         0.
      0         0.      0         0.      0         0.      0         0.
   323699    46105       89        1        7        2       12        0
        0        0        0        0        0        0        0        1
        1       90       90        0      179      268      269      270
      271      362      446        0        0        0        0        0
        0        0        0        0        0        0        0        0
        0        0        0        0        0        0        0        0
   9.99999000000E-01   1.00000000000E+00   1.50000000000E+00   2.00000000000E+00
   2.50000000000E+00   3.00000000000E+00   3.50000000000E+00   4.00000000000E+00
   4.50000000000E+00   5.00000000000E+00   5.50000000000E+00   6.00000000000E+00
   6.50000000000E+00   7.00000000000E+00   7.50000000000E+00   8.00000000000E+00
   8.50000000000E+00   9.00000000000E+00   9.50000000000E+00   1.00000000000E+01
   1.05000000000E+01   1.10000000000E+01   1.15000000000E+01   1.20000000000E+01
   1.25000000000E+01   1.30000000000E+01   1.35000000000E+01   1.40000000000E+01
   1.45000000000E+01   1.50000000000E+01   1.55000000000E+01   1.60000000000E+01
   1.65000000000E+01   1.70000000000E+01   1.75000000000E+01   1.80000000000E+01
   1.85000000000E+01   1.90000000000E+01   1.95000000000E+01   2.00000000000E+01
   2.10000000000E+01   2.20000000000E+01   2.30000000000E+01   2.40000000000E+01
   2.50000000000E+01   2.60000000000E+01   2.70000000000E+01   2.80000000000E+01
   2.90000000000E+01   3.00000000000E+01   3.20000000000E+01   3.40000000000E+01
   3.60000000000E+01   3.80000000000E+01   4.00000000000E+01   4.20000000000E+01
   4.40000000000E+01   4.60000000000E+01   4.80000000000E+01   5.00000000000E+01
   5.20000000000E+01   5.40000000000E+01   5.60000000000E+01   5.80000000000E+01
   6.00000000000E+01   6.20000000000E+01   6.40000000000E+01   6.60000000000E+01
   6.80000000000E+01   7.00000000000E+01   7.20000000000E+01   7.40000000000E+01
   7.60000000000E+01   7.80000000000E+01   8.00000000000E+01   8.50000000000E+01
   9.00000000000E+01   9.50000000000E+01   1.00000000000E+02   1.10000000000E+02
   1.20000000000E+02   1.30000000000E+02   1.40000000000E+02   1.50000000000E+02
   1.60000000000E+02   1.70000000000E+02   1.80000000000E+02   1.90000000000E+02
   2.00000000000E+02   0.00000000000E+00   1.24723800000E-05   3.52224100000E-05
   7.61009900000E-05   1.41493700000E-04   2.39040800000E-04   3.78119900000E-04
   5.70509700000E-04   8.31323600000E-04   1.18032400000E-03   1.64369300000E-03
   2.25607100000E-03   3.06180200000E-03   4.11188700000E-03   5.44963300000E-03
   7.08470000000E-03   8.99814600000E-03   1.12413300000E-02   1.40361300000E-02
   1.77389100000E-02   2.27836100000E-02   2.97138500000E-02   3.92601600000E-02
   5.23973800000E-02   7.02926900000E-02   9.39125100000E-02   1.22830200000E-01
   1.53169600000E-01   1.77286700000E-01   1.89264500000E-01   1.90784700000E-01
   1.87639500000E-01   1.83057000000E-01   1.76551500000E-01   1.66643400000E-01
   1.53223600000E-01   1.37728100000E-01   1.21986200000E-01   1.07316700000E-01
   9.43465600000E-02   7.36037500000E-02   5.87978500000E-02   4.81530400000E-02
   4.03208400000E-02   3.44059500000E-02   2.98286700000E-02   2.62101200000E-02
   2.32974400000E-02   2.09176900000E-02   1.89495800000E-02   1.59226400000E-02
   1.37553100000E-02   1.21779300000E-02   1.10203400000E-02   1.01683400000E-02
   9.54163400000E-03   9.08203800000E-03   8.74650400000E-03   8.50282700000E-03
   8.32675300000E-03   8.19995900000E-03   8.10858200000E-03   8.04213200000E-03
   7.99268000000E-03   7.95424700000E-03   7.92233500000E-03   7.89358100000E-03
   7.86549100000E-03   7.83623400000E-03   7.80449100000E-03   7.76933700000E-03
   7.73014900000E-03   7.68653800000E-03   7.63829600000E-03   7.58535400000E-03
   7.43289000000E-03   7.25401700000E-03   7.05297000000E-03   6.83481500000E-03
   6.36885100000E-03   5.89929400000E-03   5.46711500000E-03   5.11008600000E-03
   4.66662400000E-03   4.28365700000E-03   3.95023100000E-03   3.65782200000E-03
   3.39970600000E-03   3.17051300000E-03   0.00000000000E+00   1.00000000000E+00
   6.63157100000E-01   1.22205800000E-01   1.50092800000E-01   1.57307400000E-01
   1.38173400000E-01   8.83327000000E-02   1.17893500000E-01   1.21670100000E-01
   9.91354200000E-02   5.10103100000E-02   9.51491200000E-01   1.90426700000E+00
   4.59528200000E+00   6.38969400000E+00   6.73244700000E+00   6.83512000000E+00
   6.68293000000E+00   6.98514200000E+00   7.08999300000E+00   7.10662500000E+00
   7.06315800000E+00   6.98988500000E+00   6.99524500000E+00   7.00295800000E+00
   7.01247800000E+00   7.02299000000E+00   7.06948800000E+00   7.11098800000E+00
   7.15117000000E+00   7.15860200000E+00   7.39956400000E+00   7.64083800000E+00
   8.22527500000E+00   9.18103100000E+00   1.04095200000E+01   1.14220000000E+01
   1.22658900000E+01   1.30296100000E+01   1.37009200000E+01   1.43116800000E+01
   1.47047200000E+01   1.50916800000E+01   1.54653600000E+01   1.58683600000E+01
   1.64724400000E+01   1.70972800000E+01   1.78306500000E+01   1.85012000000E+01
   1.97768300000E+01   2.09365600000E+01   2.20825100000E+01   2.31974300000E+01
   2.43090700000E+01   2.56520300000E+01   2.69528700000E+01   2.82377700000E+01
   2.94859200000E+01   3.07122400000E+01   3.19242500000E+01   3.31862800000E+01
   3.43919400000E+01   3.55838100000E+01   3.67674800000E+01   3.79409700000E+01
   3.91707200000E+01   4.03279200000E+01   4.14620400000E+01   4.26023900000E+01
   4.37589700000E+01   4.49485900000E+01   4.60949000000E+01   4.72454500000E+01
   4.83836100000E+01   5.12160000000E+01   5.40648800000E+01   5.68940800000E+01
   5.95631100000E+01   6.52485000000E+01   7.06640900000E+01   7.62069500000E+01
   8.18218100000E+01   8.73064200000E+01   9.33442400000E+01   9.90282400000E+01
   1.04898100000E+02   1.10789700000E+02   1.16546600000E+02                   5
   0.00000000000E+00                   1                   1                  89
   0.00000000000E+00   1.24723800000E-05   3.52224100000E-05   7.61009900000E-05
   1.41493700000E-04   2.39040800000E-04   3.78119900000E-04   5.70509700000E-04
   8.31323600000E-04   1.18032400000E-03   1.64369300000E-03   2.25607100000E-03
   3.06180200000E-03   4.11188700000E-03   5.44963300000E-03   7.08470000000E-03
   8.99814600000E-03   1.12413300000E-02   1.40361300000E-02   1.77389100000E-02
   2.27836100000E-02   2.97138500000E-02   3.92601600000E-02   5.23973800000E-02
   7.02926900000E-02   9.39125100000E-02   1.22830200000E-01   1.53169600000E-01
   1.77286700000E-01   1.89264500000E-01   1.90784700000E-01   1.87639500000E-01
   1.83057000000E-01   1.76551500000E-01   1.66643400000E-01   1.53223600000E-01
   1.37728100000E-01   1.21986200000E-01   1.07316700000E-01   9.43465600000E-02
   7.36037500000E-02   5.87978500000E-02   4.81530400000E-02   4.03208400000E-02
   3.44059500000E-02   2.98286700000E-02   2.62101200000E-02   2.32974400000E-02
   2.09176900000E-02   1.89495800000E-02   1.59226400000E-02   1.37553100000E-02
   1.21779300000E-02   1.10203400000E-02   1.01683400000E-02   9.54163400000E-03
   9.08203800000E-03   8.74650400000E-03   8.50282700000E-03   8.32675300000E-03
   8.19995900000E-03   8.10858200000E-03   8.04213200000E-03   7.99268000000E-03
   7.95424700000E-03   7.92233500000E-03   7.89358100000E-03   7.86549100000E-03
   7.83623400000E-03   7.80449100000E-03   7.76933700000E-03   7.73014900000E-03
   7.68653800000E-03   7.63829600000E-03   7.58535400000E-03   7.43289000000E-03
   7.25401700000E-03   7.05297000000E-03   6.83481500000E-03   6.36885100000E-03
   5.89929400000E-03   5.46711500000E-03   5.11008600000E-03   4.66662400000E-03
   4.28365700000E-03   3.95023100000E-03   3.65782200000E-03   3.39970600000E-03
   3.17051300000E-03                   1                   1                 446
                 524                 602                 603                 604
                 605                 763                 764                 764
                 765                   2                   1               55971
               56062               56153               56154               56155
               56156               56336               56337               56337
               56338                   9                   1               70072
               70147               70222               70223               70224
               70225               70377               70378               70378
               70379                  31                   1              123379
              123444              123509              123510              123511
              123512              123644              123645              123645
              123646                  32                   1              169992
              170051              170110              170111              170112
              170113              170233              170234              170234
              170235                  33                   1              213024
              213086              213148              213149              213150
              213151              213279              213280              213280
              213281                  34                   1              258782
              258867              258952              258953              258954
              258955              259129              259130              259130
              259131                  14                  76   0.00000000000E+00
   2.10489500000E-03   6.41716100000E-03   8.59093100000E-03   1.08904500000E-02
   1.38173900000E-02   1.75232100000E-02   2.25279000000E-02   2.94087100000E-02
   3.88989000000E-02   5.19745500000E-02   6.98012200000E-02   9.33401300000E-02
   1.22160400000E-01   1.52388200000E-01   1.76393900000E-01   1.88274700000E-01
   1.89709000000E-01   1.86449300000E-01   1.81719300000E-01   1.75040400000E-01
   1.75066400000E-01   1.82313700000E-01   1.81817100000E-01   1.73362300000E-01
   1.60445000000E-01   1.46083300000E-01   1.18581100000E-01   9.65118500000E-02
   7.98288800000E-02   6.73280600000E-02   5.76898000000E-02   5.04208900000E-02
   4.52943600000E-02   4.14806500000E-02   3.83836500000E-02   3.56994500000E-02
   3.11743300000E-02   2.77312100000E-02   2.51067800000E-02   2.31435500000E-02
   2.18075900000E-02   2.09875200000E-02   2.05146000000E-02   2.02399700000E-02
   2.01116900000E-02   2.01020200000E-02   2.01854800000E-02   2.02892700000E-02
   2.05192200000E-02   2.07496600000E-02   2.10079400000E-02   2.12739300000E-02
   2.14877300000E-02   2.17370400000E-02   2.19996200000E-02   2.22215000000E-02
   2.24446900000E-02   2.25864000000E-02   2.27607700000E-02   2.28810300000E-02
   2.29879800000E-02   2.32405600000E-02   2.32995800000E-02   2.32732900000E-02
   2.31976700000E-02   2.26768200000E-02   2.20100900000E-02   2.13406800000E-02
   2.07342300000E-02   1.98696000000E-02   1.88806500000E-02   1.80396700000E-02
   1.72095700000E-02   1.64857000000E-02   1.58259200000E-02                  14
                  76   0.00000000000E+00   7.63114700000E-02   3.99400600000E-01
   5.30220500000E-01   6.48853200000E-01   7.71943600000E-01   8.87643200000E-01
   9.89384100000E-01   1.09133600000E+00   1.19361900000E+00   1.29620400000E+00
   1.33951500000E+00   1.38266600000E+00   1.42552700000E+00   1.46801400000E+00
   1.52904500000E+00   1.58966900000E+00   1.64991300000E+00   1.70959700000E+00
   1.73061000000E+00   1.75107300000E+00   1.87945700000E+00   2.15586100000E+00
   2.43729800000E+00   2.67275500000E+00   2.86317200000E+00   3.01853500000E+00
   3.47628300000E+00   3.88358200000E+00   4.25808900000E+00   4.62702900000E+00
   4.95601800000E+00   5.30854600000E+00   5.64213000000E+00   6.03453100000E+00
   6.41569200000E+00   6.78844800000E+00   7.59066200000E+00   8.36427800000E+00
   9.11404500000E+00   9.82331700000E+00   1.05827500000E+01   1.13167700000E+01
   1.20970600000E+01   1.28667100000E+01   1.36357900000E+01   1.44110200000E+01
   1.51877200000E+01   1.59463600000E+01   1.67788700000E+01   1.75848400000E+01
   1.84111800000E+01   1.92253500000E+01   2.00022100000E+01   2.08272500000E+01
   2.16865100000E+01   2.25308000000E+01   2.33964200000E+01   2.42059700000E+01
   2.50810100000E+01   2.59289300000E+01   2.67946000000E+01   2.89575000000E+01
   3.10955300000E+01   3.32144900000E+01   3.54681600000E+01   3.96925900000E+01
   4.41949900000E+01   4.85288600000E+01   5.28250400000E+01   5.72388500000E+01
   6.11221700000E+01   6.52981300000E+01   6.93019000000E+01   7.33308500000E+01
   7.74444400000E+01                   5                  -1                   1
                   6                   5                   0                  77
   1.00000000000E+00   7.09410000000E+00   7.50000000000E+00   8.00000000000E+00
   8.50000000000E+00   9.00000000000E+00   9.50000000000E+00   1.00000000000E+01
   1.05000000000E+01   1.10000000000E+01   1.15000000000E+01   1.20000000000E+01
   1.25000000000E+01   1.30000000000E+01   1.35000000000E+01   1.40000000000E+01
   1.45000000000E+01   1.50000000000E+01   1.55000000000E+01   1.60000000000E+01
   1.65000000000E+01   1.70000000000E+01   1.75000000000E+01   1.80000000000E+01
   1.85000000000E+01   1.90000000000E+01   1.95000000000E+01   2.00000000000E+01
   2.10000000000E+01   2.20000000000E+01   2.30000000000E+01   2.40000000000E+01
   2.50000000000E+01   2.60000000000E+01   2.70000000000E+01   2.80000000000E+01
   2.90000000000E+01   3.00000000000E+01   3.20000000000E+01   3.40000000000E+01
   3.60000000000E+01   3.80000000000E+01   4.00000000000E+01   4.20000000000E+01
   4.40000000000E+01   4.60000000000E+01   4.80000000000E+01   5.00000000000E+01
   5.20000000000E+01   5.40000000000E+01   5.60000000000E+01   5.80000000000E+01
   6.00000000000E+01   6.20000000000E+01   6.40000000000E+01   6.60000000000E+01
   6.80000000000E+01   7.00000000000E+01   7.20000000000E+01   7.40000000000E+01
   7.60000000000E+01   7.80000000000E+01   8.00000000000E+01   8.50000000000E+01
   9.00000000000E+01   9.50000000000E+01   1.00000000000E+02   1.10000000000E+02
   1.20000000000E+02   1.30000000000E+02   1.40000000000E+02   1.50000000000E+02
   1.60000000000E+02   1.70000000000E+02   1.80000000000E+02   1.90000000000E+02
   2.00000000000E+02   0.00000000000E+00   0.00000000000E+00   3.86245300000E-01
   9.05777400000E-01   9.54744600000E-01   9.68786600000E-01   9.84415900000E-01
   9.87840300000E-01   9.88776600000E-01   9.89730700000E-01   9.90798300000E-01
   9.91930300000E-01   9.93008200000E-01   9.93905200000E-01   9.94546900000E-01
   9.94898500000E-01   9.94964100000E-01   9.94770300000E-01   9.94361700000E-01
   9.93657000000E-01   9.92692400000E-01   9.91441000000E-01   1.05054500000E+00
   1.18985400000E+00   1.32011600000E+00   1.42116300000E+00   1.49506100000E+00
   1.54836900000E+00   1.61107400000E+00   1.64141800000E+00   1.65781600000E+00
   1.66980800000E+00   1.67673900000E+00   1.69035000000E+00   1.72812500000E+00
   1.78048100000E+00   1.83498500000E+00   1.88391800000E+00   1.95786200000E+00
   2.01603700000E+00   2.06166200000E+00   2.10007600000E+00   2.14465600000E+00
   2.19957300000E+00   2.25881000000E+00   2.31406400000E+00   2.36529500000E+00
   2.41414900000E+00   2.46165600000E+00   2.50219700000E+00   2.55146500000E+00
   2.59608300000E+00   2.64109700000E+00   2.68531100000E+00   2.72217800000E+00
   2.76359600000E+00   2.80742300000E+00   2.84727100000E+00   2.88888100000E+00
   2.92185800000E+00   2.96112100000E+00   2.99556700000E+00   3.03057400000E+00
   3.12671900000E+00   3.21195600000E+00   3.29978600000E+00   3.39404500000E+00
   3.56058300000E+00   3.73097000000E+00   3.90346300000E+00   4.05751100000E+00
   4.25781000000E+00   4.40760100000E+00   4.56673800000E+00   4.70486800000E+00
   4.84915500000E+00   4.99159600000E+00                   0                   1
                   0                   4                  10                   0
                   2   1.00000000000E+00   2.00000000000E+02   1.00000000000E+00
   1.00000000000E+00                   0                  32   1.00000000000E+00
   7.09410000000E+00   8.00000000000E+00   1.00000000000E+01   1.20000000000E+01
   1.40000000000E+01   1.60000000000E+01   1.80000000000E+01   2.00000000000E+01
   2.20000000000E+01   2.40000000000E+01   2.60000000000E+01   2.80000000000E+01
   3.00000000000E+01   3.20000000000E+01   3.60000000000E+01   4.00000000000E+01
   4.40000000000E+01   4.80000000000E+01   5.00000000000E+01   5.20000000000E+01
   5.60000000000E+01   6.00000000000E+01   7.00000000000E+01   8.00000000000E+01
   9.00000000000E+01   1.00000000000E+02   1.20000000000E+02   1.40000000000E+02
   1.60000000000E+02   1.80000000000E+02   2.00000000000E+02                  76
                  87                  98                 133                 414
                 875                1658                2595                3620
                4711                6065                7471                8916
               10400               11923               13472               15060
               16937               18859               20811               22778
               24760               26757               28769               31100
               33465               36127               38808               41813
               45127               48464               51824                   2
                   3   0.00000000000E+00   5.00000000000E-07   1.00000000000E-06
   0.00000000000E+00   2.00000000000E+06   0.00000000000E+00   0.00000000000E+00
   5.00000000000E-01   1.00000000000E+00                   2                   3
   0.00000000000E+00   5.00000000000E-07   1.00000000000E-06   0.00000000000E+00
   2.00000000000E+06   0.00000000000E+00   0.00000000000E+00   5.00000000000E-01
   1.00000000000E+00                   2                  11   0.00000000000E+00
   2.50000000000E-02   1.00000000000E-01   2.00000000000E-01   3.00000000000E-01
   4.00000000000E-01   5.00000000000E-01   6.00000000000E-01   7.00000000000E-01
   8.00000000000E-01   9.00000000000E-01   0.00000000000E+00   2.50390000000E-04
   2.27426000000E-04   2.06250000000E-04   2.02574000000E-04   9.17985500000E+00
   1.30475000000E-04   2.12571000000E-05   4.59674000000E-06   5.78615000000E-07
   1.63851000000E+00   0.00000000000E+00   3.12987502000E-06   2.10479752000E-05
   4.27317753000E-05   6.31729755000E-05   4.59066055000E-01   9.18065332000E-01
   9.18072919000E-01   9.18074212000E-01   9.18074470000E-01   1.00000000000E+00
                   2                  31   0.00000000000E+00   2.50000000000E-02
   1.00000000000E-01   2.00000000000E-01   3.00000000000E-01   4.00000000000E-01
   5.00000000000E-01   6.00000000000E-01   7.00000000000E-01   8.00000000000E-01
   9.00000000000E-01   1.00000000000E+00   1.10000000000E+00   1.20000000000E+00
   1.30000000000E+00   1.40000000000E+00   1.50000000000E+00   1.60000000000E+00
   1.70000000000E+00   1.80000000000E+00   1.90000000000E+00   2.00000000000E+00
   2.10000000000E+00   2.20000000000E+00   2.30000000000E+00   2.40000000000E+00
   2.50000000000E+00   2.60000000000E+00   2.70000000000E+00   2.80000000000E+00
   2.90000000000E+00   0.00000000000E+00   7.82975600000E-02   3.11789200000E-01
   2.58218500000E-01   4.89585300000E-01   1.48319900000E+00   2.63624500000E-01
   1.11909700000E+00   1.38771000000E+00   9.51167600000E-01   1.75585100000E-01
   5.95224200000E-01   1.05758100000E+00   6.23917900000E-04   5.23307900000E-04
   3.83878000000E-04   2.77691000000E-04   1.13303700000E+00   1.39959000000E-04
   9.85541900000E-05   6.31724900000E-05   3.85408000000E-05   2.04798000000E-05
   1.08518000000E-05   5.64603900000E-06   6.81541200000E-01   1.24016000000E-06
   4.66135000000E-07   1.30375000000E-07   1.56587000000E-08   1.80556200000E-01
   0.00000000000E+00   9.78719528000E-04   1.56069720000E-02   4.41073541000E-02
   8.14975405000E-02   1.80136746000E-01   2.67477912000E-01   3.36613980000E-01
   4.61954318000E-01   5.78898191000E-01   6.35235826000E-01   6.73776292000E-01
   7.56416549000E-01   8.09326790000E-01   8.09384151000E-01   8.09429510000E-01
   8.09462589000E-01   8.66128318000E-01   9.22787160000E-01   9.22799086000E-01
   9.22807172000E-01   9.22812258000E-01   9.22815209000E-01   9.22816775000E-01
   9.22817600000E-01   9.56894944000E-01   9.90972068000E-01   9.90972153000E-01
   9.90972183000E-01   9.90972190000E-01   1.00000000000E+00                   0
                   0                   0                   0                   0
                   0                   0                   0                   0
                   0                   0                   0                   0
                   0                   0                   0                   0
                   0                   0                   0                   0
                   0                   0                   0                   0
                   0                   0                   0                   0
                   0                   0                   0                   0
                   0                   0                   0                   0
                   0                   0                   0                   0
                   0                   0                   0                   0
                   0                   0                   0                   0
                   0                   0                   0                   0
                   0                   0                   0                   0
                   0                   0                   0                   0
                   0                   0                   0                   0
                   0                   0                   0                   0
                   0                   0                   0                   0
                   0                   0                   0                   0
                   0                   0                   0                   0
                   0                   0                   0                   0
                   0                   0                   0                   0
                   0                   0                   0                   0
                   0                   0                   0                   0
                   0                   0                   0                   0
                   0                   0                   0                   0
                   0                   0                   0                   0
                   0                   0                   0                   0
                   0                   0                   0                   0
                   0                   0                   0                   0
                   0                   0                   0                   0
                   0                   0                   0                   0
                   0                   0                   0                   0
                   0
