 46107.00u  105.986800  0.0000E+00   06/19/20
Ace Pd107 IAEA-PD                                                        mat4640
      0         0.      0         0.      0         0.      0         0.
      0         0.      0         0.      0         0.      0         0.
      0         0.      0         0.      0         0.      0         0.
      0         0.      0         0.      0         0.      0         0.
   323037    46107       89        1        7        2       12        0
        0        0        0        0        0        0        0        1
        1       90       90        0      179      268      269      270
      271      362      446        0        0        0        0        0
        0        0        0        0        0        0        0        0
        0        0        0        0        0        0        0        0
   9.99999000000E-01   1.00000000000E+00   1.50000000000E+00   2.00000000000E+00
   2.50000000000E+00   3.00000000000E+00   3.50000000000E+00   4.00000000000E+00
   4.50000000000E+00   5.00000000000E+00   5.50000000000E+00   6.00000000000E+00
   6.50000000000E+00   7.00000000000E+00   7.50000000000E+00   8.00000000000E+00
   8.50000000000E+00   9.00000000000E+00   9.50000000000E+00   1.00000000000E+01
   1.05000000000E+01   1.10000000000E+01   1.15000000000E+01   1.20000000000E+01
   1.25000000000E+01   1.30000000000E+01   1.35000000000E+01   1.40000000000E+01
   1.45000000000E+01   1.50000000000E+01   1.55000000000E+01   1.60000000000E+01
   1.65000000000E+01   1.70000000000E+01   1.75000000000E+01   1.80000000000E+01
   1.85000000000E+01   1.90000000000E+01   1.95000000000E+01   2.00000000000E+01
   2.10000000000E+01   2.20000000000E+01   2.30000000000E+01   2.40000000000E+01
   2.50000000000E+01   2.60000000000E+01   2.70000000000E+01   2.80000000000E+01
   2.90000000000E+01   3.00000000000E+01   3.20000000000E+01   3.40000000000E+01
   3.60000000000E+01   3.80000000000E+01   4.00000000000E+01   4.20000000000E+01
   4.40000000000E+01   4.60000000000E+01   4.80000000000E+01   5.00000000000E+01
   5.20000000000E+01   5.40000000000E+01   5.60000000000E+01   5.80000000000E+01
   6.00000000000E+01   6.20000000000E+01   6.40000000000E+01   6.60000000000E+01
   6.80000000000E+01   7.00000000000E+01   7.20000000000E+01   7.40000000000E+01
   7.60000000000E+01   7.80000000000E+01   8.00000000000E+01   8.50000000000E+01
   9.00000000000E+01   9.50000000000E+01   1.00000000000E+02   1.10000000000E+02
   1.20000000000E+02   1.30000000000E+02   1.40000000000E+02   1.50000000000E+02
   1.60000000000E+02   1.70000000000E+02   1.80000000000E+02   1.90000000000E+02
   2.00000000000E+02   0.00000000000E+00   1.21325200000E-05   3.21719900000E-05
   6.74725800000E-05   1.24600300000E-04   2.12838100000E-04   3.46030600000E-04
   5.46746200000E-04   8.56980800000E-04   1.36668600000E-03   2.23953600000E-03
   3.22487900000E-03   3.60613300000E-03   4.21548300000E-03   5.33603700000E-03
   6.89089200000E-03   8.83431500000E-03   1.12496900000E-02   1.44236900000E-02
   1.88010200000E-02   2.49426800000E-02   3.35626400000E-02   4.55528100000E-02
   6.18314700000E-02   8.27493600000E-02   1.06928600000E-01   1.30680000000E-01
   1.50423700000E-01   1.66167600000E-01   1.79879000000E-01   1.91082200000E-01
   1.96460500000E-01   1.93361000000E-01   1.82444800000E-01   1.66843300000E-01
   1.49833900000E-01   1.33564200000E-01   1.19026700000E-01   1.06479300000E-01
   9.58208800000E-02   7.90315000000E-02   6.69162800000E-02   5.79747900000E-02
   5.12048000000E-02   4.59535400000E-02   4.17916800000E-02   3.84307700000E-02
   3.56722400000E-02   3.33760200000E-02   3.14410000000E-02   2.83748000000E-02
   2.60689100000E-02   2.42807500000E-02   2.28568600000E-02   2.16960500000E-02
   2.07293400000E-02   1.99085200000E-02   1.91991200000E-02   1.85760800000E-02
   1.80208600000E-02   1.75195500000E-02   1.70615900000E-02   1.66388700000E-02
   1.62450500000E-02   1.58751800000E-02   1.55253200000E-02   1.51923300000E-02
   1.48736900000E-02   1.45673400000E-02   1.42716300000E-02   1.39851700000E-02
   1.37068800000E-02   1.34358200000E-02   1.31712500000E-02   1.29125600000E-02
   1.22885100000E-02   1.16928500000E-02   1.11226200000E-02   1.05765900000E-02
   9.55768600000E-03   8.64440200000E-03   7.85224800000E-03   7.20042300000E-03
   6.51085000000E-03   5.92202600000E-03   5.41485300000E-03   4.97457600000E-03
   4.58965500000E-03   4.25095400000E-03   0.00000000000E+00   1.00000000000E+00
   5.54755800000E-01   1.09512700000E-01   1.37150800000E-01   1.46909500000E-01
   1.37175300000E-01   1.03647900000E-01   1.40832000000E-01   1.57480300000E-01
   1.54040200000E-01   8.41666300000E-02   1.25920200000E+00   4.84441800000E+00
   6.20778000000E+00   6.50766200000E+00   6.55412300000E+00   6.48394100000E+00
   6.51315400000E+00   6.51013200000E+00   6.55210100000E+00   6.56178900000E+00
   6.55220300000E+00   6.53036300000E+00   6.55318100000E+00   6.56705100000E+00
   6.56793100000E+00   6.55206600000E+00   6.56310100000E+00   6.55896700000E+00
   6.53998500000E+00   6.50606900000E+00   7.70114100000E+00   9.38622200000E+00
   1.08299900000E+01   1.19679900000E+01   1.27167300000E+01   1.33110500000E+01
   1.38489200000E+01   1.43530600000E+01   1.46685800000E+01   1.49738000000E+01
   1.51646700000E+01   1.53397400000E+01   1.60247300000E+01   1.67975900000E+01
   1.77912700000E+01   1.86873000000E+01   1.93641900000E+01   2.00280900000E+01
   2.09162400000E+01   2.17479800000E+01   2.26699200000E+01   2.42947200000E+01
   2.59202800000E+01   2.73965100000E+01   2.88151300000E+01   3.00451500000E+01
   3.12243400000E+01   3.24412600000E+01   3.36870900000E+01   3.49831100000E+01
   3.62910200000E+01   3.74580200000E+01   3.86129400000E+01   3.98986300000E+01
   4.11497000000E+01   4.24003400000E+01   4.36436600000E+01   4.48504100000E+01
   4.60883000000E+01   4.73181100000E+01   4.85480000000E+01   4.97387300000E+01
   5.09458900000E+01   5.39697000000E+01   5.69725000000E+01   5.99056600000E+01
   6.28599600000E+01   6.89679900000E+01   7.48807400000E+01   8.09234300000E+01
   8.69238800000E+01   9.34159600000E+01   9.93984400000E+01   1.05661600000E+02
   1.11828100000E+02   1.18281600000E+02   1.24533600000E+02                   5
   0.00000000000E+00                   1                   1                  89
   0.00000000000E+00   1.21325200000E-05   3.21719900000E-05   6.74725800000E-05
   1.24600300000E-04   2.12838100000E-04   3.46030600000E-04   5.46746200000E-04
   8.56980800000E-04   1.36668600000E-03   2.23953600000E-03   3.22487900000E-03
   3.60613300000E-03   4.21548300000E-03   5.33603700000E-03   6.89089200000E-03
   8.83431500000E-03   1.12496900000E-02   1.44236900000E-02   1.88010200000E-02
   2.49426800000E-02   3.35626400000E-02   4.55528100000E-02   6.18314700000E-02
   8.27493600000E-02   1.06928600000E-01   1.30680000000E-01   1.50423700000E-01
   1.66167600000E-01   1.79879000000E-01   1.91082200000E-01   1.96460500000E-01
   1.93361000000E-01   1.82444800000E-01   1.66843300000E-01   1.49833900000E-01
   1.33564200000E-01   1.19026700000E-01   1.06479300000E-01   9.58208800000E-02
   7.90315000000E-02   6.69162800000E-02   5.79747900000E-02   5.12048000000E-02
   4.59535400000E-02   4.17916800000E-02   3.84307700000E-02   3.56722400000E-02
   3.33760200000E-02   3.14410000000E-02   2.83748000000E-02   2.60689100000E-02
   2.42807500000E-02   2.28568600000E-02   2.16960500000E-02   2.07293400000E-02
   1.99085200000E-02   1.91991200000E-02   1.85760800000E-02   1.80208600000E-02
   1.75195500000E-02   1.70615900000E-02   1.66388700000E-02   1.62450500000E-02
   1.58751800000E-02   1.55253200000E-02   1.51923300000E-02   1.48736900000E-02
   1.45673400000E-02   1.42716300000E-02   1.39851700000E-02   1.37068800000E-02
   1.34358200000E-02   1.31712500000E-02   1.29125600000E-02   1.22885100000E-02
   1.16928500000E-02   1.11226200000E-02   1.05765900000E-02   9.55768600000E-03
   8.64440200000E-03   7.85224800000E-03   7.20042300000E-03   6.51085000000E-03
   5.92202600000E-03   5.41485300000E-03   4.97457600000E-03   4.58965500000E-03
   4.25095400000E-03                   1                   1                 446
                 525                 604                 605                 606
                 607                 767                 768                 768
                 769                   2                   1               56906
               56997               57088               57089               57090
               57091               57269               57270               57270
               57271                   9                   1               71005
               71079               71153               71154               71155
               71156               71306               71307               71307
               71308                  31                   1              123637
              123702              123767              123768              123769
              123770              123902              123903              123903
              123904                  32                   1              170448
              170508              170568              170569              170570
              170571              170691              170692              170692
              170693                  33                   1              214082
              214142              214202              214203              214204
              214205              214329              214330              214330
              214331                  34                   1              258878
              258962              259046              259047              259048
              259049              259221              259222              259222
              259223                  13                  77   0.00000000000E+00
   2.26935400000E-03   5.03631100000E-03   6.79469200000E-03   8.72486300000E-03
   1.11373900000E-02   1.42839500000E-02   1.86287200000E-02   2.47365900000E-02
   3.33223600000E-02   4.52799900000E-02   6.15320500000E-02   8.24380200000E-02
   1.06627800000E-01   1.30409100000E-01   1.50190100000E-01   1.65965800000E-01
   1.79694500000E-01   1.90893100000E-01   1.96249300000E-01   2.06275800000E-01
   2.28200700000E-01   2.38218000000E-01   2.33900200000E-01   2.21788600000E-01
   2.05106500000E-01   1.88471200000E-01   1.72299200000E-01   1.44616100000E-01
   1.23522900000E-01   1.07392300000E-01   9.53082100000E-02   8.80818600000E-02
   8.46594100000E-02   8.24160500000E-02   8.00038400000E-02   7.74641400000E-02
   7.46077000000E-02   6.89644700000E-02   6.40657800000E-02   6.05292600000E-02
   5.91769600000E-02   5.86252000000E-02   5.79678400000E-02   5.70355400000E-02
   5.61190500000E-02   5.55036900000E-02   5.50566300000E-02   5.47471900000E-02
   5.44112400000E-02   5.40558100000E-02   5.36085000000E-02   5.32148900000E-02
   5.28293700000E-02   5.26047300000E-02   5.23657700000E-02   5.20628900000E-02
   5.17980500000E-02   5.14488500000E-02   5.11097800000E-02   5.07460300000E-02
   5.04313700000E-02   5.00312200000E-02   4.90526800000E-02   4.79464000000E-02
   4.69408600000E-02   4.57863400000E-02   4.34220200000E-02   4.11157700000E-02
   3.90319300000E-02   3.72137700000E-02   3.49618700000E-02   3.32074700000E-02
   3.13773500000E-02   2.97381800000E-02   2.82305200000E-02   2.69210300000E-02
                  13                  77   0.00000000000E+00   9.75800000000E-02
   3.55603900000E-01   5.64283000000E-01   7.13937600000E-01   8.64795600000E-01
   1.01421500000E+00   1.16399300000E+00   1.18314600000E+00   1.20257600000E+00
   1.22212800000E+00   1.24169400000E+00   1.26093600000E+00   1.28004900000E+00
   1.29892400000E+00   1.31753500000E+00   1.36268900000E+00   1.40766100000E+00
   1.45242900000E+00   1.49701800000E+00   1.55546000000E+00   1.77302200000E+00
   1.96602100000E+00   2.08621600000E+00   2.33233200000E+00   2.53778600000E+00
   2.72739200000E+00   2.89326100000E+00   3.22071300000E+00   3.52785900000E+00
   3.77867100000E+00   4.03646400000E+00   4.25433500000E+00   4.59942400000E+00
   4.96931300000E+00   5.30167400000E+00   5.67323100000E+00   5.99118600000E+00
   6.70694800000E+00   7.29985700000E+00   7.93047300000E+00   8.56430900000E+00
   9.28074400000E+00   1.00231000000E+01   1.06972100000E+01   1.13784700000E+01
   1.21057100000E+01   1.28178500000E+01   1.35453900000E+01   1.42752200000E+01
   1.50023200000E+01   1.57419400000E+01   1.65014400000E+01   1.72060800000E+01
   1.79714500000E+01   1.87438500000E+01   1.95052400000E+01   2.02934400000E+01
   2.10449100000E+01   2.18125300000E+01   2.25823000000E+01   2.33878700000E+01
   2.41678400000E+01   2.61268500000E+01   2.81004000000E+01   3.00887800000E+01
   3.20612700000E+01   3.58569300000E+01   3.98531100000E+01   4.36901100000E+01
   4.75470000000E+01   5.09621500000E+01   5.48481200000E+01   5.84252900000E+01
   6.20749700000E+01   6.54900400000E+01   6.90961900000E+01                   5
                  -1                   1                   6                   5
                   0                  78   1.00000000000E+00   6.53642900000E+00
   7.00000000000E+00   7.50000000000E+00   8.00000000000E+00   8.50000000000E+00
   9.00000000000E+00   9.50000000000E+00   1.00000000000E+01   1.05000000000E+01
   1.10000000000E+01   1.15000000000E+01   1.20000000000E+01   1.25000000000E+01
   1.30000000000E+01   1.35000000000E+01   1.40000000000E+01   1.45000000000E+01
   1.50000000000E+01   1.55000000000E+01   1.60000000000E+01   1.65000000000E+01
   1.70000000000E+01   1.75000000000E+01   1.80000000000E+01   1.85000000000E+01
   1.90000000000E+01   1.95000000000E+01   2.00000000000E+01   2.10000000000E+01
   2.20000000000E+01   2.30000000000E+01   2.40000000000E+01   2.50000000000E+01
   2.60000000000E+01   2.70000000000E+01   2.80000000000E+01   2.90000000000E+01
   3.00000000000E+01   3.20000000000E+01   3.40000000000E+01   3.60000000000E+01
   3.80000000000E+01   4.00000000000E+01   4.20000000000E+01   4.40000000000E+01
   4.60000000000E+01   4.80000000000E+01   5.00000000000E+01   5.20000000000E+01
   5.40000000000E+01   5.60000000000E+01   5.80000000000E+01   6.00000000000E+01
   6.20000000000E+01   6.40000000000E+01   6.60000000000E+01   6.80000000000E+01
   7.00000000000E+01   7.20000000000E+01   7.40000000000E+01   7.60000000000E+01
   7.80000000000E+01   8.00000000000E+01   8.50000000000E+01   9.00000000000E+01
   9.50000000000E+01   1.00000000000E+02   1.10000000000E+02   1.20000000000E+02
   1.30000000000E+02   1.40000000000E+02   1.50000000000E+02   1.60000000000E+02
   1.70000000000E+02   1.80000000000E+02   1.90000000000E+02   2.00000000000E+02
   0.00000000000E+00   0.00000000000E+00   5.38337800000E-01   9.43829800000E-01
   9.86039500000E-01   9.87610600000E-01   9.90017500000E-01   9.90311800000E-01
   9.90835600000E-01   9.91737500000E-01   9.92840800000E-01   9.94010900000E-01
   9.95157500000E-01   9.96237600000E-01   9.97186900000E-01   9.97927000000E-01
   9.98447100000E-01   9.98785600000E-01   9.98974300000E-01   9.99010400000E-01
   9.98925000000E-01   1.06679100000E+00   1.25079300000E+00   1.42779500000E+00
   1.56106300000E+00   1.66053900000E+00   1.72319700000E+00   1.77002700000E+00
   1.79813800000E+00   1.82985400000E+00   1.84593200000E+00   1.85239700000E+00
   1.86131400000E+00   1.91675900000E+00   2.02574800000E+00   2.14453300000E+00
   2.24274800000E+00   2.32095200000E+00   2.37294300000E+00   2.43048300000E+00
   2.45755500000E+00   2.49289100000E+00   2.58902400000E+00   2.70211400000E+00
   2.79641500000E+00   2.86488100000E+00   2.92300100000E+00   2.98791200000E+00
   3.05516100000E+00   3.12492000000E+00   3.18910700000E+00   3.24876700000E+00
   3.29999000000E+00   3.35208100000E+00   3.40278800000E+00   3.46258500000E+00
   3.52069800000E+00   3.57394600000E+00   3.62944200000E+00   3.67881500000E+00
   3.72876800000E+00   3.77692100000E+00   3.82889800000E+00   3.87461700000E+00
   3.99175200000E+00   4.10048900000E+00   4.22030600000E+00   4.32902700000E+00
   4.54315200000E+00   4.75634600000E+00   4.97079700000E+00   5.16827600000E+00
   5.36978600000E+00   5.60745100000E+00   5.79468200000E+00   5.97803300000E+00
   6.15090200000E+00   6.33293800000E+00                   0                   1
                   0                   4                  10                   0
                   2   1.00000000000E+00   2.00000000000E+02   1.00000000000E+00
   1.00000000000E+00                   0                  32   1.00000000000E+00
   6.53642900000E+00   8.00000000000E+00   1.00000000000E+01   1.20000000000E+01
   1.40000000000E+01   1.60000000000E+01   1.80000000000E+01   2.00000000000E+01
   2.20000000000E+01   2.40000000000E+01   2.60000000000E+01   2.80000000000E+01
   3.00000000000E+01   3.20000000000E+01   3.60000000000E+01   4.00000000000E+01
   4.40000000000E+01   4.80000000000E+01   5.00000000000E+01   5.20000000000E+01
   5.60000000000E+01   6.00000000000E+01   7.00000000000E+01   8.00000000000E+01
   9.00000000000E+01   1.00000000000E+02   1.20000000000E+02   1.40000000000E+02
   1.60000000000E+02   1.80000000000E+02   2.00000000000E+02                  76
                  87                  98                 151                 486
                1001                1850                2853                3933
                5068                6461                7906                9390
               10913               12462               14037               15664
               17571               19523               21505               23487
               25484               27496               29538               31886
               34268               36949               39649               42675
               46012               49372               52755                   2
                   3   0.00000000000E+00   5.00000000000E-07   1.00000000000E-06
   0.00000000000E+00   2.00000000000E+06   0.00000000000E+00   0.00000000000E+00
   5.00000000000E-01   1.00000000000E+00                   2                   3
   0.00000000000E+00   5.00000000000E-07   1.00000000000E-06   0.00000000000E+00
   2.00000000000E+06   0.00000000000E+00   0.00000000000E+00   5.00000000000E-01
   1.00000000000E+00                   2                  17   0.00000000000E+00
   2.50000000000E-02   1.00000000000E-01   2.00000000000E-01   3.00000000000E-01
   4.00000000000E-01   5.00000000000E-01   6.00000000000E-01   7.00000000000E-01
   8.00000000000E-01   9.00000000000E-01   1.00000000000E+00   1.10000000000E+00
   1.20000000000E+00   1.30000000000E+00   1.40000000000E+00   1.50000000000E+00
   0.00000000000E+00   2.44140000000E-04   8.55678100000E-04   3.46318600000E+00
   2.45999700000E+00   1.03219200000E-03   9.09049100000E-04   3.74023000000E-04
   1.99652000000E-04   1.08369000000E-04   6.88718100000E-05   3.63847500000E+00
   2.65114000000E-05   1.19077000000E-05   2.98005000000E-06   3.28766000000E-07
   8.69473100000E-01   0.00000000000E+00   3.05175025000E-06   4.42949287000E-05
   1.73246393000E-01   4.69405568000E-01   5.92457037000E-01   5.92554099000E-01
   5.92618253000E-01   5.92646937000E-01   5.92662338000E-01   5.92671200000E-01
   7.74598409000E-01   9.56523499000E-01   9.56525420000E-01   9.56526165000E-01
   9.56526330000E-01   1.00000000000E+00                   2                  37
   0.00000000000E+00   2.50000000000E-02   1.00000000000E-01   2.00000000000E-01
   3.00000000000E-01   4.00000000000E-01   5.00000000000E-01   6.00000000000E-01
   7.00000000000E-01   8.00000000000E-01   9.00000000000E-01   1.00000000000E+00
   1.10000000000E+00   1.20000000000E+00   1.30000000000E+00   1.40000000000E+00
   1.50000000000E+00   1.60000000000E+00   1.70000000000E+00   1.80000000000E+00
   1.90000000000E+00   2.00000000000E+00   2.10000000000E+00   2.20000000000E+00
   2.30000000000E+00   2.40000000000E+00   2.50000000000E+00   2.60000000000E+00
   2.70000000000E+00   2.80000000000E+00   2.90000000000E+00   3.00000000000E+00
   3.10000000000E+00   3.20000000000E+00   3.30000000000E+00   3.40000000000E+00
   3.50000000000E+00   0.00000000000E+00   8.14539900000E-02   3.13512000000E-01
   4.98806000000E-01   5.71423500000E-01   5.85914000000E-01   5.72956300000E-01
   5.46780700000E-01   5.16423600000E-01   2.45716500000E-01   3.34559300000E-02
   8.33609300000E-01   4.54516200000E-01   1.18557800000E+00   1.20691100000E-03
   4.19017800000E-01   4.58919700000E-01   4.74300800000E-01   4.66136000000E-04
   1.06269200000E-01   7.03190500000E-01   2.14932000000E-04   1.54974000000E-04
   5.54419100000E-01   4.58889300000E-01   5.96556000000E-05   4.11517000000E-05
   2.62187000000E-05   1.63212000000E-05   9.99717000000E-06   5.92227000000E-06
   4.08592200000E-01   1.71436000000E-06   7.18762000000E-07   2.11464000000E-07
   2.62290000000E-08   1.07932000000E-01   0.00000000000E+00   1.01817492000E-03
   1.58294003000E-02   5.64453022000E-02   1.09956780000E-01   1.67823658000E-01
   2.25767175000E-01   2.81754028000E-01   3.34914246000E-01   3.73021253000E-01
   3.86979875000E-01   4.30333138000E-01   4.94739416000E-01   5.76744130000E-01
   6.36083379000E-01   6.57094615000E-01   7.00991493000E-01   7.47652520000E-01
   7.71390868000E-01   7.76727635000E-01   8.17200622000E-01   8.52370895000E-01
   8.52389390000E-01   8.80118095000E-01   9.30783518000E-01   9.53730967000E-01
   9.53736007000E-01   9.53739376000E-01   9.53741503000E-01   9.53742819000E-01
   9.53743615000E-01   9.74173522000E-01   9.94603218000E-01   9.94603340000E-01
   9.94603387000E-01   9.94603398000E-01   1.00000000000E+00                   0
                   0                   0                   0                   0
                   0                   0                   0                   0
                   0                   0                   0                   0
                   0                   0                   0                   0
                   0                   0                   0                   0
                   0                   0                   0                   0
                   0                   0                   0                   0
                   0                   0                   0                   0
                   0                   0                   0                   0
                   0                   0                   0                   0
                   0                   0                   0                   0
                   0                   0                   0                   0
                   0                   0                   0                   0
                   0                   0                   0                   0
                   0                   0                   0                   0
                   0                   0                   0                   0
                   0                   0                   0                   0
                   0                   0                   0                   0
                   0                   0                   0                   0
                   0                   0                   0                   0
                   0                   0                   0                   0
                   0                   0                   0                   0
                   0                   0                   0                   0
                   0                   0                   0                   0
                   0                   0                   0                   0
                   0                   0                   0                   0
                   0                   0                   0                   0
                   0                   0                   0                   0
                   0                   0                   0                   0
                   0                   0                   0                   0
                   0                   0                   0                   0
                   0                   0                   0                   0
                   0                   0                   0                   0
                   0
