 59141.00u  139.697200  0.0000E+00   05/27/20
Ace Pr141 IAEA-PD                                                        mat5925
      0         0.      0         0.      0         0.      0         0.
      0         0.      0         0.      0         0.      0         0.
      0         0.      0         0.      0         0.      0         0.
      0         0.      0         0.      0         0.      0         0.
   335581    59141       89        1        7        2       12        0
        0        0        0        0        0        0        0        1
        1       90       90        0      179      268      269      270
      271      362      446        0        0        0        0        0
        0        0        0        0        0        0        0        0
        0        0        0        0        0        0        0        0
   9.99999000000E-01   1.00000000000E+00   1.50000000000E+00   2.00000000000E+00
   2.50000000000E+00   3.00000000000E+00   3.50000000000E+00   4.00000000000E+00
   4.50000000000E+00   5.00000000000E+00   5.50000000000E+00   6.00000000000E+00
   6.50000000000E+00   7.00000000000E+00   7.50000000000E+00   8.00000000000E+00
   8.50000000000E+00   9.00000000000E+00   9.50000000000E+00   1.00000000000E+01
   1.05000000000E+01   1.10000000000E+01   1.15000000000E+01   1.20000000000E+01
   1.25000000000E+01   1.30000000000E+01   1.35000000000E+01   1.40000000000E+01
   1.45000000000E+01   1.50000000000E+01   1.55000000000E+01   1.60000000000E+01
   1.65000000000E+01   1.70000000000E+01   1.75000000000E+01   1.80000000000E+01
   1.85000000000E+01   1.90000000000E+01   1.95000000000E+01   2.00000000000E+01
   2.10000000000E+01   2.20000000000E+01   2.30000000000E+01   2.40000000000E+01
   2.50000000000E+01   2.60000000000E+01   2.70000000000E+01   2.80000000000E+01
   2.90000000000E+01   3.00000000000E+01   3.20000000000E+01   3.40000000000E+01
   3.60000000000E+01   3.80000000000E+01   4.00000000000E+01   4.20000000000E+01
   4.40000000000E+01   4.60000000000E+01   4.80000000000E+01   5.00000000000E+01
   5.20000000000E+01   5.40000000000E+01   5.60000000000E+01   5.80000000000E+01
   6.00000000000E+01   6.20000000000E+01   6.40000000000E+01   6.60000000000E+01
   6.80000000000E+01   7.00000000000E+01   7.20000000000E+01   7.40000000000E+01
   7.60000000000E+01   7.80000000000E+01   8.00000000000E+01   8.50000000000E+01
   9.00000000000E+01   9.50000000000E+01   1.00000000000E+02   1.10000000000E+02
   1.20000000000E+02   1.30000000000E+02   1.40000000000E+02   1.50000000000E+02
   1.60000000000E+02   1.70000000000E+02   1.80000000000E+02   1.90000000000E+02
   2.00000000000E+02   0.00000000000E+00   1.85503400000E-05   5.27210100000E-05
   1.14689300000E-04   2.14919100000E-04   3.66458500000E-04   5.86092500000E-04
   8.96023400000E-04   1.32634900000E-03   1.91865000000E-03   2.73076400000E-03
   3.84180000000E-03   5.35469900000E-03   7.39823800000E-03   1.01684200000E-02
   1.41170400000E-02   2.03208300000E-02   3.05306500000E-02   4.36839300000E-02
   5.02605800000E-02   5.15661100000E-02   5.73115600000E-02   6.99128800000E-02
   8.92142700000E-02   1.14994900000E-01   1.49451400000E-01   1.96684600000E-01
   2.56326500000E-01   3.16168400000E-01   3.51891900000E-01   3.46384100000E-01
   3.08263900000E-01   2.58846400000E-01   2.12651500000E-01   1.74637000000E-01
   1.44829700000E-01   1.21751400000E-01   1.03819700000E-01   8.97389500000E-02
   7.85351300000E-02   6.18816300000E-02   5.04477600000E-02   4.22405400000E-02
   3.61296100000E-02   3.14419000000E-02   2.77582600000E-02   2.48070500000E-02
   2.24059300000E-02   2.04285800000E-02   1.87849400000E-02   1.62514800000E-02
   1.44473000000E-02   1.31540000000E-02   1.22281100000E-02   1.15701000000E-02
   1.11083400000E-02   1.07901400000E-02   1.05762900000E-02   1.04374900000E-02
   1.03517500000E-02   1.03025900000E-02   1.02776800000E-02   1.02678300000E-02
   1.02661900000E-02   1.02677000000E-02   1.02686700000E-02   1.02664000000E-02
   1.02590000000E-02   1.02451600000E-02   1.02240300000E-02   1.01950900000E-02
   1.01580900000E-02   1.01129700000E-02   1.00598500000E-02   9.99893500000E-03
   9.81468900000E-03   9.58997800000E-03   9.33221500000E-03   9.04927300000E-03
   8.43936600000E-03   7.82106800000E-03   7.25043400000E-03   6.77844700000E-03
   6.19106000000E-03   5.68357000000E-03   5.24158000000E-03   4.85386600000E-03
   4.51155700000E-03   4.20756000000E-03   0.00000000000E+00   1.00000000000E+00
   1.05124900000E+00   1.10249900000E+00   1.15374900000E+00   9.65902700000E-01
   6.66441800000E-01   3.03195500000E-01   3.16321200000E-01   3.17357900000E-01
   2.86480400000E-01   2.10663100000E-01   2.23489600000E-01   2.07403400000E-01
   1.72242900000E-01   1.28653000000E-01   1.56508000000E+00   3.13085300000E+00
   6.62575300000E+00   8.35677000000E+00   8.42097100000E+00   8.56407500000E+00
   8.84123900000E+00   9.14374700000E+00   9.24408500000E+00   9.31132000000E+00
   9.34424400000E+00   9.33673100000E+00   9.38670100000E+00   9.40550600000E+00
   9.39962500000E+00   9.37335100000E+00   9.45161500000E+00   9.53149500000E+00
   9.64429000000E+00   1.02274500000E+01   1.14080500000E+01   1.24920000000E+01
   1.33871600000E+01   1.41061000000E+01   1.48930600000E+01   1.55380100000E+01
   1.59070400000E+01   1.62072500000E+01   1.64394700000E+01   1.66242300000E+01
   1.67744100000E+01   1.69199500000E+01   1.74458600000E+01   1.81573000000E+01
   2.00996300000E+01   2.21261800000E+01   2.38848400000E+01   2.51140700000E+01
   2.64294600000E+01   2.79670100000E+01   2.94005200000E+01   3.05444300000E+01
   3.16470300000E+01   3.26301300000E+01   3.37818100000E+01   3.51662500000E+01
   3.65341600000E+01   3.78795900000E+01   3.91626500000E+01   4.03618300000E+01
   4.15615400000E+01   4.27782900000E+01   4.40136900000E+01   4.52633400000E+01
   4.65249700000E+01   4.77449700000E+01   4.89881000000E+01   5.01871700000E+01
   5.13665900000E+01   5.43564900000E+01   5.72455100000E+01   6.02769600000E+01
   6.31555600000E+01   6.91286100000E+01   7.48046000000E+01   8.06631400000E+01
   8.65070100000E+01   9.24791600000E+01   9.83447100000E+01   1.04385200000E+02
   1.10429900000E+02   1.16635600000E+02   1.22721800000E+02                   5
   0.00000000000E+00                   1                   1                  89
   0.00000000000E+00   1.85503400000E-05   5.27210100000E-05   1.14689300000E-04
   2.14919100000E-04   3.66458500000E-04   5.86092500000E-04   8.96023400000E-04
   1.32634900000E-03   1.91865000000E-03   2.73076400000E-03   3.84180000000E-03
   5.35469900000E-03   7.39823800000E-03   1.01684200000E-02   1.41170400000E-02
   2.03208300000E-02   3.05306500000E-02   4.36839300000E-02   5.02605800000E-02
   5.15661100000E-02   5.73115600000E-02   6.99128800000E-02   8.92142700000E-02
   1.14994900000E-01   1.49451400000E-01   1.96684600000E-01   2.56326500000E-01
   3.16168400000E-01   3.51891900000E-01   3.46384100000E-01   3.08263900000E-01
   2.58846400000E-01   2.12651500000E-01   1.74637000000E-01   1.44829700000E-01
   1.21751400000E-01   1.03819700000E-01   8.97389500000E-02   7.85351300000E-02
   6.18816300000E-02   5.04477600000E-02   4.22405400000E-02   3.61296100000E-02
   3.14419000000E-02   2.77582600000E-02   2.48070500000E-02   2.24059300000E-02
   2.04285800000E-02   1.87849400000E-02   1.62514800000E-02   1.44473000000E-02
   1.31540000000E-02   1.22281100000E-02   1.15701000000E-02   1.11083400000E-02
   1.07901400000E-02   1.05762900000E-02   1.04374900000E-02   1.03517500000E-02
   1.03025900000E-02   1.02776800000E-02   1.02678300000E-02   1.02661900000E-02
   1.02677000000E-02   1.02686700000E-02   1.02664000000E-02   1.02590000000E-02
   1.02451600000E-02   1.02240300000E-02   1.01950900000E-02   1.01580900000E-02
   1.01129700000E-02   1.00598500000E-02   9.99893500000E-03   9.81468900000E-03
   9.58997800000E-03   9.33221500000E-03   9.04927300000E-03   8.43936600000E-03
   7.82106800000E-03   7.25043400000E-03   6.77844700000E-03   6.19106000000E-03
   5.68357000000E-03   5.24158000000E-03   4.85386600000E-03   4.51155700000E-03
   4.20756000000E-03                   1                   1                 446
                 520                 594                 595                 596
                 597                 747                 748                 748
                 749                   2                   1               52042
               52133               52224               52225               52226
               52227               52403               52404               52404
               52405                   9                   1               66069
               66151               66233               66234               66235
               66236               66402               66403               66403
               66404                  31                   1              126242
              126310              126378              126379              126380
              126381              126519              126520              126520
              126521                  32                   1              175165
              175230              175295              175296              175297
              175298              175430              175431              175431
              175432                  33                   1              222175
              222236              222297              222298              222299
              222300              222428              222429              222429
              222430                  34                   1              267848
              267935              268022              268023              268024
              268025              268203              268204              268204
              268205                  18                  72   0.00000000000E+00
   2.02435500000E-02   4.44590200000E-02   4.80537800000E-02   5.45532000000E-02
   6.72128000000E-02   8.64983500000E-02   1.12421300000E-01   1.47103200000E-01
   1.94537000000E-01   2.54356800000E-01   3.14407500000E-01   3.50402200000E-01
   3.45188500000E-01   3.07313200000E-01   2.58069500000E-01   2.11968900000E-01
   1.75049100000E-01   1.58984600000E-01   1.51002700000E-01   1.43329700000E-01
   1.34250700000E-01   1.24002700000E-01   1.04275400000E-01   8.79524900000E-02
   7.53171600000E-02   6.52608100000E-02   5.72101100000E-02   5.06753400000E-02
   4.53234500000E-02   4.09500000000E-02   3.77891800000E-02   3.59433300000E-02
   3.34358400000E-02   3.21536900000E-02   3.08262900000E-02   2.95853500000E-02
   2.91189500000E-02   2.93052600000E-02   2.96473400000E-02   2.98653000000E-02
   3.00552700000E-02   3.02499500000E-02   3.06992900000E-02   3.13543700000E-02
   3.21376200000E-02   3.29423200000E-02   3.36632900000E-02   3.42608000000E-02
   3.49002600000E-02   3.55124100000E-02   3.61305500000E-02   3.66703200000E-02
   3.71649600000E-02   3.76771500000E-02   3.80519500000E-02   3.84484800000E-02
   3.87990300000E-02   3.95271700000E-02   4.00351200000E-02   4.03037400000E-02
   4.04987300000E-02   4.02192400000E-02   3.95785000000E-02   3.88339900000E-02
   3.81471100000E-02   3.65443900000E-02   3.50688900000E-02   3.37005400000E-02
   3.24381000000E-02   3.12660200000E-02   3.01657700000E-02                  18
                  72   0.00000000000E+00   3.15058700000E-02   3.57480100000E-01
   5.36876300000E-01   7.12100600000E-01   8.84560700000E-01   1.05883800000E+00
   1.08636000000E+00   1.11261300000E+00   1.13696700000E+00   1.15968300000E+00
   1.21886900000E+00   1.27729700000E+00   1.33513500000E+00   1.39248400000E+00
   1.42808700000E+00   1.46327000000E+00   1.50712500000E+00   1.68960300000E+00
   1.91061500000E+00   2.12859900000E+00   2.30859400000E+00   2.43867200000E+00
   2.79354300000E+00   3.08785500000E+00   3.30977200000E+00   3.50664400000E+00
   3.72037000000E+00   3.92135100000E+00   4.14807800000E+00   4.37314300000E+00
   4.58000400000E+00   4.89653700000E+00   5.54339900000E+00   6.21470100000E+00
   6.77366000000E+00   7.38182500000E+00   8.08288000000E+00   8.78603200000E+00
   9.47701300000E+00   1.01633300000E+01   1.07959700000E+01   1.14418600000E+01
   1.20980600000E+01   1.27622100000E+01   1.34793800000E+01   1.42217000000E+01
   1.49421800000E+01   1.56221200000E+01   1.63412400000E+01   1.70716400000E+01
   1.78321400000E+01   1.85833300000E+01   1.93046400000E+01   2.00664600000E+01
   2.07871100000E+01   2.15520400000E+01   2.23251100000E+01   2.42093400000E+01
   2.61712700000E+01   2.80515700000E+01   3.00810200000E+01   3.38992900000E+01
   3.79788900000E+01   4.18961500000E+01   4.58057300000E+01   4.95987500000E+01
   5.34706900000E+01   5.71765400000E+01   6.09475200000E+01   6.46146500000E+01
   6.83058400000E+01                   5                  -1                   1
                   6                   5                   0                  73
   1.00000000000E+00   9.39887200000E+00   9.50000000000E+00   1.00000000000E+01
   1.05000000000E+01   1.10000000000E+01   1.15000000000E+01   1.20000000000E+01
   1.25000000000E+01   1.30000000000E+01   1.35000000000E+01   1.40000000000E+01
   1.45000000000E+01   1.50000000000E+01   1.55000000000E+01   1.60000000000E+01
   1.65000000000E+01   1.70000000000E+01   1.75000000000E+01   1.80000000000E+01
   1.85000000000E+01   1.90000000000E+01   1.95000000000E+01   2.00000000000E+01
   2.10000000000E+01   2.20000000000E+01   2.30000000000E+01   2.40000000000E+01
   2.50000000000E+01   2.60000000000E+01   2.70000000000E+01   2.80000000000E+01
   2.90000000000E+01   3.00000000000E+01   3.20000000000E+01   3.40000000000E+01
   3.60000000000E+01   3.80000000000E+01   4.00000000000E+01   4.20000000000E+01
   4.40000000000E+01   4.60000000000E+01   4.80000000000E+01   5.00000000000E+01
   5.20000000000E+01   5.40000000000E+01   5.60000000000E+01   5.80000000000E+01
   6.00000000000E+01   6.20000000000E+01   6.40000000000E+01   6.60000000000E+01
   6.80000000000E+01   7.00000000000E+01   7.20000000000E+01   7.40000000000E+01
   7.60000000000E+01   7.80000000000E+01   8.00000000000E+01   8.50000000000E+01
   9.00000000000E+01   9.50000000000E+01   1.00000000000E+02   1.10000000000E+02
   1.20000000000E+02   1.30000000000E+02   1.40000000000E+02   1.50000000000E+02
   1.60000000000E+02   1.70000000000E+02   1.80000000000E+02   1.90000000000E+02
   2.00000000000E+02   0.00000000000E+00   0.00000000000E+00   4.63409500000E-01
   8.84570400000E-01   9.31886900000E-01   9.51870800000E-01   9.61379400000E-01
   9.69557300000E-01   9.77619900000E-01   9.84287900000E-01   9.89081000000E-01
   9.92315700000E-01   9.94430500000E-01   9.95766600000E-01   9.96548300000E-01
   9.96916000000E-01   9.96998600000E-01   9.96790100000E-01   1.00236000000E+00
   1.09773500000E+00   1.24025400000E+00   1.38056400000E+00   1.49601400000E+00
   1.57894600000E+00   1.68507800000E+00   1.74343700000E+00   1.78305400000E+00
   1.80629700000E+00   1.81955000000E+00   1.82559500000E+00   1.82703900000E+00
   1.82764100000E+00   1.84981900000E+00   1.91341200000E+00   2.05740300000E+00
   2.22558500000E+00   2.34349200000E+00   2.41945400000E+00   2.51674100000E+00
   2.63813100000E+00   2.74763300000E+00   2.82379700000E+00   2.87955000000E+00
   2.92220600000E+00   2.97976400000E+00   3.05072400000E+00   3.12993300000E+00
   3.20881700000E+00   3.27856200000E+00   3.33644000000E+00   3.39946400000E+00
   3.46158600000E+00   3.52659700000E+00   3.58668000000E+00   3.64537800000E+00
   3.70907800000E+00   3.76268800000E+00   3.82197300000E+00   3.88031600000E+00
   4.02734800000E+00   4.17468300000E+00   4.31877500000E+00   4.47535700000E+00
   4.76567100000E+00   5.06049800000E+00   5.35609200000E+00   5.62770600000E+00
   5.90276800000E+00   6.17022200000E+00   6.42946200000E+00   6.68294100000E+00
   6.93020600000E+00   7.16942100000E+00                   0                   1
                   0                   4                  10                   0
                   2   1.00000000000E+00   2.00000000000E+02   1.00000000000E+00
   1.00000000000E+00                   0                  31   1.00000000000E+00
   9.39887200000E+00   1.00000000000E+01   1.20000000000E+01   1.40000000000E+01
   1.60000000000E+01   1.80000000000E+01   2.00000000000E+01   2.20000000000E+01
   2.40000000000E+01   2.60000000000E+01   2.80000000000E+01   3.00000000000E+01
   3.20000000000E+01   3.60000000000E+01   4.00000000000E+01   4.40000000000E+01
   4.80000000000E+01   5.00000000000E+01   5.20000000000E+01   5.60000000000E+01
   6.00000000000E+01   7.00000000000E+01   8.00000000000E+01   9.00000000000E+01
   1.00000000000E+02   1.20000000000E+02   1.40000000000E+02   1.60000000000E+02
   1.80000000000E+02   2.00000000000E+02                  74                  97
                 120                 178                 432                 962
                1668                2484                3388                4358
                5569                6845                8173                9540
               10946               12417               14174               15976
               17823               19685               21562               23469
               25406               27652               29932               32518
               35142               38084               41352               44643
               47957                   2                   3   0.00000000000E+00
   5.00000000000E-07   1.00000000000E-06   0.00000000000E+00   2.00000000000E+06
   0.00000000000E+00   0.00000000000E+00   5.00000000000E-01   1.00000000000E+00
                   0                   0                   0                   0
                   0                   0                   0                   0
                   0                   0                   0                   0
                   2                   3   0.00000000000E+00   5.00000000000E-07
   1.00000000000E-06   0.00000000000E+00   2.00000000000E+06   0.00000000000E+00
   0.00000000000E+00   5.00000000000E-01   1.00000000000E+00                   0
                   0                   0                   0                   0
                   0                   0                   0                   0
                   0                   0                   0                   2
                   8   0.00000000000E+00   2.50000000000E-02   1.00000000000E-01
   2.00000000000E-01   3.00000000000E-01   4.00000000000E-01   5.00000000000E-01
   6.00000000000E-01   0.00000000000E+00   1.72464300000E-02   6.80864300000E-02
   1.07118300000E+00   3.59863800000E+00   1.80229100000E+00   5.54463900000E-01
   5.81045000000E+00   0.00000000000E+00   2.15580381000E-04   3.41556271000E-03
   6.03790357000E-02   2.93870092000E-01   5.63916549000E-01   6.81754297000E-01
   1.00000000000E+00                   0                   0                   0
                   0                   0                   0                   0
                   0                   0                   0                   0
                   0                   0                   0                   0
                   0                   0                   0                   0
                   0                   0                   0                   0
                   0                   0                   0                   0
                   0                   0                   0                   0
                   0                   2                  28   0.00000000000E+00
   2.50000000000E-02   1.00000000000E-01   2.00000000000E-01   3.00000000000E-01
   4.00000000000E-01   5.00000000000E-01   6.00000000000E-01   7.00000000000E-01
   8.00000000000E-01   9.00000000000E-01   1.00000000000E+00   1.10000000000E+00
   1.20000000000E+00   1.30000000000E+00   1.40000000000E+00   1.50000000000E+00
   1.60000000000E+00   1.70000000000E+00   1.80000000000E+00   1.90000000000E+00
   2.00000000000E+00   2.10000000000E+00   2.20000000000E+00   2.30000000000E+00
   2.40000000000E+00   2.50000000000E+00   2.60000000000E+00                   0
                   0                   0                   0                   1
                   1                   1                   1                   1
                   1                   1   4.70398100000E-01   4.28090800000E-01
                   1                   0                   0                   1
                   1   7.83983100000E-01                   0                   0
                   0                   0                   0                   0
                   0                   0                   0                   0
                   0                   0                   0                   0
                   0                   0                   0                   0
                   0                   0                   0                   1
   5.84553837000E-01   6.33345393000E-01                   1                   1
   7.51029293000E-01                   1   8.56917055000E-01   8.67594086000E-01
   9.00407311000E-01   9.23367685000E-01   9.30936688000E-01   9.53304533000E-01
   9.73787773000E-01   9.82079744000E-01   1.00000000000E+00   0.00000000000E+00
   0.00000000000E+00   0.00000000000E+00   0.00000000000E+00   0.00000000000E+00
   0.00000000000E+00   0.00000000000E+00   0.00000000000E+00   0.00000000000E+00
   0.00000000000E+00   0.00000000000E+00   0.00000000000E+00   0.00000000000E+00
   0.00000000000E+00   0.00000000000E+00   0.00000000000E+00   0.00000000000E+00
   0.00000000000E+00   0.00000000000E+00   0.00000000000E+00   0.00000000000E+00
   0.00000000000E+00   0.00000000000E+00   0.00000000000E+00                   0
                   0                   0                   0                   0
                   0                   0                   0                   0
                   0                   0                   0                   0
                   0                   0                   0                   0
                   0                   0                   0                   0
                   0                   0                   0                   0
                   0                   0                   0                   0
                   0                   0                   0                   0
                   0                   0                   0                   0
                   0                   0                   0
