 78194.00u  192.296500  0.0000E+00   06/19/20
Ace Pt194 IAEA-PD                                                        mat7837
      0         0.      0         0.      0         0.      0         0.
      0         0.      0         0.      0         0.      0         0.
      0         0.      0         0.      0         0.      0         0.
      0         0.      0         0.      0         0.      0         0.
   357582    78194       91        2        7        2       12        0
        0        0        0        0        0        0        0        1
        1       92       92        0      183      274      276      278
      280      425      509        0        0        0        0        0
        0        0        0        0        0        0        0        0
        0        0        0        0        0        0        0        0
   9.99999000000E-01   1.00000000000E+00   1.50000000000E+00   2.00000000000E+00
   2.50000000000E+00   3.00000000000E+00   3.50000000000E+00   4.00000000000E+00
   4.50000000000E+00   5.00000000000E+00   5.25000000000E+00   5.50000000000E+00
   5.75000000000E+00   6.00000000000E+00   6.50000000000E+00   7.00000000000E+00
   7.50000000000E+00   8.00000000000E+00   8.50000000000E+00   9.00000000000E+00
   9.50000000000E+00   1.00000000000E+01   1.05000000000E+01   1.10000000000E+01
   1.15000000000E+01   1.20000000000E+01   1.25000000000E+01   1.30000000000E+01
   1.35000000000E+01   1.40000000000E+01   1.45000000000E+01   1.50000000000E+01
   1.55000000000E+01   1.60000000000E+01   1.65000000000E+01   1.70000000000E+01
   1.75000000000E+01   1.80000000000E+01   1.85000000000E+01   1.90000000000E+01
   1.95000000000E+01   2.00000000000E+01   2.10000000000E+01   2.20000000000E+01
   2.30000000000E+01   2.40000000000E+01   2.50000000000E+01   2.60000000000E+01
   2.70000000000E+01   2.80000000000E+01   2.90000000000E+01   3.00000000000E+01
   3.20000000000E+01   3.40000000000E+01   3.60000000000E+01   3.80000000000E+01
   4.00000000000E+01   4.20000000000E+01   4.40000000000E+01   4.60000000000E+01
   4.80000000000E+01   5.00000000000E+01   5.20000000000E+01   5.40000000000E+01
   5.60000000000E+01   5.80000000000E+01   6.00000000000E+01   6.20000000000E+01
   6.40000000000E+01   6.60000000000E+01   6.80000000000E+01   7.00000000000E+01
   7.20000000000E+01   7.40000000000E+01   7.60000000000E+01   7.80000000000E+01
   8.00000000000E+01   8.50000000000E+01   9.00000000000E+01   9.50000000000E+01
   1.00000000000E+02   1.10000000000E+02   1.20000000000E+02   1.30000000000E+02
   1.40000000000E+02   1.50000000000E+02   1.60000000000E+02   1.70000000000E+02
   1.80000000000E+02   1.90000000000E+02   2.00000000000E+02   0.00000000000E+00
   4.33912500000E-05   1.24795800000E-04   2.74219500000E-04   5.18720700000E-04
   8.92843000000E-04   1.44203300000E-03   2.22742200000E-03   3.33204800000E-03
   4.86709200000E-03   5.83895900000E-03   6.97284600000E-03   8.28874900000E-03
   9.80658200000E-03   1.35372500000E-02   1.84537000000E-02   2.52396500000E-02
   3.49821400000E-02   4.78210700000E-02   6.10692700000E-02   7.45517700000E-02
   9.35134600000E-02   1.22492800000E-01   1.65288100000E-01   2.26415000000E-01
   3.08833300000E-01   4.06003000000E-01   4.92242400000E-01   5.31621400000E-01
   5.12754900000E-01   4.58606900000E-01   3.95946900000E-01   3.36794300000E-01
   2.84010000000E-01   2.38856800000E-01   2.01846400000E-01   1.72269900000E-01
   1.48786600000E-01   1.30043400000E-01   1.14922600000E-01   1.02569200000E-01
   9.23469500000E-02   7.62252300000E-02   6.43952400000E-02   5.54030600000E-02
   4.83710100000E-02   4.27456000000E-02   3.81639600001E-02   3.43798300006E-02
   3.12207100022E-02   2.85622000063E-02   2.63120500154E-02   2.27713600624E-02
   2.01971001843E-02   1.83254404451E-02   1.69717309418E-02   1.60015718176E-02
   1.53150632777E-02   1.48372756046E-02   1.45118691736E-02   1.42964344655E-02
   1.41591420767E-02   1.40761127236E-02   1.40294772471E-02   1.40059366098E-02
   1.39955618979E-02   1.39910343305E-02   1.39869552158E-02   1.39794660036E-02
   1.39657682173E-02   1.39439235197E-02   1.39126536099E-02   1.38711802870E-02
   1.38190753601E-02   1.37562207614E-02   1.36827083305E-02   1.35987800960E-02
   1.33461780330E-02   1.30392298570E-02   1.26877850800E-02   1.23024220960E-02
   1.14724126530E-02   1.06314355300E-02   9.85549115000E-03   9.21375669000E-03
   8.41524008000E-03   7.72536652000E-03   7.12455338000E-03   6.59753131000E-03
   6.13223530000E-03   5.71902180000E-03   0.00000000000E+00   1.00000000000E+00
   1.05762400000E+00   1.11524800000E+00   1.17287300000E+00   9.65664100000E-01
   6.67712800000E-01   3.18874100000E-01   3.51216000000E-01   3.58918000000E-01
   3.47299000000E-01   3.19106300000E-01   2.76824200000E-01   2.21342900000E-01
   2.07283200000E-01   1.64920100000E-01   1.05676200000E-01   3.91152100000E-02
   7.31200700000E+00   7.54643000000E+00   7.59843800000E+00   8.06965600000E+00
   8.17557900000E+00   8.21548400000E+00   8.21547900000E+00   8.19181400000E+00
   8.27904000000E+00   8.34587200000E+00   8.38314500000E+00   8.38417100000E+00
   8.74057000000E+00   9.37449600000E+00   1.04645200000E+01   1.13574100000E+01
   1.20574500000E+01   1.25171500000E+01   1.29516100000E+01   1.34358500000E+01
   1.35797800000E+01   1.37126800000E+01   1.38383700000E+01   1.39541100000E+01
   1.40998200000E+01   1.41862200000E+01   1.42440700000E+01   1.42969900000E+01
   1.52777300000E+01   1.65632200000E+01   1.78884000000E+01   1.90534500000E+01
   1.98234500000E+01   2.04987500000E+01   2.14433700000E+01   2.28875700000E+01
   2.41847300000E+01   2.53060400000E+01   2.64384300000E+01   2.72107700000E+01
   2.81047200000E+01   2.94025500000E+01   3.08060100000E+01   3.21771200000E+01
   3.34056400000E+01   3.46309500000E+01   3.58204800000E+01   3.69807200000E+01
   3.81161400000E+01   3.90731500000E+01   4.01270100000E+01   4.12535300000E+01
   4.23003900000E+01   4.35156100000E+01   4.46879100000E+01   4.58739400000E+01
   4.70599600000E+01   4.81837300000E+01   4.92655800000E+01   5.19798900000E+01
   5.46391200000E+01   5.73203900000E+01   6.01318900000E+01   6.56669500000E+01
   7.09774400000E+01   7.66659600000E+01   8.22696600000E+01   8.81547700000E+01
   9.39773800000E+01   1.00102000000E+02   1.06256900000E+02   1.12194800000E+02
   1.19255200000E+02                   5                  18   0.00000000000E+00
   1.36998000000E+02                   1                  94                   1
                  91   0.00000000000E+00   4.33912500000E-05   1.24795800000E-04
   2.74219500000E-04   5.18720700000E-04   8.92843000000E-04   1.44203300000E-03
   2.22742200000E-03   3.33204800000E-03   4.86709200000E-03   5.83895900000E-03
   6.97284600000E-03   8.28874900000E-03   9.80658200000E-03   1.35372500000E-02
   1.84537000000E-02   2.52396500000E-02   3.49821400000E-02   4.78210700000E-02
   6.10692700000E-02   7.45517700000E-02   9.35134600000E-02   1.22492800000E-01
   1.65288100000E-01   2.26415000000E-01   3.08833300000E-01   4.06003000000E-01
   4.92242400000E-01   5.31621400000E-01   5.12754900000E-01   4.58606900000E-01
   3.95946900000E-01   3.36794300000E-01   2.84010000000E-01   2.38856800000E-01
   2.01846400000E-01   1.72269900000E-01   1.48786600000E-01   1.30043400000E-01
   1.14922600000E-01   1.02569200000E-01   9.23469500000E-02   7.62252300000E-02
   6.43952400000E-02   5.54030600000E-02   4.83710100000E-02   4.27456000000E-02
   3.81639600000E-02   3.43798300000E-02   3.12207100000E-02   2.85622000000E-02
   2.63120500000E-02   2.27713600000E-02   2.01971000000E-02   1.83254400000E-02
   1.69717300000E-02   1.60015700000E-02   1.53150600000E-02   1.48372700000E-02
   1.45118600000E-02   1.42964200000E-02   1.41591200000E-02   1.40760800000E-02
   1.40294300000E-02   1.40058700000E-02   1.39954700000E-02   1.39909100000E-02
   1.39867900000E-02   1.39792500000E-02   1.39654900000E-02   1.39435700000E-02
   1.39122100000E-02   1.38706300000E-02   1.38184000000E-02   1.37554000000E-02
   1.36817200000E-02   1.35976000000E-02   1.33444000000E-02   1.30366600000E-02
   1.26842000000E-02   1.22975700000E-02   1.14641700000E-02   1.06185000000E-02
   9.83633600000E-03   9.18649100000E-03   8.37881800000E-03   7.67811500000E-03
   7.06476000000E-03   6.52351300000E-03   6.04139500000E-03   5.61039300000E-03
                  42                  50   0.00000000000E+00   2.10368000000E-27
   1.38292000000E-22   9.43642000000E-18   1.58112000000E-15   1.21575000000E-14
   9.18804000000E-14   5.57510000000E-13   2.15675000000E-12   6.32057000000E-12
   1.53478000000E-11   6.24061000000E-11   1.84249000000E-10   4.45095000000E-10
   9.41812000000E-10   1.81764000000E-09   3.27767700000E-09   5.60463200000E-09
   9.17360200000E-09   1.44654900000E-08   2.20766700000E-08   3.27236400000E-08
   4.72470900000E-08   6.66098100000E-08   9.18978600000E-08   1.24330500000E-07
   1.65215800000E-07   2.16003600000E-07   2.78217300000E-07   3.53519700000E-07
   4.43609900000E-07   5.50287000000E-07   6.75360100000E-07   8.20761400000E-07
   9.88330500000E-07   1.18009600000E-06   1.77803300000E-06   2.56985700000E-06
   3.58508000000E-06   4.85209600000E-06   8.24265300000E-06   1.29355300000E-05
   1.91551500000E-05   2.72656900000E-05   3.64220800000E-05   4.72515200000E-05
   5.97933800000E-05   7.40183100000E-05   9.08403000000E-05   1.08628800000E-04
                   1                   2                 509                 586
                 663                 665                 667                 669
                 927                 929                 929                 931
                   2                   1               62399               62492
               62585               62586               62587               62588
               62768               62769               62769               62770
                   9                   1               77136               77213
               77290               77291               77292               77293
               77449               77450               77450               77451
                  31                   1              134500              134566
              134632              134633              134634              134635
              134773              134774              134774              134775
                  32                   1              184662              184727
              184792              184793              184794              184795
              184935              184936              184936              184937
                  33                   1              235695              235756
              235817              235818              235819              235820
              235954              235955              235955              235956
                  34                   1              284128              284221
              284314              284315              284316              284317
              284501              284502              284502              284503
                  17                  75   0.00000000000E+00   0.00000000000E+00
   4.17428000000E-02   5.84950900000E-02   7.17934700000E-02   8.94779600000E-02
   1.16687500000E-01   1.57827400000E-01   2.17821500000E-01   2.99762600000E-01
   3.97237100000E-01   4.84685600000E-01   5.25951700000E-01   5.09016400000E-01
   4.56341500000E-01   4.22293200000E-01   4.31095400000E-01   4.18513400000E-01
   3.86370700000E-01   3.44781900000E-01   3.04570900000E-01   2.69101500000E-01
   2.38328300000E-01   2.12910000000E-01   1.91464200000E-01   1.73463500000E-01
   1.44618100000E-01   1.23019200000E-01   1.06256400000E-01   9.32454700000E-02
   8.63469700000E-02   8.29613100000E-02   7.98422000000E-02   7.61558700000E-02
   7.19225300000E-02   6.77156900000E-02   6.03551300000E-02   5.63235100000E-02
   5.42457800000E-02   5.26720000000E-02   5.11449100000E-02   4.98702800000E-02
   4.93080900000E-02   4.96468500000E-02   5.05053300000E-02   5.15613900000E-02
   5.26150800000E-02   5.38424500000E-02   5.50080000000E-02   5.63678400000E-02
   5.76590200000E-02   5.89262800000E-02   5.99322600000E-02   6.08776900000E-02
   6.19364100000E-02   6.28969200000E-02   6.39185800000E-02   6.48591200000E-02
   6.57440500000E-02   6.65269200000E-02   6.72796800000E-02   6.87052000000E-02
   6.96517000000E-02   7.03244800000E-02   7.04321600000E-02   6.98601700000E-02
   6.84806900000E-02   6.69173200000E-02   6.56050300000E-02   6.26141400000E-02
   5.98804200000E-02   5.73032800000E-02   5.49388100000E-02   5.33304600000E-02
   5.11954300000E-02                  17                  75   0.00000000000E+00
   0.00000000000E+00   2.47569100000E-01   5.19260500000E-01   7.70983700000E-01
   1.01339400000E+00   1.03530500000E+00   1.06422000000E+00   1.09888800000E+00
   1.13559300000E+00   1.14774500000E+00   1.15813300000E+00   1.16673000000E+00
   1.17380300000E+00   1.14170900000E+00   1.18634400000E+00   1.37891700000E+00
   1.53582300000E+00   1.79015500000E+00   2.00046400000E+00   2.18450100000E+00
   2.35130100000E+00   2.46879500000E+00   2.58285400000E+00   2.69027400000E+00
   2.79553400000E+00   2.97321900000E+00   3.14445000000E+00   3.33820300000E+00
   3.53765400000E+00   3.77606100000E+00   4.13781500000E+00   4.54495000000E+00
   4.90441100000E+00   5.25746300000E+00   5.57210000000E+00   6.18728400000E+00
   6.80764100000E+00   7.54218200000E+00   8.30449700000E+00   8.96148300000E+00
   9.62141200000E+00   1.03209600000E+01   1.10237600000E+01   1.17952600000E+01
   1.25568000000E+01   1.33144800000E+01   1.40907200000E+01   1.48501300000E+01
   1.56462700000E+01   1.64373000000E+01   1.72637600000E+01   1.80362900000E+01
   1.88150400000E+01   1.96575300000E+01   2.05011700000E+01   2.13186700000E+01
   2.21439600000E+01   2.29865300000E+01   2.38306800000E+01   2.47023600000E+01
   2.68083000000E+01   2.89640500000E+01   3.11384200000E+01   3.32831600000E+01
   3.75083800000E+01   4.19045000000E+01   4.61244200000E+01   5.04162000000E+01
   5.44938600000E+01   5.86528600000E+01   6.26072100000E+01   6.66237500000E+01
   7.08096400000E+01   7.41491000000E+01                   5                  18
                  -1                  -1                   1                 155
                   6                   5                   0                  75
   1.00000000000E+00   8.00000000000E+00   8.50000000000E+00   9.00000000000E+00
   9.50000000000E+00   1.00000000000E+01   1.05000000000E+01   1.10000000000E+01
   1.15000000000E+01   1.20000000000E+01   1.25000000000E+01   1.30000000000E+01
   1.35000000000E+01   1.40000000000E+01   1.45000000000E+01   1.50000000000E+01
   1.55000000000E+01   1.60000000000E+01   1.65000000000E+01   1.70000000000E+01
   1.75000000000E+01   1.80000000000E+01   1.85000000000E+01   1.90000000000E+01
   1.95000000000E+01   2.00000000000E+01   2.10000000000E+01   2.20000000000E+01
   2.30000000000E+01   2.40000000000E+01   2.50000000000E+01   2.60000000000E+01
   2.70000000000E+01   2.80000000000E+01   2.90000000000E+01   3.00000000000E+01
   3.20000000000E+01   3.40000000000E+01   3.60000000000E+01   3.80000000000E+01
   4.00000000000E+01   4.20000000000E+01   4.40000000000E+01   4.60000000000E+01
   4.80000000000E+01   5.00000000000E+01   5.20000000000E+01   5.40000000000E+01
   5.60000000000E+01   5.80000000000E+01   6.00000000000E+01   6.20000000000E+01
   6.40000000000E+01   6.60000000000E+01   6.80000000000E+01   7.00000000000E+01
   7.20000000000E+01   7.40000000000E+01   7.60000000000E+01   7.80000000000E+01
   8.00000000000E+01   8.50000000000E+01   9.00000000000E+01   9.50000000000E+01
   1.00000000000E+02   1.10000000000E+02   1.20000000000E+02   1.30000000000E+02
   1.40000000000E+02   1.50000000000E+02   1.60000000000E+02   1.70000000000E+02
   1.80000000000E+02   1.90000000000E+02   2.00000000000E+02   0.00000000000E+00
   0.00000000000E+00   8.72895600000E-01   9.57848200000E-01   9.63001500000E-01
   9.56845800000E-01   9.52607000000E-01   9.54862400000E-01   9.62045400000E-01
   9.70629100000E-01   9.78409300000E-01   9.84648200000E-01   9.89335100000E-01
   9.92709000000E-01   9.95060300000E-01   1.06654000000E+00   1.27999600000E+00
   1.47358700000E+00   1.61758300000E+00   1.70814000000E+00   1.76798700000E+00
   1.80864100000E+00   1.83268300000E+00   1.85263800000E+00   1.86668300000E+00
   1.87838900000E+00   1.89724700000E+00   1.91037700000E+00   1.91788000000E+00
   1.92771400000E+00   2.02002000000E+00   2.17381300000E+00   2.32235600000E+00
   2.43927400000E+00   2.51810200000E+00   2.57356200000E+00   2.65048400000E+00
   2.78869300000E+00   2.96013500000E+00   3.10351400000E+00   3.19624300000E+00
   3.25629000000E+00   3.32325800000E+00   3.42112200000E+00   3.53272500000E+00
   3.64156600000E+00   3.73790500000E+00   3.83781800000E+00   3.92749100000E+00
   4.02757100000E+00   4.12116900000E+00   4.21298300000E+00   4.28721400000E+00
   4.35913200000E+00   4.44190800000E+00   4.52095500000E+00   4.60815600000E+00
   4.69362900000E+00   4.77944900000E+00   4.86239500000E+00   4.94782200000E+00
   5.14848300000E+00   5.34255900000E+00   5.54397500000E+00   5.72692900000E+00
   6.09306500000E+00   6.44796800000E+00   6.80112600000E+00   7.13849900000E+00
   7.46856200000E+00   7.79269000000E+00   8.10268000000E+00   8.41031300000E+00
   8.81247200000E+00   9.10574300000E+00                   6                  18
                   0                  50   1.00000000000E+00   2.10000000000E+01
   2.20000000000E+01   2.30000000000E+01   2.40000000000E+01   2.50000000000E+01
   2.60000000000E+01   2.70000000000E+01   2.80000000000E+01   2.90000000000E+01
   3.00000000000E+01   3.20000000000E+01   3.40000000000E+01   3.60000000000E+01
   3.80000000000E+01   4.00000000000E+01   4.20000000000E+01   4.40000000000E+01
   4.60000000000E+01   4.80000000000E+01   5.00000000000E+01   5.20000000000E+01
   5.40000000000E+01   5.60000000000E+01   5.80000000000E+01   6.00000000000E+01
   6.20000000000E+01   6.40000000000E+01   6.60000000000E+01   6.80000000000E+01
   7.00000000000E+01   7.20000000000E+01   7.40000000000E+01   7.60000000000E+01
   7.80000000000E+01   8.00000000000E+01   8.50000000000E+01   9.00000000000E+01
   9.50000000000E+01   1.00000000000E+02   1.10000000000E+02   1.20000000000E+02
   1.30000000000E+02   1.40000000000E+02   1.50000000000E+02   1.60000000000E+02
   1.70000000000E+02   1.80000000000E+02   1.90000000000E+02   2.00000000000E+02
   1.00000000000E+00   1.00000000000E+00   1.00000000000E+00   1.00000000000E+00
   1.00000000000E+00   1.00000000000E+00   1.00000000000E+00   1.00000000000E+00
   1.00000000000E+00   1.00000000000E+00   1.00000000000E+00   1.00000000000E+00
   1.00000000000E+00   1.00000000000E+00   1.00000000000E+00   1.00000000000E+00
   1.00000000000E+00   1.00000000000E+00   1.00000000000E+00   1.00000000000E+00
   1.00000000000E+00   1.00000000000E+00   1.00000000000E+00   1.00000000000E+00
   1.00000000000E+00   1.00000000000E+00   1.00000000000E+00   1.00000000000E+00
   1.00000000000E+00   1.00000000000E+00   1.00000000000E+00   1.00000000000E+00
   1.00000000000E+00   1.00000000000E+00   1.00000000000E+00   1.00000000000E+00
   1.00000000000E+00   1.00000000000E+00   1.00000000000E+00   1.00000000000E+00
   1.00000000000E+00   1.00000000000E+00   1.00000000000E+00   1.00000000000E+00
   1.00000000000E+00   1.00000000000E+00   1.00000000000E+00   1.00000000000E+00
   1.00000000000E+00   1.00000000000E+00                   0                   0
                   1               56952                   0                   4
                  10                   0                   2   1.00000000000E+00
   2.00000000000E+02   1.00000000000E+00   1.00000000000E+00                   0
                  31   1.00000000000E+00   8.00000000000E+00   1.00000000000E+01
   1.20000000000E+01   1.40000000000E+01   1.60000000000E+01   1.80000000000E+01
   2.00000000000E+01   2.20000000000E+01   2.40000000000E+01   2.60000000000E+01
   2.80000000000E+01   3.00000000000E+01   3.20000000000E+01   3.60000000000E+01
   4.00000000000E+01   4.40000000000E+01   4.80000000000E+01   5.00000000000E+01
   5.20000000000E+01   5.60000000000E+01   6.00000000000E+01   7.00000000000E+01
   8.00000000000E+01   9.00000000000E+01   1.00000000000E+02   1.20000000000E+02
   1.40000000000E+02   1.60000000000E+02   1.80000000000E+02   2.00000000000E+02
                  74                  85                 141                 409
                 933                1793                2807                3898
                5044                6234                7692                9280
               10907               12560               14226               15931
               17662               19674               21701               23758
               25830               27917               30019               32435
               34851               37570               40327               43374
               46734               50140               53546                   2
                   3   0.00000000000E+00   5.00000000000E-07   1.00000000000E-06
   0.00000000000E+00   2.00000000000E+06   0.00000000000E+00   0.00000000000E+00
   5.00000000000E-01   1.00000000000E+00                   2                  18
   0.00000000000E+00   2.50000000000E-02   1.00000000000E-01   2.00000000000E-01
   3.00000000000E-01   4.00000000000E-01   5.00000000000E-01   6.00000000000E-01
   7.00000000000E-01   8.00000000000E-01   9.00000000000E-01   1.00000000000E+00
   1.10000000000E+00   1.20000000000E+00   1.30000000000E+00   1.40000000000E+00
   1.50000000000E+00   1.60000000000E+00   0.00000000000E+00   1.99667300000E+01
   1.89947000000E-02   1.24875000000E-05   2.92697100000E-09   1.00000000000E-12
   1.00000000000E-12   1.00000000000E-12   1.00000000000E-12   0.00000000000E+00
   0.00000000000E+00   0.00000000000E+00   0.00000000000E+00   0.00000000000E+00
   0.00000000000E+00   0.00000000000E+00   0.00000000000E+00   0.00000000000E+00
   0.00000000000E+00   2.49584179000E-01   9.99049016000E-01   9.99999375000E-01
   1.00000000000E+00   1.00000000000E+00   1.00000000000E+00   1.00000000000E+00
   1.00000000000E+00   1.00000000000E+00   1.00000000000E+00   1.00000000000E+00
   1.00000000000E+00   1.00000000000E+00   1.00000000000E+00   1.00000000000E+00
   1.00000000000E+00   1.00000000000E+00                   2                  38
   0.00000000000E+00   2.50000000000E-02   1.00000000000E-01   2.00000000000E-01
   3.00000000000E-01   4.00000000000E-01   5.00000000000E-01   6.00000000000E-01
   7.00000000000E-01   8.00000000000E-01   9.00000000000E-01   1.00000000000E+00
   1.10000000000E+00   1.20000000000E+00   1.30000000000E+00   1.40000000000E+00
   1.50000000000E+00   1.60000000000E+00   1.70000000000E+00   1.80000000000E+00
   1.90000000000E+00   2.00000000000E+00   2.10000000000E+00   2.20000000000E+00
   2.30000000000E+00   2.40000000000E+00   2.50000000000E+00   2.60000000000E+00
   2.70000000000E+00   2.80000000000E+00   2.90000000000E+00   3.00000000000E+00
   3.10000000000E+00   3.20000000000E+00   3.30000000000E+00   3.40000000000E+00
   3.50000000000E+00   3.60000000000E+00   0.00000000000E+00   5.80786300000E-02
   1.88913200000E-01   2.73602800000E-01   3.32635200000E-01   3.67314000000E-01
   3.81085900000E-01   3.78886800000E-01   1.84010200000E-01   5.04348600000E-01
   1.03890500000E+00   7.61168100000E-01   9.25844500000E-01   1.00397600000E+00
   5.96260400000E-01   7.15351700000E-01   1.21520700000E+00   1.12706500000E+00
   0.00000000000E+00   0.00000000000E+00   0.00000000000E+00   0.00000000000E+00
   0.00000000000E+00   0.00000000000E+00   0.00000000000E+00   0.00000000000E+00
   0.00000000000E+00   0.00000000000E+00   0.00000000000E+00   0.00000000000E+00
   0.00000000000E+00   0.00000000000E+00   0.00000000000E+00   0.00000000000E+00
   0.00000000000E+00   0.00000000000E+00   0.00000000000E+00   0.00000000000E+00
   0.00000000000E+00   7.25982907000E-04   9.98817693000E-03   3.31139779000E-02
   6.34258793000E-02   9.84233408000E-02   1.35843337000E-01   1.73841974000E-01
   2.01986825000E-01   2.36404767000E-01   3.13567450000E-01   4.03571109000E-01
   4.87921743000E-01   5.84412772000E-01   6.64424595000E-01   7.30005203000E-01
   8.26533142000E-01   9.43646748000E-01   1.00000000000E+00   1.00000000000E+00
   1.00000000000E+00   1.00000000000E+00   1.00000000000E+00   1.00000000000E+00
   1.00000000000E+00   1.00000000000E+00   1.00000000000E+00   1.00000000000E+00
   1.00000000000E+00   1.00000000000E+00   1.00000000000E+00   1.00000000000E+00
   1.00000000000E+00   1.00000000000E+00   1.00000000000E+00   1.00000000000E+00
   1.00000000000E+00   1.00000000000E+00                   0                   0
                   0                   0                   0                   0
                   0                   0                   0                   0
                   0                   0                   0                   0
                   0                   0                   0                   0
                   0                   0                   0                   0
                   0                   0                   0                   0
                   0                   0                   0                   0
                   0                   0                   0                   0
                   0                   0                   0                   0
                   0                   0                   0                   0
                   0                   0                   0                   0
                   0                   0                   0                   0
                   0                   0                   0                   0
                   0                   0                   0                   0
                   0                   0                   0                   0
                   0                   0                   0                   0
                   0                   0                   0                   0
                   0                   0                   0                   0
                   0                   0                   0                   0
                   0                   0                   0                   0
                   0                   0                   0                   0
                   0                   0                   0                   0
                   0                   0                   0                   0
                   0                   0                   0                   0
                   0                   0                   0                   0
                   0                   0                   0                   0
                   0                   0                   0                   0
                   0                   0                   0                   0
                   0                   0                   0                   0
                   0                   0                   0                   0
                   0                   0                   0                   0
                   0                   0                   0                   0
                   0                   0                   0                   0
                   0                   0                   0                   0
                   0
