 94239.00u  236.998600  0.0000E+00   06/19/20
Ace Pu239 IAEA-PD                                                        mat9437
      0         0.      0         0.      0         0.      0         0.
      0         0.      0         0.      0         0.      0         0.
      0         0.      0         0.      0         0.      0         0.
      0         0.      0         0.      0         0.      0         0.
   459808    94239       91        2        7        2       12        0
        0        0        0        0        0        0        0        1
        1       92       92        0      183      274      276      278
      280      463      547        0        0        0        0        0
        0        0        0        0        0        0        0        0
        0        0        0        0        0        0        0        0
   9.99999000000E-01   1.00000000000E+00   1.50000000000E+00   2.00000000000E+00
   2.50000000000E+00   3.00000000000E+00   3.50000000000E+00   4.00000000000E+00
   4.50000000000E+00   5.00000000000E+00   5.25000000000E+00   5.50000000000E+00
   5.75000000000E+00   6.00000000000E+00   6.50000000000E+00   7.00000000000E+00
   7.50000000000E+00   8.00000000000E+00   8.50000000000E+00   9.00000000000E+00
   9.50000000000E+00   1.00000000000E+01   1.05000000000E+01   1.10000000000E+01
   1.15000000000E+01   1.20000000000E+01   1.25000000000E+01   1.30000000000E+01
   1.35000000000E+01   1.40000000000E+01   1.45000000000E+01   1.50000000000E+01
   1.55000000000E+01   1.60000000000E+01   1.65000000000E+01   1.70000000000E+01
   1.75000000000E+01   1.80000000000E+01   1.85000000000E+01   1.90000000000E+01
   1.95000000000E+01   2.00000000000E+01   2.10000000000E+01   2.20000000000E+01
   2.30000000000E+01   2.40000000000E+01   2.50000000000E+01   2.60000000000E+01
   2.70000000000E+01   2.80000000000E+01   2.90000000000E+01   3.00000000000E+01
   3.20000000000E+01   3.40000000000E+01   3.60000000000E+01   3.80000000000E+01
   4.00000000000E+01   4.20000000000E+01   4.40000000000E+01   4.60000000000E+01
   4.80000000000E+01   5.00000000000E+01   5.20000000000E+01   5.40000000000E+01
   5.60000000000E+01   5.80000000000E+01   6.00000000000E+01   6.20000000000E+01
   6.40000000000E+01   6.60000000000E+01   6.80000000000E+01   7.00000000000E+01
   7.20000000000E+01   7.40000000000E+01   7.60000000000E+01   7.80000000000E+01
   8.00000000000E+01   8.50000000000E+01   9.00000000000E+01   9.50000000000E+01
   1.00000000000E+02   1.10000000000E+02   1.20000000000E+02   1.30000000000E+02
   1.40000000000E+02   1.50000000000E+02   1.60000000000E+02   1.70000000000E+02
   1.80000000000E+02   1.90000000000E+02   2.00000000000E+02   0.00000000000E+00
   6.11043100000E-05   1.73990300000E-04   3.80628100000E-04   7.19447600000E-04
   1.24065100000E-03   2.01138400028E-03   3.12210213246E-03   4.69192380934E-03
   6.86535572000E-03   8.22493510000E-03   9.78770400000E-03   1.15664100000E-02
   1.35746700000E-02   1.83911300000E-02   2.47224900000E-02   3.35973900000E-02
   4.66516000000E-02   6.63654900000E-02   9.66257900000E-02   1.43383400000E-01
   2.14479300000E-01   3.14521100000E-01   4.24739500000E-01   4.89058400000E-01
   4.81210000000E-01   4.47735000000E-01   4.33025300000E-01   4.44132100000E-01
   4.60994800000E-01   4.54428200000E-01   4.14176400000E-01   3.55398400000E-01
   2.96564100000E-01   2.46479000000E-01   2.06552500000E-01   1.75355200000E-01
   1.50955500000E-01   1.31679600000E-01   1.16245100000E-01   1.03709100000E-01
   9.33854200000E-02   7.71289200000E-02   6.52662600000E-02   5.62918300000E-02
   4.93056300000E-02   4.37438400000E-02   3.92380800000E-02   3.55385300000E-02
   3.24699500000E-02   2.99055900000E-02   2.77511600000E-02   2.43999500000E-02
   2.20048100000E-02   2.02967600000E-02   1.90895800000E-02   1.82493800000E-02
   1.76777300000E-02   1.73013900000E-02   1.70655600000E-02   1.69291800000E-02
   1.68614700000E-02   1.68394300000E-02   1.68459100000E-02   1.68681600000E-02
   1.68967700000E-02   1.69248500000E-02   1.69474400000E-02   1.69609800000E-02
   1.69630400000E-02   1.69520200000E-02   1.69269300000E-02   1.68872800000E-02
   1.68329300000E-02   1.67640300000E-02   1.66809300000E-02   1.65841400000E-02
   1.62865400000E-02   1.59191200000E-02   1.54950700000E-02   1.50280100000E-02
   1.40185100000E-02   1.29933600000E-02   1.20464900000E-02   1.12630400000E-02
   1.02874700000E-02   9.44447800000E-03   8.71022200000E-03   8.06608600000E-03
   7.49735300000E-03   6.99225100000E-03   0.00000000000E+00   1.00000000000E+00
   2.01035600000E-01   2.18073600000E-01   2.81893300000E-01   3.05144200000E-01
   2.63477200000E-01   1.52303000000E-01   1.59829000000E-01   9.33472200000E-01
   1.30254400000E+01   1.07555100000E+02   1.43219600000E+02   1.39628900000E+02
   1.58493800000E+02   1.52485200000E+02   1.58166300000E+02   1.61104600000E+02
   1.60201600000E+02   1.56535900000E+02   1.51140600000E+02   1.44833300000E+02
   1.38052400000E+02   1.30430300000E+02   1.21321300000E+02   1.22873400000E+02
   1.34620700000E+02   1.50961300000E+02   1.64053000000E+02   1.64621700000E+02
   1.58946200000E+02   1.52646200000E+02   1.47509700000E+02   1.43001500000E+02
   1.39090800000E+02   1.36262200000E+02   1.33338400000E+02   1.33853800000E+02
   1.40182100000E+02   1.51165000000E+02   1.63842500000E+02   1.74445200000E+02
   1.85456800000E+02   1.86083400000E+02   1.81379000000E+02   1.79755700000E+02
   1.84062800000E+02   1.89773500000E+02   1.96646300000E+02   2.01985400000E+02
   2.05153300000E+02   2.07862200000E+02   2.09318400000E+02   2.11658700000E+02
   2.12887300000E+02   2.14487200000E+02   2.16214900000E+02   2.17795700000E+02
   2.19436300000E+02   2.21371900000E+02   2.23401000000E+02   2.25566100000E+02
   2.27379300000E+02   2.29369400000E+02   2.31412800000E+02   2.33562700000E+02
   2.35510300000E+02   2.37805500000E+02   2.39849000000E+02   2.41864500000E+02
   2.44044200000E+02   2.45850300000E+02   2.47737100000E+02   2.50112200000E+02
   2.51848700000E+02   2.53634000000E+02   2.55941300000E+02   2.60268500000E+02
   2.65090000000E+02   2.69662000000E+02   2.74017300000E+02   2.82755200000E+02
   2.90678700000E+02   2.98752200000E+02   3.05995500000E+02   3.12892800000E+02
   3.19202000000E+02   3.25110500000E+02   3.30341100000E+02   3.35348600000E+02
   3.40423600000E+02                   5                  18   0.00000000000E+00
   1.99188000000E+02                   1                  94                   1
                  91   0.00000000000E+00   6.11043100000E-05   1.73990300000E-04
   3.80628100000E-04   7.19447600000E-04   1.24065100000E-03   2.01138400000E-03
   3.12210200000E-03   4.69186300000E-03   6.83852200000E-03   7.70053200000E-03
   4.59365700000E-03   3.47455700000E-03   4.35307800000E-03   4.17972000000E-03
   6.40833000000E-03   7.81272000000E-03   1.02521200000E-02   1.50118200000E-02
   2.38098000000E-02   3.94543000000E-02   6.61269000000E-02   1.08113000000E-01
   1.62729500000E-01   2.10108700000E-01   2.03785500000E-01   1.64670300000E-01
   1.25474200000E-01   1.01461800000E-01   1.05536100000E-01   1.18184400000E-01
   1.21739800000E-01   1.14386500000E-01   1.02793200000E-01   9.06656000000E-02
   7.92422000000E-02   7.01032000000E-02   6.02253400000E-02   4.86949900000E-02
   3.69562300000E-02   2.67480000000E-02   1.94455300000E-02   1.22813800000E-02
   1.05074700000E-02   1.06157000000E-02   9.91091000000E-03   8.06541000000E-03
   6.32778000000E-03   4.71270000000E-03   3.61890000000E-03   3.01949000000E-03
   2.57040000000E-03   2.32400000000E-03   2.05680000000E-03   1.96962000000E-03
   1.88537000000E-03   1.82108000000E-03   1.79265000000E-03   1.77750000000E-03
   1.74830000000E-03   1.72135000000E-03   1.68840000000E-03   1.68867000000E-03
   1.67641000000E-03   1.65921000000E-03   1.63398000000E-03   1.62310000000E-03
   1.58258000000E-03   1.56036000000E-03   1.53771000000E-03   1.50026000000E-03
   1.49071000000E-03   1.47317000000E-03   1.41223000000E-03   1.40249000000E-03
   1.38705000000E-03   1.32585000000E-03   1.28541000000E-03   1.19363000000E-03
   1.11395000000E-03   1.04228000000E-03   8.90060000000E-04   7.77070000000E-04
   6.54750000000E-04   5.75310000000E-04   4.97638000000E-04   4.39787000000E-04
   4.00770000000E-04   3.79979000000E-04   3.60982000000E-04   3.35584000000E-04
                   4                  88   0.00000000000E+00   9.56700000000E-19
   5.64604000000E-16   2.77789000000E-13   1.32462000000E-10   6.08093400000E-08
   2.68337200000E-05   5.24403100000E-04   5.19404700000E-03   8.09185300000E-03
   9.22159200000E-03   1.42114100000E-02   1.83141600000E-02   2.57846700000E-02
   3.63994800000E-02   5.13536700000E-02   7.28159900000E-02   1.03929100000E-01
   1.48352400000E-01   2.06408100000E-01   2.62010000000E-01   2.78949700000E-01
   2.77424500000E-01   2.83064700000E-01   3.07551100000E-01   3.42670300000E-01
   3.55458700000E-01   3.36243800000E-01   2.92436600000E-01   2.41011900000E-01
   1.93770900000E-01   1.55813400000E-01   1.27310300000E-01   1.05252000000E-01
   9.07301600000E-02   8.29846100000E-02   7.92888700000E-02   7.69611000000E-02
   7.39398900000E-02   6.48475400000E-02   5.47587900000E-02   4.56761300000E-02
   3.93947200000E-02   3.56784300000E-02   3.29103000000E-02   3.08258300000E-02
   2.88510500000E-02   2.68861000000E-02   2.51807600000E-02   2.20759500000E-02
   1.99480100000E-02   1.83271400000E-02   1.72042100000E-02   1.64283000000E-02
   1.58850800000E-02   1.55238900000E-02   1.53172600000E-02   1.52078300000E-02
   1.51730700000E-02   1.51507600000E-02   1.51695000000E-02   1.52089500000E-02
   1.52627900000E-02   1.53017500000E-02   1.53648600000E-02   1.54006200000E-02
   1.54253300000E-02   1.54517600000E-02   1.54362200000E-02   1.54141100000E-02
   1.54207000000E-02   1.53615400000E-02   1.52938800000E-02   1.52582900000E-02
   1.50011300000E-02   1.47254900000E-02   1.43811200000E-02   1.39857300000E-02
   1.31284500000E-02   1.22162900000E-02   1.13917400000E-02   1.06877300000E-02
   9.78983200000E-03   9.00469100000E-03   8.30945200000E-03   7.68610700000E-03
   7.13637100000E-03   6.65666700000E-03                   1                   2
                 547                 640                 733                 735
                 737                 739                1091                1093
                1093                1095                   2                   1
               82682               82775               82868               82869
               82870               82871               83055               83056
               83056               83057                   9                   1
               99902               99982              100062              100063
              100064              100065              100237              100238
              100238              100239                  31                   1
              169590              169663              169736              169737
              169738              169739              169909              169910
              169910              169911                  32                   1
              235262              235333              235404              235405
              235406              235407              235573              235574
              235574              235575                  33                   1
              301652              301721              301790              301791
              301792              301793              301961              301962
              301962              301963                  34                   1
              366680              366773              366866              366867
              366868              366869              367053              367054
              367054              367055                   1                  91
   0.00000000000E+00   0.00000000000E+00   2.64532400000E-35   1.15740300000E-34
   9.56700000000E-19   5.64604000000E-16   2.77789000000E-13   1.32462000000E-10
   6.08093400000E-08   2.68337200000E-05   5.24403100000E-04   5.19404700000E-03
   1.09164600000E-02   1.32635200000E-02   1.80171000000E-02   2.42626000000E-02
   3.30094300000E-02   4.59578300000E-02   6.56033000000E-02   9.58315700000E-02
   1.42582900000E-01   2.13697200000E-01   3.13792900000E-01   4.24120100000E-01
   4.88596800000E-01   4.80897800000E-01   4.47516300000E-01   4.34533100000E-01
   4.59345800000E-01   5.01783300000E-01   5.22517200000E-01   4.97796500000E-01
   4.41337500000E-01   3.78219400000E-01   3.21225800000E-01   2.73485600000E-01
   2.35732800000E-01   2.03284600000E-01   1.73825800000E-01   1.47671600000E-01
   1.25819400000E-01   1.09186700000E-01   8.81718800000E-02   7.69374400000E-02
   7.01940400000E-02   6.29740100000E-02   5.44698100000E-02   4.70366400000E-02
   4.05329600000E-02   3.55930000000E-02   3.21026900000E-02   2.92696800000E-02
   2.56511900000E-02   2.30326500000E-02   2.13909500000E-02   2.02901700000E-02
   1.96107100000E-02   1.93311300000E-02   1.92295900000E-02   1.93827500000E-02
   1.96847100000E-02   2.01219800000E-02   2.06595900000E-02   2.12064900000E-02
   2.18629900000E-02   2.25539300000E-02   2.32864200000E-02   2.40085500000E-02
   2.47859400000E-02   2.55433500000E-02   2.62689500000E-02   2.70425900000E-02
   2.77845500000E-02   2.85504500000E-02   2.92756400000E-02   2.99645700000E-02
   3.06848500000E-02   3.23274700000E-02   3.38720600000E-02   3.53077000000E-02
   3.65899100000E-02   3.87980900000E-02   4.06027300000E-02   4.23262900000E-02
   4.42692500000E-02   4.50420600000E-02   4.59017500000E-02   4.67190700000E-02
   4.75411200000E-02   4.83401600000E-02   4.90172700000E-02                   1
                  91   0.00000000000E+00   0.00000000000E+00   5.18960300000E-33
   2.07582600000E-32   1.38360200000E-15   6.31346200000E-13   2.39498800000E-10
   8.82894200000E-08   2.71274000000E-05   8.22842300000E-03   1.34611100000E-01
   1.12361900000E+00   1.56473300000E+00   1.54824400000E+00   1.75828000000E+00
   1.75395300000E+00   1.83779400000E+00   1.89898100000E+00   1.89961000000E+00
   1.88246900000E+00   1.85261900000E+00   1.81472000000E+00   1.78344200000E+00
   1.74775600000E+00   1.70398400000E+00   1.72686800000E+00   1.80503200000E+00
   1.90991300000E+00   2.02018600000E+00   2.08594000000E+00   2.14114800000E+00
   2.18936500000E+00   2.23492900000E+00   2.28047400000E+00   2.33039800000E+00
   2.37961700000E+00   2.43099200000E+00   2.47290600000E+00   2.48434000000E+00
   2.47105000000E+00   2.44219600000E+00   2.41801100000E+00   2.43113700000E+00
   2.51947300000E+00   2.67112900000E+00   2.76881200000E+00   2.75044000000E+00
   2.69513800000E+00   2.59874000000E+00   2.52143800000E+00   2.48429400000E+00
   2.45278200000E+00   2.47704400000E+00   2.49401900000E+00   2.54464400000E+00
   2.59282900000E+00   2.65105500000E+00   2.73886100000E+00   2.82804700000E+00
   2.94255400000E+00   3.07132500000E+00   3.21257900000E+00   3.37339600000E+00
   3.53298800000E+00   3.71893700000E+00   3.90990300000E+00   4.11858000000E+00
   4.33359600000E+00   4.57453200000E+00   4.82259000000E+00   5.07399600000E+00
   5.35586600000E+00   5.63598100000E+00   5.93281500000E+00   6.24174500000E+00
   6.55702200000E+00   6.89308500000E+00   7.77820600000E+00   8.75043000000E+00
   9.80469600000E+00   1.09431500000E+01   1.33876600000E+01   1.61851600000E+01
   1.92095500000E+01   2.26033000000E+01   2.62292200000E+01   3.02531900000E+01
   3.44259500000E+01   3.89345600000E+01   4.36598200000E+01   4.85733500000E+01
                   5                  18                  -1                  -1
                   1                 173                   6                   5
                   0                  84   1.00000000000E+00   4.50000000000E+00
   5.00000000000E+00   5.25000000000E+00   5.50000000000E+00   5.75000000000E+00
   6.00000000000E+00   6.50000000000E+00   7.00000000000E+00   7.50000000000E+00
   8.00000000000E+00   8.50000000000E+00   9.00000000000E+00   9.50000000000E+00
   1.00000000000E+01   1.05000000000E+01   1.10000000000E+01   1.15000000000E+01
   1.20000000000E+01   1.25000000000E+01   1.30000000000E+01   1.35000000000E+01
   1.40000000000E+01   1.45000000000E+01   1.50000000000E+01   1.55000000000E+01
   1.60000000000E+01   1.65000000000E+01   1.70000000000E+01   1.75000000000E+01
   1.80000000000E+01   1.85000000000E+01   1.90000000000E+01   1.95000000000E+01
   2.00000000000E+01   2.10000000000E+01   2.20000000000E+01   2.30000000000E+01
   2.40000000000E+01   2.50000000000E+01   2.60000000000E+01   2.70000000000E+01
   2.80000000000E+01   2.90000000000E+01   3.00000000000E+01   3.20000000000E+01
   3.40000000000E+01   3.60000000000E+01   3.80000000000E+01   4.00000000000E+01
   4.20000000000E+01   4.40000000000E+01   4.60000000000E+01   4.80000000000E+01
   5.00000000000E+01   5.20000000000E+01   5.40000000000E+01   5.60000000000E+01
   5.80000000000E+01   6.00000000000E+01   6.20000000000E+01   6.40000000000E+01
   6.60000000000E+01   6.80000000000E+01   7.00000000000E+01   7.20000000000E+01
   7.40000000000E+01   7.60000000000E+01   7.80000000000E+01   8.00000000000E+01
   8.50000000000E+01   9.00000000000E+01   9.50000000000E+01   1.00000000000E+02
   1.10000000000E+02   1.20000000000E+02   1.30000000000E+02   1.40000000000E+02
   1.50000000000E+02   1.60000000000E+02   1.70000000000E+02   1.80000000000E+02
   1.90000000000E+02   2.00000000000E+02   0.00000000000E+00   1.06427000000E-30
   1.85253000000E-27   4.46980000000E-26   9.90796000000E-25   8.12939300000E-01
   9.28521600000E-01   9.10513400000E-01   9.28235400000E-01   9.24743200000E-01
   9.32328600000E-01   9.49227300000E-01   9.66643100000E-01   9.79710700000E-01
   9.88172400000E-01   9.93264400000E-01   9.96193500000E-01   9.97803100000E-01
   9.98468200000E-01   9.98672100000E-01   1.01201700000E+00   1.14994500000E+00
   1.38648900000E+00   1.57612500000E+00   1.68687600000E+00   1.75130500000E+00
   1.79436500000E+00   1.82442300000E+00   1.84466500000E+00   1.86126800000E+00
   1.86888800000E+00   1.86551300000E+00   1.85037200000E+00   1.82661600000E+00
   1.81259000000E+00   1.89916300000E+00   2.11075100000E+00   2.30959000000E+00
   2.37912500000E+00   2.32987300000E+00   2.23243200000E+00   2.05978100000E+00
   1.86298400000E+00   1.72764000000E+00   1.59077300000E+00   1.53839700000E+00
   1.49972600000E+00   1.55553500000E+00   1.63679400000E+00   1.74753900000E+00
   1.92232300000E+00   2.08478100000E+00   2.32539400000E+00   2.60079500000E+00
   2.93112100000E+00   3.26223100000E+00   3.60114300000E+00   4.01036500000E+00
   4.46219800000E+00   4.91939400000E+00   5.46177100000E+00   6.01484500000E+00
   6.57992600000E+00   7.21021000000E+00   7.78580000000E+00   8.39715900000E+00
   9.29717500000E+00   9.92099900000E+00   1.05769000000E+01   1.16352200000E+01
   1.34792300000E+01   1.60406200000E+01   1.87859200000E+01   2.16872400000E+01
   2.88403500000E+01   3.65300900000E+01   4.72463500000E+01   5.83711700000E+01
   7.08391100000E+01   8.38975700000E+01   9.58395600000E+01   1.04887400000E+02
   1.14143600000E+02   1.26229500000E+02                   6                  18
                   0                  88   1.00000000000E+00   2.50000000000E+00
   3.00000000000E+00   3.50000000000E+00   4.00000000000E+00   4.50000000000E+00
   5.00000000000E+00   5.25000000000E+00   5.50000000000E+00   5.75000000000E+00
   6.00000000000E+00   6.50000000000E+00   7.00000000000E+00   7.50000000000E+00
   8.00000000000E+00   8.50000000000E+00   9.00000000000E+00   9.50000000000E+00
   1.00000000000E+01   1.05000000000E+01   1.10000000000E+01   1.15000000000E+01
   1.20000000000E+01   1.25000000000E+01   1.30000000000E+01   1.35000000000E+01
   1.40000000000E+01   1.45000000000E+01   1.50000000000E+01   1.55000000000E+01
   1.60000000000E+01   1.65000000000E+01   1.70000000000E+01   1.75000000000E+01
   1.80000000000E+01   1.85000000000E+01   1.90000000000E+01   1.95000000000E+01
   2.00000000000E+01   2.10000000000E+01   2.20000000000E+01   2.30000000000E+01
   2.40000000000E+01   2.50000000000E+01   2.60000000000E+01   2.70000000000E+01
   2.80000000000E+01   2.90000000000E+01   3.00000000000E+01   3.20000000000E+01
   3.40000000000E+01   3.60000000000E+01   3.80000000000E+01   4.00000000000E+01
   4.20000000000E+01   4.40000000000E+01   4.60000000000E+01   4.80000000000E+01
   5.00000000000E+01   5.20000000000E+01   5.40000000000E+01   5.60000000000E+01
   5.80000000000E+01   6.00000000000E+01   6.20000000000E+01   6.40000000000E+01
   6.60000000000E+01   6.80000000000E+01   7.00000000000E+01   7.20000000000E+01
   7.40000000000E+01   7.60000000000E+01   7.80000000000E+01   8.00000000000E+01
   8.50000000000E+01   9.00000000000E+01   9.50000000000E+01   1.00000000000E+02
   1.10000000000E+02   1.20000000000E+02   1.30000000000E+02   1.40000000000E+02
   1.50000000000E+02   1.60000000000E+02   1.70000000000E+02   1.80000000000E+02
   1.90000000000E+02   2.00000000000E+02   1.00000000000E+00   1.00000000000E+00
   1.00000000000E+00   1.00000000000E+00   1.00000000000E+00   1.00000000000E+00
   1.00000000000E+00   1.00000000000E+00   1.00000000000E+00   1.00000000000E+00
   1.00000000000E+00   1.00000000000E+00   1.00000000000E+00   1.00000000000E+00
   1.00000000000E+00   1.00000000000E+00   1.00000000000E+00   1.00000000000E+00
   1.00000000000E+00   1.00000000000E+00   1.00000000000E+00   1.00000000000E+00
   1.00000000000E+00   1.00000000000E+00   1.00000000000E+00   1.00000000000E+00
   1.00000000000E+00   1.00000000000E+00   1.00000000000E+00   1.00000000000E+00
   1.00000000000E+00   1.00000000000E+00   1.00000000000E+00   1.00000000000E+00
   1.00000000000E+00   1.00000000000E+00   1.00000000000E+00   1.00000000000E+00
   1.00000000000E+00   1.00000000000E+00   1.00000000000E+00   1.00000000000E+00
   1.00000000000E+00   1.00000000000E+00   1.00000000000E+00   1.00000000000E+00
   1.00000000000E+00   1.00000000000E+00   1.00000000000E+00   1.00000000000E+00
   1.00000000000E+00   1.00000000000E+00   1.00000000000E+00   1.00000000000E+00
   1.00000000000E+00   1.00000000000E+00   1.00000000000E+00   1.00000000000E+00
   1.00000000000E+00   1.00000000000E+00   1.00000000000E+00   1.00000000000E+00
   1.00000000000E+00   1.00000000000E+00   1.00000000000E+00   1.00000000000E+00
   1.00000000000E+00   1.00000000000E+00   1.00000000000E+00   1.00000000000E+00
   1.00000000000E+00   1.00000000000E+00   1.00000000000E+00   1.00000000000E+00
   1.00000000000E+00   1.00000000000E+00   1.00000000000E+00   1.00000000000E+00
   1.00000000000E+00   1.00000000000E+00   1.00000000000E+00   1.00000000000E+00
   1.00000000000E+00   1.00000000000E+00   1.00000000000E+00   1.00000000000E+00
   1.00000000000E+00   1.00000000000E+00                   0                   0
                   1               71872                   0                   4
                  10                   0                   2   1.00000000000E+00
   2.00000000000E+02   1.00000000000E+00   1.00000000000E+00                   0
                  32   1.00000000000E+00   6.00000000000E+00   8.00000000000E+00
   1.00000000000E+01   1.20000000000E+01   1.40000000000E+01   1.60000000000E+01
   1.80000000000E+01   2.00000000000E+01   2.20000000000E+01   2.40000000000E+01
   2.60000000000E+01   2.80000000000E+01   3.00000000000E+01   3.20000000000E+01
   3.60000000000E+01   4.00000000000E+01   4.40000000000E+01   4.80000000000E+01
   5.00000000000E+01   5.20000000000E+01   5.60000000000E+01   6.00000000000E+01
   7.00000000000E+01   8.00000000000E+01   9.00000000000E+01   1.00000000000E+02
   1.20000000000E+02   1.40000000000E+02   1.60000000000E+02   1.80000000000E+02
   2.00000000000E+02                  76                  87                 269
                 831                1733                3055                4597
                6249                7901                9564               11216
               13493               15744               17969               20181
               22380               24566               27043               29505
               31952               34504               37041               39578
               42085               44875               47682               50800
               53899               57282               60964               64623
               68259                   2                   3   0.00000000000E+00
   5.00000000000E-07   1.00000000000E-06   0.00000000000E+00   2.00000000000E+06
   0.00000000000E+00   0.00000000000E+00   5.00000000000E-01   1.00000000000E+00
                   2                  60   0.00000000000E+00   2.50000000000E-02
   1.00000000000E-01   2.00000000000E-01   3.00000000000E-01   4.00000000000E-01
   5.00000000000E-01   6.00000000000E-01   7.00000000000E-01   8.00000000000E-01
   9.00000000000E-01   1.00000000000E+00   1.10000000000E+00   1.20000000000E+00
   1.30000000000E+00   1.40000000000E+00   1.50000000000E+00   1.60000000000E+00
   1.70000000000E+00   1.80000000000E+00   1.90000000000E+00   2.00000000000E+00
   2.10000000000E+00   2.20000000000E+00   2.30000000000E+00   2.40000000000E+00
   2.50000000000E+00   2.60000000000E+00   2.70000000000E+00   2.80000000000E+00
   2.90000000000E+00   3.00000000000E+00   3.10000000000E+00   3.20000000000E+00
   3.30000000000E+00   3.40000000000E+00   3.50000000000E+00   3.60000000000E+00
   3.70000000000E+00   3.80000000000E+00   3.90000000000E+00   4.00000000000E+00
   4.10000000000E+00   4.20000000000E+00   4.30000000000E+00   4.40000000000E+00
   4.50000000000E+00   4.60000000000E+00   4.70000000000E+00   4.80000000000E+00
   4.90000000000E+00   5.00000000000E+00   5.10000000000E+00   5.20000000000E+00
   5.30000000000E+00   5.40000000000E+00   5.50000000000E+00   5.60000000000E+00
   5.70000000000E+00   5.80000000000E+00   0.00000000000E+00   9.78487000000E-05
   1.10790000000E-04   1.96486000000E-02   5.82722000000E+00   4.15298600000E+00
   1.00000000000E-12   1.00000000000E-12   1.00000000000E-12   1.00000000000E-12
   1.00000000000E-12   1.00000000000E-12   1.00000000000E-12   1.00000000000E-12
   1.00000000000E-12   1.00000000000E-12   1.00000000000E-12   1.00000000000E-12
   0.00000000000E+00   0.00000000000E+00   0.00000000000E+00   0.00000000000E+00
   0.00000000000E+00   0.00000000000E+00   0.00000000000E+00   0.00000000000E+00
   0.00000000000E+00   0.00000000000E+00   0.00000000000E+00   0.00000000000E+00
   0.00000000000E+00   0.00000000000E+00   0.00000000000E+00   0.00000000000E+00
   0.00000000000E+00   0.00000000000E+00   0.00000000000E+00   0.00000000000E+00
   0.00000000000E+00   0.00000000000E+00   0.00000000000E+00   0.00000000000E+00
   0.00000000000E+00   0.00000000000E+00   0.00000000000E+00   0.00000000000E+00
   0.00000000000E+00   0.00000000000E+00   0.00000000000E+00   0.00000000000E+00
   0.00000000000E+00   0.00000000000E+00   0.00000000000E+00   0.00000000000E+00
   0.00000000000E+00   0.00000000000E+00   0.00000000000E+00   0.00000000000E+00
   0.00000000000E+00   0.00000000000E+00   0.00000000000E+00   1.22310869000E-06
   9.04705958000E-06   9.97016514000E-04   2.93340433000E-01   7.92350710000E-01
   1.00000000000E+00   1.00000000000E+00   1.00000000000E+00   1.00000000000E+00
   1.00000000000E+00   1.00000000000E+00   1.00000000000E+00   1.00000000000E+00
   1.00000000000E+00   1.00000000000E+00   1.00000000000E+00   1.00000000000E+00
   1.00000000000E+00   1.00000000000E+00   1.00000000000E+00   1.00000000000E+00
   1.00000000000E+00   1.00000000000E+00   1.00000000000E+00   1.00000000000E+00
   1.00000000000E+00   1.00000000000E+00   1.00000000000E+00   1.00000000000E+00
   1.00000000000E+00   1.00000000000E+00   1.00000000000E+00   1.00000000000E+00
   1.00000000000E+00   1.00000000000E+00   1.00000000000E+00   1.00000000000E+00
   1.00000000000E+00   1.00000000000E+00   1.00000000000E+00   1.00000000000E+00
   1.00000000000E+00   1.00000000000E+00   1.00000000000E+00   1.00000000000E+00
   1.00000000000E+00   1.00000000000E+00   1.00000000000E+00   1.00000000000E+00
   1.00000000000E+00   1.00000000000E+00   1.00000000000E+00   1.00000000000E+00
   1.00000000000E+00   1.00000000000E+00   1.00000000000E+00   1.00000000000E+00
   1.00000000000E+00   1.00000000000E+00                   2                  80
   0.00000000000E+00   2.50000000000E-02   1.00000000000E-01   2.00000000000E-01
   3.00000000000E-01   4.00000000000E-01   5.00000000000E-01   6.00000000000E-01
   7.00000000000E-01   8.00000000000E-01   9.00000000000E-01   1.00000000000E+00
   1.10000000000E+00   1.20000000000E+00   1.30000000000E+00   1.40000000000E+00
   1.50000000000E+00   1.60000000000E+00   1.70000000000E+00   1.80000000000E+00
   1.90000000000E+00   2.00000000000E+00   2.10000000000E+00   2.20000000000E+00
   2.30000000000E+00   2.40000000000E+00   2.50000000000E+00   2.60000000000E+00
   2.70000000000E+00   2.80000000000E+00   2.90000000000E+00   3.00000000000E+00
   3.10000000000E+00   3.20000000000E+00   3.30000000000E+00   3.40000000000E+00
   3.50000000000E+00   3.60000000000E+00   3.70000000000E+00   3.80000000000E+00
   3.90000000000E+00   4.00000000000E+00   4.10000000000E+00   4.20000000000E+00
   4.30000000000E+00   4.40000000000E+00   4.50000000000E+00   4.60000000000E+00
   4.70000000000E+00   4.80000000000E+00   4.90000000000E+00   5.00000000000E+00
   5.10000000000E+00   5.20000000000E+00   5.30000000000E+00   5.40000000000E+00
   5.50000000000E+00   5.60000000000E+00   5.70000000000E+00   5.80000000000E+00
   5.90000000000E+00   6.00000000000E+00   6.10000000000E+00   6.20000000000E+00
   6.30000000000E+00   6.40000000000E+00   6.50000000000E+00   6.60000000000E+00
   6.70000000000E+00   6.80000000000E+00   6.90000000000E+00   7.00000000000E+00
   7.10000000000E+00   7.20000000000E+00   7.30000000000E+00   7.40000000000E+00
   7.50000000000E+00   7.60000000000E+00   7.70000000000E+00   7.80000000000E+00
   0.00000000000E+00   8.15932800000E-02   3.06596700000E-01   5.74783700000E-01
   7.00062900000E-01   7.14797200000E-01   6.74885900000E-01   6.18386900000E-01
   5.64067900000E-01   5.17887000000E-01   4.77950000000E-01   4.39373200000E-01
   3.70131600000E-01   8.37512000000E-01   8.87749200000E-01   1.00909200000E+00
   5.67446000000E-04   1.62434500000E-02   2.38630200000E-01   1.19990000000E-04
   5.35665000000E-05   2.14555000000E-05   9.34955700000E-03   3.10767400000E-01
   5.57476200000E-01   1.71022800000E-01   1.00000000000E-12   1.00000000000E-12
   1.00000000000E-12   1.00000000000E-12   1.00000000000E-12   1.00000000000E-12
   1.00000000000E-12   1.00000000000E-12   1.00000000000E-12   0.00000000000E+00
   0.00000000000E+00   0.00000000000E+00   0.00000000000E+00   0.00000000000E+00
   0.00000000000E+00   0.00000000000E+00   0.00000000000E+00   0.00000000000E+00
   0.00000000000E+00   0.00000000000E+00   0.00000000000E+00   0.00000000000E+00
   0.00000000000E+00   0.00000000000E+00   0.00000000000E+00   0.00000000000E+00
   0.00000000000E+00   0.00000000000E+00   0.00000000000E+00   0.00000000000E+00
   0.00000000000E+00   0.00000000000E+00   0.00000000000E+00   0.00000000000E+00
   0.00000000000E+00   0.00000000000E+00   0.00000000000E+00   0.00000000000E+00
   0.00000000000E+00   0.00000000000E+00   0.00000000000E+00   0.00000000000E+00
   0.00000000000E+00   0.00000000000E+00   0.00000000000E+00   0.00000000000E+00
   0.00000000000E+00   0.00000000000E+00   0.00000000000E+00   0.00000000000E+00
   0.00000000000E+00   0.00000000000E+00   0.00000000000E+00   0.00000000000E+00
   0.00000000000E+00   1.01991597000E-03   1.55770398000E-02   5.96460584000E-02
   1.23388386000E-01   1.94131389000E-01   2.63615542000E-01   3.28279180000E-01
   3.87401918000E-01   4.41499661000E-01   4.91291510000E-01   5.37157668000E-01
   5.77632907000E-01   6.38015085000E-01   7.24278142000E-01   8.19120199000E-01
   8.69603170000E-01   8.70443715000E-01   8.83187397000E-01   8.95124906000E-01
   8.95133584000E-01   8.95137335000E-01   8.95605885000E-01   9.11611733000E-01
   9.55023911000E-01   9.91448860000E-01   1.00000000000E+00   1.00000000000E+00
   1.00000000000E+00   1.00000000000E+00   1.00000000000E+00   1.00000000000E+00
   1.00000000000E+00   1.00000000000E+00   1.00000000000E+00   1.00000000000E+00
   1.00000000000E+00   1.00000000000E+00   1.00000000000E+00   1.00000000000E+00
   1.00000000000E+00   1.00000000000E+00   1.00000000000E+00   1.00000000000E+00
   1.00000000000E+00   1.00000000000E+00   1.00000000000E+00   1.00000000000E+00
   1.00000000000E+00   1.00000000000E+00   1.00000000000E+00   1.00000000000E+00
   1.00000000000E+00   1.00000000000E+00   1.00000000000E+00   1.00000000000E+00
   1.00000000000E+00   1.00000000000E+00   1.00000000000E+00   1.00000000000E+00
   1.00000000000E+00   1.00000000000E+00   1.00000000000E+00   1.00000000000E+00
   1.00000000000E+00   1.00000000000E+00   1.00000000000E+00   1.00000000000E+00
   1.00000000000E+00   1.00000000000E+00   1.00000000000E+00   1.00000000000E+00
   1.00000000000E+00   1.00000000000E+00   1.00000000000E+00   1.00000000000E+00
   1.00000000000E+00   1.00000000000E+00   1.00000000000E+00   1.00000000000E+00
                   0                   0                   0                   0
                   0                   0                   0                   0
                   0                   0                   0                   0
                   0                   0                   0                   0
                   0                   0                   0                   0
                   0                   0                   0                   0
                   0                   0                   0                   0
                   0                   0                   0                   0
                   0                   0                   0                   0
                   0                   0                   0                   0
                   0                   0                   0                   0
                   0                   0                   0                   0
                   0                   0                   0                   0
                   0                   0                   0                   0
                   0                   0                   0                   0
                   0                   0                   0                   0
                   0                   0                   0                   0
                   0                   0                   0                   0
                   0                   0                   0                   0
                   0                   0                   0                   0
                   0                   0                   0                   0
                   0                   0                   0                   0
                   0                   0                   0                   0
                   0                   0                   0                   0
                   0                   0                   0                   0
                   0                   0                   0                   0
                   0                   0                   0                   0
                   0                   0                   0                   0
                   0                   0                   0                   0
                   0                   0                   0                   0
                   0                   0                   0                   0
                   0                   0                   0                   0
                   0                   0                   0                   0
                   0                   0                   0                   0
                   0                   0                   0                   0
                   0
