 94238.00u  236.004600  0.0000E+00   06/19/20
Ace Pu238 IAEA-PD                                                        mat9434
      0         0.      0         0.      0         0.      0         0.
      0         0.      0         0.      0         0.      0         0.
      0         0.      0         0.      0         0.      0         0.
      0         0.      0         0.      0         0.      0         0.
   454883    94238       91        2        7        2       12        0
        0        0        0        0        0        0        0        1
        1       92       92        0      183      274      276      278
      280      464      548        0        0        0        0        0
        0        0        0        0        0        0        0        0
        0        0        0        0        0        0        0        0
   9.99999000000E-01   1.00000000000E+00   1.50000000000E+00   2.00000000000E+00
   2.50000000000E+00   3.00000000000E+00   3.50000000000E+00   4.00000000000E+00
   4.50000000000E+00   5.00000000000E+00   5.25000000000E+00   5.50000000000E+00
   5.75000000000E+00   6.00000000000E+00   6.50000000000E+00   7.00000000000E+00
   7.50000000000E+00   8.00000000000E+00   8.50000000000E+00   9.00000000000E+00
   9.50000000000E+00   1.00000000000E+01   1.05000000000E+01   1.10000000000E+01
   1.15000000000E+01   1.20000000000E+01   1.25000000000E+01   1.30000000000E+01
   1.35000000000E+01   1.40000000000E+01   1.45000000000E+01   1.50000000000E+01
   1.55000000000E+01   1.60000000000E+01   1.65000000000E+01   1.70000000000E+01
   1.75000000000E+01   1.80000000000E+01   1.85000000000E+01   1.90000000000E+01
   1.95000000000E+01   2.00000000000E+01   2.10000000000E+01   2.20000000000E+01
   2.30000000000E+01   2.40000000000E+01   2.50000000000E+01   2.60000000000E+01
   2.70000000000E+01   2.80000000000E+01   2.90000000000E+01   3.00000000000E+01
   3.20000000000E+01   3.40000000000E+01   3.60000000000E+01   3.80000000000E+01
   4.00000000000E+01   4.20000000000E+01   4.40000000000E+01   4.60000000000E+01
   4.80000000000E+01   5.00000000000E+01   5.20000000000E+01   5.40000000000E+01
   5.60000000000E+01   5.80000000000E+01   6.00000000000E+01   6.20000000000E+01
   6.40000000000E+01   6.60000000000E+01   6.80000000000E+01   7.00000000000E+01
   7.20000000000E+01   7.40000000000E+01   7.60000000000E+01   7.80000000000E+01
   8.00000000000E+01   8.50000000000E+01   9.00000000000E+01   9.50000000000E+01
   1.00000000000E+02   1.10000000000E+02   1.20000000000E+02   1.30000000000E+02
   1.40000000000E+02   1.50000000000E+02   1.60000000000E+02   1.70000000000E+02
   1.80000000000E+02   1.90000000000E+02   2.00000000000E+02   0.00000000000E+00
   6.47446400000E-05   1.83940800000E-04   4.01958000000E-04   7.59553600001E-04
   1.31029900008E-03   2.12632601312E-03   3.30556019998E-03   4.97823154400E-03
   7.30487032000E-03   8.76650870000E-03   1.04526300000E-02   1.23800400000E-02
   1.45677500000E-02   1.98731700000E-02   2.70008300000E-02   3.73301600000E-02
   5.32478300000E-02   7.84093200000E-02   1.15473000000E-01   1.62410800000E-01
   2.27987200000E-01   3.23468000000E-01   4.30917600000E-01   4.93566800000E-01
   4.84658600000E-01   4.50468200000E-01   4.35250700000E-01   4.45982600000E-01
   4.62560700000E-01   4.55773400000E-01   4.15345600000E-01   3.56422500000E-01
   2.97466200000E-01   2.47277400000E-01   2.07261700000E-01   1.75987200000E-01
   1.51520100000E-01   1.32185100000E-01   1.16698300000E-01   1.04115800000E-01
   9.37506100000E-02   7.74245800000E-02   6.55056000000E-02   5.64852100000E-02
   4.94613200000E-02   4.38685000000E-02   3.93371300000E-02   3.56163800000E-02
   3.25302100000E-02   2.99512200000E-02   2.77845800000E-02   2.44145500000E-02
   2.20060100000E-02   2.02882200000E-02   1.90738100000E-02   1.82281200000E-02
   1.76522100000E-02   1.72725000000E-02   1.70339400000E-02   1.68953100000E-02
   1.68257400000E-02   1.68021400000E-02   1.68073100000E-02   1.68284500000E-02
   1.68561200000E-02   1.68834300000E-02   1.69053700000E-02   1.69184000000E-02
   1.69200500000E-02   1.69087100000E-02   1.68833900000E-02   1.68436000000E-02
   1.67891800000E-02   1.67202800000E-02   1.66372400000E-02   1.65405600000E-02
   1.62434800000E-02   1.58768500000E-02   1.54537900000E-02   1.49878700000E-02
   1.39809400000E-02   1.29584500000E-02   1.20140700000E-02   1.12326900000E-02
   1.02597200000E-02   9.41899300000E-03   8.68670700000E-03   8.04430000000E-03
   7.47709500000E-03   6.97335200000E-03   0.00000000000E+00   1.00000000000E+00
   7.43141500000E-01   2.52314400000E-01   3.51489400000E-01   4.15977800000E-01
   4.09070100000E-01   3.01690600000E-01   2.97562000000E-01   1.70419500000E+00
   9.95452300000E+00   4.96833500000E+01   1.28797500000E+02   1.56415500000E+02
   1.86092100000E+02   1.96519600000E+02   1.57991700000E+02   1.54037000000E+02
   1.50447600000E+02   1.52241500000E+02   1.53507600000E+02   1.52989000000E+02
   1.51598300000E+02   1.49532000000E+02   1.46029300000E+02   1.40458300000E+02
   1.33369500000E+02   1.26757200000E+02   1.34616300000E+02   1.44808100000E+02
   1.51820100000E+02   1.54354200000E+02   1.53532700000E+02   1.53244700000E+02
   1.55774600000E+02   1.54185300000E+02   1.64120300000E+02   1.68967400000E+02
   1.76406400000E+02   1.79992000000E+02   1.87088100000E+02   1.92950300000E+02
   1.97430800000E+02   2.00598000000E+02   2.02842400000E+02   2.04937200000E+02
   2.06346000000E+02   2.07764100000E+02   2.09186900000E+02   2.10092900000E+02
   2.11498100000E+02   2.12388900000E+02   2.13693500000E+02   2.15546800000E+02
   2.17793400000E+02   2.19603200000E+02   2.21678300000E+02   2.23868000000E+02
   2.25352300000E+02   2.27331900000E+02   2.29303000000E+02   2.31528700000E+02
   2.33475200000E+02   2.35808800000E+02   2.37535200000E+02   2.39535300000E+02
   2.41423100000E+02   2.43502300000E+02   2.45455100000E+02   2.47399800000E+02
   2.49440600000E+02   2.51305000000E+02   2.53461100000E+02   2.55132100000E+02
   2.57097300000E+02   2.58920200000E+02   2.60439800000E+02   2.65152400000E+02
   2.69440600000E+02   2.73888300000E+02   2.78090500000E+02   2.86159700000E+02
   2.93677200000E+02   3.01287700000E+02   3.08150200000E+02   3.14585200000E+02
   3.20317800000E+02   3.25695300000E+02   3.30091900000E+02   3.34923400000E+02
   3.38980200000E+02                   5                  18   0.00000000000E+00
   1.97806000000E+02                   1                  94                   1
                  91   0.00000000000E+00   6.47446400000E-05   1.83940800000E-04
   4.01958000000E-04   7.59553600000E-04   1.31029900000E-03   2.12632600000E-03
   3.30555800000E-03   4.97786600000E-03   7.25098800000E-03   8.34010700000E-03
   7.87709600000E-03   4.46565600000E-03   3.26929000000E-03   1.58479000000E-03
   8.21370000000E-04   8.56782000000E-03   1.34057900000E-02   2.13152400000E-02
   3.05590000000E-02   4.22463000000E-02   6.03295000000E-02   8.84627000000E-02
   1.23104400000E-01   1.50529500000E-01   1.62110100000E-01   1.67496200000E-01
   1.77033300000E-01   1.65106400000E-01   1.49003500000E-01   1.32278100000E-01
   1.16455900000E-01   1.02357800000E-01   8.66296000000E-02   6.93513000000E-02
   6.02244000000E-02   4.27259000000E-02   3.34660000000E-02   2.46092000000E-02
   1.99511500000E-02   1.43763300000E-02   1.04408300000E-02   7.28953000000E-03
   5.46043000000E-03   4.35689000000E-03   3.54359000000E-03   3.05197000000E-03
   2.65270000000E-03   2.32523000000E-03   2.13773000000E-03   1.90695000000E-03
   1.78344000000E-03   1.64855000000E-03   1.49921000000E-03   1.35299000000E-03
   1.28467000000E-03   1.21407000000E-03   1.15187000000E-03   1.16415000000E-03
   1.14101000000E-03   1.12429000000E-03   1.09003000000E-03   1.08135000000E-03
   1.04048000000E-03   1.05084000000E-03   1.03605000000E-03   1.03028000000E-03
   1.00715000000E-03   9.92440000000E-04   9.76860000000E-04   9.52040000000E-04
   9.38670000000E-04   9.00170000000E-04   9.00540000000E-04   8.74210000000E-04
   8.57710000000E-04   8.64340000000E-04   7.98620000000E-04   7.57240000000E-04
   6.98350000000E-04   6.52010000000E-04   5.69330000000E-04   5.02530000000E-04
   4.22250000000E-04   3.72480000000E-04   3.29842000000E-04   3.07397000000E-04
   2.93539000000E-04   3.07518000000E-04   2.94609000000E-04   3.04346000000E-04
                   3                  89   0.00000000000E+00   3.33573000000E-18
   5.09440000000E-16   7.95729000000E-14   1.31210000000E-11   2.19997800000E-09
   3.65544000000E-07   5.38823200000E-05   4.26401700000E-04   2.57553400000E-03
   7.91438400000E-03   1.12984600000E-02   1.82883800000E-02   2.61794600000E-02
   2.87623400000E-02   3.98420400000E-02   5.70940800000E-02   8.49140000000E-02
   1.20164500000E-01   1.67657700000E-01   2.35005300000E-01   3.07813200000E-01
   3.43037300000E-01   3.22548500000E-01   2.82972000000E-01   2.58217400000E-01
   2.80876200000E-01   3.13557200000E-01   3.23495300000E-01   2.98889700000E-01
   2.54064700000E-01   2.10836600000E-01   1.77926100000E-01   1.47037300000E-01
   1.33261300000E-01   1.18054100000E-01   1.07575900000E-01   9.67471500000E-02
   8.97394700000E-02   8.33097800000E-02   7.01350500000E-02   6.00451700000E-02
   5.21283200000E-02   4.59177300000E-02   4.08165300000E-02   3.66844300000E-02
   3.32911500000E-02   3.03924800000E-02   2.80442700000E-02   2.60011400000E-02
   2.27660000000E-02   2.05068000000E-02   1.89352300000E-02   1.77891400000E-02
   1.70140500000E-02   1.65003400000E-02   1.61083500000E-02   1.58929300000E-02
   1.57710200000E-02   1.57357100000E-02   1.57207900000E-02   1.57668300000E-02
   1.57776100000E-02   1.58200700000E-02   1.58531500000E-02   1.58982200000E-02
   1.59259600000E-02   1.59431900000E-02   1.59566700000E-02   1.59447200000E-02
   1.59434300000E-02   1.58886400000E-02   1.58460700000E-02   1.57795300000E-02
   1.56762200000E-02   1.54448600000E-02   1.51196100000E-02   1.47554400000E-02
   1.43358600000E-02   1.34116100000E-02   1.24559200000E-02   1.15918200000E-02
   1.08602100000E-02   9.92987800000E-03   9.11159600000E-03   8.39316800000E-03
   7.73678200000E-03   7.18248600000E-03   6.66900600000E-03                   1
                   2                 548                 641                 734
                 736                 738                 740                1092
                1094                1094                1096                   2
                   1               81306               81399               81492
               81493               81494               81495               81679
               81680               81680               81681                   9
                   1               98682               98762               98842
               98843               98844               98845               99015
               99016               99016               99017                  31
                   1              169618              169689              169760
              169761              169762              169763              169925
              169926              169926              169927                  32
                   1              233517              233588              233659
              233660              233661              233662              233830
              233831              233831              233832                  33
                   1              299446              299513              299580
              299581              299582              299583              299743
              299744              299744              299745                  34
                   1              362945              363038              363131
              363132              363133              363134              363318
              363319              363319              363320                   1
                  91   0.00000000000E+00   0.00000000000E+00   1.06998400000E-42
   3.33573000000E-18   5.09440000000E-16   7.95729000000E-14   1.31210000000E-11
   2.19997800000E-09   3.65544000000E-07   5.38823200000E-05   4.26401700000E-04
   2.57553400000E-03   7.91438400000E-03   1.12984600000E-02   1.82883800000E-02
   2.61794600000E-02   3.66514500000E-02   5.25263100000E-02   7.76548100000E-02
   1.14699900000E-01   1.61693500000E-01   2.27356900000E-01   3.22927400000E-01
   4.30488000000E-01   4.93265600000E-01   4.84463900000E-01   4.50332700000E-01
   4.35495500000E-01   4.60210800000E-01   4.96677100000E-01   5.10888500000E-01
   4.82577300000E-01   4.25718000000E-01   3.60631700000E-01   2.99223500000E-01
   2.53871100000E-01   2.07994800000E-01   1.76186700000E-01   1.49439600000E-01
   1.30287100000E-01   1.13030500000E-01   9.94650900000E-02   8.09315600000E-02
   6.78462900000E-02   5.81887800000E-02   5.06887000000E-02   4.48210200000E-02
   4.00627400000E-02   3.61535200000E-02   3.29675300000E-02   3.02571600000E-02
   2.80404200000E-02   2.46961000000E-02   2.23292800000E-02   2.07164200000E-02
   1.97039400000E-02   1.91110500000E-02   1.88334300000E-02   1.87225200000E-02
   1.88610800000E-02   1.91506900000E-02   1.95480800000E-02   2.00417100000E-02
   2.05967800000E-02   2.11970700000E-02   2.18490300000E-02   2.25357700000E-02
   2.32412400000E-02   2.39567300000E-02   2.46841600000E-02   2.54292100000E-02
   2.61690900000E-02   2.68787200000E-02   2.76018900000E-02   2.83454100000E-02
   2.90368300000E-02   2.97318800000E-02   3.14068600000E-02   3.29918500000E-02
   3.44297000000E-02   3.57319900000E-02   3.79806100000E-02   3.98929500000E-02
   4.17284500000E-02   4.38341500000E-02   4.47235600000E-02   4.56577200000E-02
   4.66376300000E-02   4.75349900000E-02   4.84186800000E-02   4.91254300000E-02
                   1                  91   0.00000000000E+00   0.00000000000E+00
   4.64307700000E-41   1.69871200000E-14   1.38130500000E-12   1.25828500000E-10
   1.28627800000E-08   1.39562600000E-06   1.54865200000E-04   1.56459700000E-02
   1.03465400000E-01   5.25624500000E-01   1.36759100000E+00   1.66384200000E+00
   1.98480200000E+00   2.10234700000E+00   1.78385000000E+00   1.79010100000E+00
   1.78730500000E+00   1.82601400000E+00   1.86003400000E+00   1.88127400000E+00
   1.88438100000E+00   1.88295200000E+00   1.87228600000E+00   1.84870400000E+00
   1.80948700000E+00   1.77532700000E+00   1.86294800000E+00   1.97594300000E+00
   2.08741200000E+00   2.16841500000E+00   2.22445400000E+00   2.26873100000E+00
   2.30941300000E+00   2.35347600000E+00   2.36495400000E+00   2.38133600000E+00
   2.38133400000E+00   2.39025000000E+00   2.37753600000E+00   2.36461000000E+00
   2.37021100000E+00   2.37897900000E+00   2.38856400000E+00   2.39637500000E+00
   2.40657800000E+00   2.41546800000E+00   2.42029800000E+00   2.42901600000E+00
   2.42930100000E+00   2.43546300000E+00   2.45576000000E+00   2.47916100000E+00
   2.51201900000E+00   2.56734400000E+00   2.63575200000E+00   2.71409900000E+00
   2.79472100000E+00   2.89693300000E+00   3.01439100000E+00   3.13837800000E+00
   3.27830200000E+00   3.43196900000E+00   3.60232400000E+00   3.79033200000E+00
   3.99489200000E+00   4.20543700000E+00   4.42927800000E+00   4.66753200000E+00
   4.92218900000E+00   5.19099200000E+00   5.46021900000E+00   5.75414300000E+00
   6.06720100000E+00   6.38404800000E+00   6.72405400000E+00   7.62092900000E+00
   8.62154100000E+00   9.66670800000E+00   1.08002700000E+01   1.32745400000E+01
   1.61331200000E+01   1.92350500000E+01   2.27507900000E+01   2.64961000000E+01
   3.06323100000E+01   3.49968300000E+01   3.96527400000E+01   4.45236600000E+01
   4.95547300000E+01                   5                  18                  -1
                  -1                   1                 171                   6
                   5                   0                  83   1.00000000000E+00
   5.00000000000E+00   5.25000000000E+00   5.50000000000E+00   5.75000000000E+00
   6.00000000000E+00   6.50000000000E+00   7.00000000000E+00   7.50000000000E+00
   8.00000000000E+00   8.50000000000E+00   9.00000000000E+00   9.50000000000E+00
   1.00000000000E+01   1.05000000000E+01   1.10000000000E+01   1.15000000000E+01
   1.20000000000E+01   1.25000000000E+01   1.30000000000E+01   1.35000000000E+01
   1.40000000000E+01   1.45000000000E+01   1.50000000000E+01   1.55000000000E+01
   1.60000000000E+01   1.65000000000E+01   1.70000000000E+01   1.75000000000E+01
   1.80000000000E+01   1.85000000000E+01   1.90000000000E+01   1.95000000000E+01
   2.00000000000E+01   2.10000000000E+01   2.20000000000E+01   2.30000000000E+01
   2.40000000000E+01   2.50000000000E+01   2.60000000000E+01   2.70000000000E+01
   2.80000000000E+01   2.90000000000E+01   3.00000000000E+01   3.20000000000E+01
   3.40000000000E+01   3.60000000000E+01   3.80000000000E+01   4.00000000000E+01
   4.20000000000E+01   4.40000000000E+01   4.60000000000E+01   4.80000000000E+01
   5.00000000000E+01   5.20000000000E+01   5.40000000000E+01   5.60000000000E+01
   5.80000000000E+01   6.00000000000E+01   6.20000000000E+01   6.40000000000E+01
   6.60000000000E+01   6.80000000000E+01   7.00000000000E+01   7.20000000000E+01
   7.40000000000E+01   7.60000000000E+01   7.80000000000E+01   8.00000000000E+01
   8.50000000000E+01   9.00000000000E+01   9.50000000000E+01   1.00000000000E+02
   1.10000000000E+02   1.20000000000E+02   1.30000000000E+02   1.40000000000E+02
   1.50000000000E+02   1.60000000000E+02   1.70000000000E+02   1.80000000000E+02
   1.90000000000E+02   2.00000000000E+02   0.00000000000E+00   4.65360000000E-38
   5.69187000000E-36   1.14406000000E-33   5.81892000000E-32   3.69116000000E-30
   4.05791000000E-27   1.56909100000E-06   9.20783600000E-01   9.46178500000E-01
   9.64602300000E-01   9.74701100000E-01   9.83021900000E-01   9.89552000000E-01
   9.93888600000E-01   9.96510300000E-01   9.97999100000E-01   9.98798900000E-01
   9.99190900000E-01   1.00138300000E+00   1.08617600000E+00   1.22896400000E+00
   1.41666100000E+00   1.57731500000E+00   1.67699300000E+00   1.72914500000E+00
   1.74902900000E+00   1.77392900000E+00   1.74913900000E+00   1.73706500000E+00
   1.70114200000E+00   1.68110400000E+00   1.62009200000E+00   1.54732000000E+00
   1.48109800000E+00   1.42866400000E+00   1.39100600000E+00   1.34636500000E+00
   1.31210100000E+00   1.27353500000E+00   1.23100400000E+00   1.20457000000E+00
   1.16043300000E+00   1.14345400000E+00   1.17078900000E+00   1.21562500000E+00
   1.31648600000E+00   1.49049900000E+00   1.72724400000E+00   2.02548200000E+00
   2.24556400000E+00   2.60133300000E+00   3.00604800000E+00   3.49749100000E+00
   3.99585200000E+00   4.64203900000E+00   5.15726500000E+00   5.81917600000E+00
   6.48621300000E+00   7.29089300000E+00   8.09194300000E+00   8.94802400000E+00
   9.94972500000E+00   1.08924000000E+01   1.21480300000E+01   1.30069200000E+01
   1.42978700000E+01   1.54566200000E+01   1.62617300000E+01   1.99869800000E+01
   2.36018200000E+01   2.81724900000E+01   3.28156500000E+01   4.31542300000E+01
   5.45978000000E+01   7.13715300000E+01   8.85253900000E+01   1.05485900000E+02
   1.18889000000E+02   1.30287500000E+02   1.29417500000E+02   1.39969200000E+02
   1.39500500000E+02                   6                  18                   0
                  89   1.00000000000E+00   2.00000000000E+00   2.50000000000E+00
   3.00000000000E+00   3.50000000000E+00   4.00000000000E+00   4.50000000000E+00
   5.00000000000E+00   5.25000000000E+00   5.50000000000E+00   5.75000000000E+00
   6.00000000000E+00   6.50000000000E+00   7.00000000000E+00   7.50000000000E+00
   8.00000000000E+00   8.50000000000E+00   9.00000000000E+00   9.50000000000E+00
   1.00000000000E+01   1.05000000000E+01   1.10000000000E+01   1.15000000000E+01
   1.20000000000E+01   1.25000000000E+01   1.30000000000E+01   1.35000000000E+01
   1.40000000000E+01   1.45000000000E+01   1.50000000000E+01   1.55000000000E+01
   1.60000000000E+01   1.65000000000E+01   1.70000000000E+01   1.75000000000E+01
   1.80000000000E+01   1.85000000000E+01   1.90000000000E+01   1.95000000000E+01
   2.00000000000E+01   2.10000000000E+01   2.20000000000E+01   2.30000000000E+01
   2.40000000000E+01   2.50000000000E+01   2.60000000000E+01   2.70000000000E+01
   2.80000000000E+01   2.90000000000E+01   3.00000000000E+01   3.20000000000E+01
   3.40000000000E+01   3.60000000000E+01   3.80000000000E+01   4.00000000000E+01
   4.20000000000E+01   4.40000000000E+01   4.60000000000E+01   4.80000000000E+01
   5.00000000000E+01   5.20000000000E+01   5.40000000000E+01   5.60000000000E+01
   5.80000000000E+01   6.00000000000E+01   6.20000000000E+01   6.40000000000E+01
   6.60000000000E+01   6.80000000000E+01   7.00000000000E+01   7.20000000000E+01
   7.40000000000E+01   7.60000000000E+01   7.80000000000E+01   8.00000000000E+01
   8.50000000000E+01   9.00000000000E+01   9.50000000000E+01   1.00000000000E+02
   1.10000000000E+02   1.20000000000E+02   1.30000000000E+02   1.40000000000E+02
   1.50000000000E+02   1.60000000000E+02   1.70000000000E+02   1.80000000000E+02
   1.90000000000E+02   2.00000000000E+02   1.00000000000E+00   1.00000000000E+00
   1.00000000000E+00   1.00000000000E+00   1.00000000000E+00   1.00000000000E+00
   1.00000000000E+00   1.00000000000E+00   1.00000000000E+00   1.00000000000E+00
   1.00000000000E+00   1.00000000000E+00   1.00000000000E+00   1.00000000000E+00
   1.00000000000E+00   1.00000000000E+00   1.00000000000E+00   1.00000000000E+00
   1.00000000000E+00   1.00000000000E+00   1.00000000000E+00   1.00000000000E+00
   1.00000000000E+00   1.00000000000E+00   1.00000000000E+00   1.00000000000E+00
   1.00000000000E+00   1.00000000000E+00   1.00000000000E+00   1.00000000000E+00
   1.00000000000E+00   1.00000000000E+00   1.00000000000E+00   1.00000000000E+00
   1.00000000000E+00   1.00000000000E+00   1.00000000000E+00   1.00000000000E+00
   1.00000000000E+00   1.00000000000E+00   1.00000000000E+00   1.00000000000E+00
   1.00000000000E+00   1.00000000000E+00   1.00000000000E+00   1.00000000000E+00
   1.00000000000E+00   1.00000000000E+00   1.00000000000E+00   1.00000000000E+00
   1.00000000000E+00   1.00000000000E+00   1.00000000000E+00   1.00000000000E+00
   1.00000000000E+00   1.00000000000E+00   1.00000000000E+00   1.00000000000E+00
   1.00000000000E+00   1.00000000000E+00   1.00000000000E+00   1.00000000000E+00
   1.00000000000E+00   1.00000000000E+00   1.00000000000E+00   1.00000000000E+00
   1.00000000000E+00   1.00000000000E+00   1.00000000000E+00   1.00000000000E+00
   1.00000000000E+00   1.00000000000E+00   1.00000000000E+00   1.00000000000E+00
   1.00000000000E+00   1.00000000000E+00   1.00000000000E+00   1.00000000000E+00
   1.00000000000E+00   1.00000000000E+00   1.00000000000E+00   1.00000000000E+00
   1.00000000000E+00   1.00000000000E+00   1.00000000000E+00   1.00000000000E+00
   1.00000000000E+00   1.00000000000E+00   1.00000000000E+00                   0
                   0                   1               69885                   0
                   4                  10                   0                   2
   1.00000000000E+00   2.00000000000E+02   1.00000000000E+00   1.00000000000E+00
                   0                  32   1.00000000000E+00   6.00000000000E+00
   8.00000000000E+00   1.00000000000E+01   1.20000000000E+01   1.40000000000E+01
   1.60000000000E+01   1.80000000000E+01   2.00000000000E+01   2.20000000000E+01
   2.40000000000E+01   2.60000000000E+01   2.80000000000E+01   3.00000000000E+01
   3.20000000000E+01   3.60000000000E+01   4.00000000000E+01   4.40000000000E+01
   4.80000000000E+01   5.00000000000E+01   5.20000000000E+01   5.60000000000E+01
   6.00000000000E+01   7.00000000000E+01   8.00000000000E+01   9.00000000000E+01
   1.00000000000E+02   1.20000000000E+02   1.40000000000E+02   1.60000000000E+02
   1.80000000000E+02   2.00000000000E+02                  76                  87
                 233                 711                1505                2695
                4105                5625                7167                8731
               10295               12481               14641               16788
               18922               21043               23164               25581
               27983               30370               32757               35264
               37771               40248               43021               45777
               48876               51956               55318               59000
               62636               66272                   2                   3
   0.00000000000E+00   5.00000000000E-07   1.00000000000E-06   0.00000000000E+00
   2.00000000000E+06   0.00000000000E+00   0.00000000000E+00   5.00000000000E-01
   1.00000000000E+00                   2                  48   0.00000000000E+00
   2.50000000000E-02   1.00000000000E-01   2.00000000000E-01   3.00000000000E-01
   4.00000000000E-01   5.00000000000E-01   6.00000000000E-01   7.00000000000E-01
   8.00000000000E-01   9.00000000000E-01   1.00000000000E+00   1.10000000000E+00
   1.20000000000E+00   1.30000000000E+00   1.40000000000E+00   1.50000000000E+00
   1.60000000000E+00   1.70000000000E+00   1.80000000000E+00   1.90000000000E+00
   2.00000000000E+00   2.10000000000E+00   2.20000000000E+00   2.30000000000E+00
   2.40000000000E+00   2.50000000000E+00   2.60000000000E+00   2.70000000000E+00
   2.80000000000E+00   2.90000000000E+00   3.00000000000E+00   3.10000000000E+00
   3.20000000000E+00   3.30000000000E+00   3.40000000000E+00   3.50000000000E+00
   3.60000000000E+00   3.70000000000E+00   3.80000000000E+00   3.90000000000E+00
   4.00000000000E+00   4.10000000000E+00   4.20000000000E+00   4.30000000000E+00
   4.40000000000E+00   4.50000000000E+00   4.60000000000E+00   0.00000000000E+00
   1.02162600000E+01   3.95983200000E+00   1.10525100000E+00   2.68717900000E-01
   4.37217800000E-02   8.09673500000E-03   1.07038000000E-03   1.36188000000E-04
   1.89672000000E-05   2.17558100000E-06   2.24361100000E-07   1.68362000000E-08
   2.17070100000E-09   1.39554000000E-10   7.54624200000E-12   1.00000000000E-12
   1.00000000000E-12   1.00000000000E-12   1.00000000000E-12   1.00000000000E-12
   1.00000000000E-12   1.00000000000E-12   1.00000000000E-12   1.00000000000E-12
   1.00000000000E-12   1.00000000000E-12   0.00000000000E+00   0.00000000000E+00
   0.00000000000E+00   0.00000000000E+00   0.00000000000E+00   0.00000000000E+00
   0.00000000000E+00   0.00000000000E+00   0.00000000000E+00   0.00000000000E+00
   0.00000000000E+00   0.00000000000E+00   0.00000000000E+00   0.00000000000E+00
   0.00000000000E+00   0.00000000000E+00   0.00000000000E+00   0.00000000000E+00
   0.00000000000E+00   0.00000000000E+00   0.00000000000E+00   0.00000000000E+00
   1.27703283000E-01   6.59306835000E-01   9.12561001000E-01   9.81259459000E-01
   9.96881442000E-01   9.99472368000E-01   9.99930724000E-01   9.99991052000E-01
   9.99998810000E-01   9.99999867000E-01   9.99999987000E-01   9.99999999000E-01
   1.00000000000E+00   1.00000000000E+00   1.00000000000E+00   1.00000000000E+00
   1.00000000000E+00   1.00000000000E+00   1.00000000000E+00   1.00000000000E+00
   1.00000000000E+00   1.00000000000E+00   1.00000000000E+00   1.00000000000E+00
   1.00000000000E+00   1.00000000000E+00   1.00000000000E+00   1.00000000000E+00
   1.00000000000E+00   1.00000000000E+00   1.00000000000E+00   1.00000000000E+00
   1.00000000000E+00   1.00000000000E+00   1.00000000000E+00   1.00000000000E+00
   1.00000000000E+00   1.00000000000E+00   1.00000000000E+00   1.00000000000E+00
   1.00000000000E+00   1.00000000000E+00   1.00000000000E+00   1.00000000000E+00
   1.00000000000E+00   1.00000000000E+00   1.00000000000E+00                   2
                  68   0.00000000000E+00   2.50000000000E-02   1.00000000000E-01
   2.00000000000E-01   3.00000000000E-01   4.00000000000E-01   5.00000000000E-01
   6.00000000000E-01   7.00000000000E-01   8.00000000000E-01   9.00000000000E-01
   1.00000000000E+00   1.10000000000E+00   1.20000000000E+00   1.30000000000E+00
   1.40000000000E+00   1.50000000000E+00   1.60000000000E+00   1.70000000000E+00
   1.80000000000E+00   1.90000000000E+00   2.00000000000E+00   2.10000000000E+00
   2.20000000000E+00   2.30000000000E+00   2.40000000000E+00   2.50000000000E+00
   2.60000000000E+00   2.70000000000E+00   2.80000000000E+00   2.90000000000E+00
   3.00000000000E+00   3.10000000000E+00   3.20000000000E+00   3.30000000000E+00
   3.40000000000E+00   3.50000000000E+00   3.60000000000E+00   3.70000000000E+00
   3.80000000000E+00   3.90000000000E+00   4.00000000000E+00   4.10000000000E+00
   4.20000000000E+00   4.30000000000E+00   4.40000000000E+00   4.50000000000E+00
   4.60000000000E+00   4.70000000000E+00   4.80000000000E+00   4.90000000000E+00
   5.00000000000E+00   5.10000000000E+00   5.20000000000E+00   5.30000000000E+00
   5.40000000000E+00   5.50000000000E+00   5.60000000000E+00   5.70000000000E+00
   5.80000000000E+00   5.90000000000E+00   6.00000000000E+00   6.10000000000E+00
   6.20000000000E+00   6.30000000000E+00   6.40000000000E+00   6.50000000000E+00
   6.60000000000E+00   0.00000000000E+00   8.37023800000E-02   3.33780900000E-01
   6.34000000000E-01   7.77657000000E-01   3.99722700000E-01   1.41483300000E-01
   2.70074900000E+00   9.87483300000E-01   2.55262100000E+00   1.30661900000E+00
   1.65754500000E-01   1.00000000000E-12   1.00000000000E-12   1.00000000000E-12
   1.00000000000E-12   1.00000000000E-12   1.00000000000E-12   1.00000000000E-12
   1.00000000000E-12   1.00000000000E-12   1.00000000000E-12   1.00000000000E-12
   1.00000000000E-12   0.00000000000E+00   0.00000000000E+00   0.00000000000E+00
   0.00000000000E+00   0.00000000000E+00   0.00000000000E+00   0.00000000000E+00
   0.00000000000E+00   0.00000000000E+00   0.00000000000E+00   0.00000000000E+00
   0.00000000000E+00   0.00000000000E+00   0.00000000000E+00   0.00000000000E+00
   0.00000000000E+00   0.00000000000E+00   0.00000000000E+00   0.00000000000E+00
   0.00000000000E+00   0.00000000000E+00   0.00000000000E+00   0.00000000000E+00
   0.00000000000E+00   0.00000000000E+00   0.00000000000E+00   0.00000000000E+00
   0.00000000000E+00   0.00000000000E+00   0.00000000000E+00   0.00000000000E+00
   0.00000000000E+00   0.00000000000E+00   0.00000000000E+00   0.00000000000E+00
   0.00000000000E+00   0.00000000000E+00   0.00000000000E+00   0.00000000000E+00
   0.00000000000E+00   0.00000000000E+00   0.00000000000E+00   0.00000000000E+00
   0.00000000000E+00   0.00000000000E+00   1.04627973000E-03   1.67019040000E-02
   6.50909489000E-02   1.35673796000E-01   1.94542782000E-01   2.21603085000E-01
   3.63714715000E-01   5.48126344000E-01   7.25131572000E-01   9.18093592000E-01
   9.91712274000E-01   1.00000000000E+00   1.00000000000E+00   1.00000000000E+00
   1.00000000000E+00   1.00000000000E+00   1.00000000000E+00   1.00000000000E+00
   1.00000000000E+00   1.00000000000E+00   1.00000000000E+00   1.00000000000E+00
   1.00000000000E+00   1.00000000000E+00   1.00000000000E+00   1.00000000000E+00
   1.00000000000E+00   1.00000000000E+00   1.00000000000E+00   1.00000000000E+00
   1.00000000000E+00   1.00000000000E+00   1.00000000000E+00   1.00000000000E+00
   1.00000000000E+00   1.00000000000E+00   1.00000000000E+00   1.00000000000E+00
   1.00000000000E+00   1.00000000000E+00   1.00000000000E+00   1.00000000000E+00
   1.00000000000E+00   1.00000000000E+00   1.00000000000E+00   1.00000000000E+00
   1.00000000000E+00   1.00000000000E+00   1.00000000000E+00   1.00000000000E+00
   1.00000000000E+00   1.00000000000E+00   1.00000000000E+00   1.00000000000E+00
   1.00000000000E+00   1.00000000000E+00   1.00000000000E+00   1.00000000000E+00
   1.00000000000E+00   1.00000000000E+00   1.00000000000E+00   1.00000000000E+00
   1.00000000000E+00   1.00000000000E+00   1.00000000000E+00   1.00000000000E+00
   1.00000000000E+00                   0                   0                   0
                   0                   0                   0                   0
                   0                   0                   0                   0
                   0                   0                   0                   0
                   0                   0                   0                   0
                   0                   0                   0                   0
                   0                   0                   0                   0
                   0                   0                   0                   0
                   0                   0                   0                   0
                   0                   0                   0                   0
                   0                   0                   0                   0
                   0                   0                   0                   0
                   0                   0                   0                   0
                   0                   0                   0                   0
                   0                   0                   0                   0
                   0                   0                   0                   0
                   0                   0                   0                   0
                   0                   0                   0                   0
                   0                   0                   0                   0
                   0                   0                   0                   0
                   0                   0                   0                   0
                   0                   0                   0                   0
                   0                   0                   0                   0
                   0                   0                   0                   0
                   0                   0                   0                   0
                   0                   0                   0                   0
                   0                   0                   0                   0
                   0                   0                   0                   0
                   0                   0                   0                   0
                   0                   0                   0                   0
                   0                   0                   0                   0
                   0                   0                   0                   0
                   0                   0                   0                   0
                   0                   0                   0                   0
                   0                   0                   0                   0
                   0                   0
