 94241.00u  238.986100  0.0000E+00   02/26/20
Ace Pu241 IAEA-PD                                                        mat9443
      0         0.      0         0.      0         0.      0         0.
      0         0.      0         0.      0         0.      0         0.
      0         0.      0         0.      0         0.      0         0.
      0         0.      0         0.      0         0.      0         0.
   450235    94241       91        2        7        2       12        0
        0        0        0        0        0        0        0        1
        1       92       92        0      183      274      276      278
      280      465      549        0        0        0        0        0
        0        0        0        0        0        0        0        0
        0        0        0        0        0        0        0        0
   9.99999000000E-01   1.00000000000E+00   1.50000000000E+00   2.00000000000E+00
   2.50000000000E+00   3.00000000000E+00   3.50000000000E+00   4.00000000000E+00
   4.50000000000E+00   5.00000000000E+00   5.25000000000E+00   5.50000000000E+00
   5.75000000000E+00   6.00000000000E+00   6.50000000000E+00   7.00000000000E+00
   7.50000000000E+00   8.00000000000E+00   8.50000000000E+00   9.00000000000E+00
   9.50000000000E+00   1.00000000000E+01   1.05000000000E+01   1.10000000000E+01
   1.15000000000E+01   1.20000000000E+01   1.25000000000E+01   1.30000000000E+01
   1.35000000000E+01   1.40000000000E+01   1.45000000000E+01   1.50000000000E+01
   1.55000000000E+01   1.60000000000E+01   1.65000000000E+01   1.70000000000E+01
   1.75000000000E+01   1.80000000000E+01   1.85000000000E+01   1.90000000000E+01
   1.95000000000E+01   2.00000000000E+01   2.10000000000E+01   2.20000000000E+01
   2.30000000000E+01   2.40000000000E+01   2.50000000000E+01   2.60000000000E+01
   2.70000000000E+01   2.80000000000E+01   2.90000000000E+01   3.00000000000E+01
   3.20000000000E+01   3.40000000000E+01   3.60000000000E+01   3.80000000000E+01
   4.00000000000E+01   4.20000000000E+01   4.40000000000E+01   4.60000000000E+01
   4.80000000000E+01   5.00000000000E+01   5.20000000000E+01   5.40000000000E+01
   5.60000000000E+01   5.80000000000E+01   6.00000000000E+01   6.20000000000E+01
   6.40000000000E+01   6.60000000000E+01   6.80000000000E+01   7.00000000000E+01
   7.20000000000E+01   7.40000000000E+01   7.60000000000E+01   7.80000000000E+01
   8.00000000000E+01   8.50000000000E+01   9.00000000000E+01   9.50000000000E+01
   1.00000000000E+02   1.10000000000E+02   1.20000000000E+02   1.30000000000E+02
   1.40000000000E+02   1.50000000000E+02   1.60000000000E+02   1.70000000000E+02
   1.80000000000E+02   1.90000000000E+02   2.00000000000E+02   0.00000000000E+00
   8.43420900000E-05   2.47217700000E-04   5.48677500000E-04   1.03434500002E-03
   1.75172900144E-03   2.76838311960E-03   4.19583057267E-03   6.20477416030E-03
   9.03524382000E-03   1.08544584000E-02   1.30037728000E-02   1.55311640000E-02
   1.84672460000E-02   2.51547500000E-02   3.08570000000E-02   3.73074500000E-02
   4.87836400000E-02   6.77025800000E-02   9.75496300000E-02   1.44059800000E-01
   2.14956700000E-01   3.14831400000E-01   4.24947500000E-01   4.89210100000E-01
   4.81328500000E-01   4.47839500000E-01   4.33127100000E-01   4.44234600000E-01
   4.61096300000E-01   4.54524700000E-01   4.14266600000E-01   3.55485000000E-01
   2.96650000000E-01   2.46565800000E-01   2.06640550000E-01   1.75444640000E-01
   1.51046000000E-01   1.31771200000E-01   1.16337800000E-01   1.03802800000E-01
   9.34800100000E-02   7.72232300000E-02   6.53604300000E-02   5.63859300000E-02
   4.93996700000E-02   4.38377600000E-02   3.93318100000E-02   3.56319900000E-02
   3.25630600000E-02   2.99982800000E-02   2.78433900000E-02   2.44912200000E-02
   2.20951800000E-02   2.03864000000E-02   1.91787200000E-02   1.83382700000E-02
   1.77665900000E-02   1.73904100000E-02   1.71548900000E-02   1.70189000000E-02
   1.69516500000E-02   1.69300800000E-02   1.69370200000E-02   1.69596900000E-02
   1.69886600000E-02   1.70170500000E-02   1.70398500000E-02   1.70535300000E-02
   1.70556400000E-02   1.70445700000E-02   1.70193500000E-02   1.69794800000E-02
   1.69248200000E-02   1.68555300000E-02   1.67719500000E-02   1.66746000000E-02
   1.63753200000E-02   1.60058500000E-02   1.55794300000E-02   1.51097800000E-02
   1.40947200000E-02   1.30639400000E-02   1.21118900000E-02   1.13241500000E-02
   1.03432600000E-02   9.49568500000E-03   8.75743600000E-03   8.10979700000E-03
   7.53797200000E-03   7.03012600000E-03   0.00000000000E+00   1.00000000000E+00
   1.97679000000E-01   1.90366400000E-01   3.05038300000E-01   3.30631200000E-01
   2.70502300000E-01   1.49073700000E-01   3.69865800000E-01   1.81707900000E+00
   9.00910600000E+00   1.18402800000E+01   3.68778100000E+01   8.34111500000E+01
   1.06682800000E+02   1.12415100000E+02   1.18838700000E+02   1.20969300000E+02
   1.19575700000E+02   1.16374100000E+02   1.12360300000E+02   1.08004600000E+02
   1.03524000000E+02   9.76719000000E+01   9.44857400000E+01   1.18602300000E+02
   1.36050100000E+02   1.37175900000E+02   1.32795000000E+02   1.26210200000E+02
   1.20340300000E+02   1.14942600000E+02   1.09854700000E+02   1.04673700000E+02
   9.95392900000E+01   9.48208200000E+01   9.05018300000E+01   8.79065200000E+01
   8.82180700000E+01   9.28531000000E+01   1.01300100000E+02   1.11047800000E+02
   1.27766100000E+02   1.33473100000E+02   1.29578900000E+02   1.26287200000E+02
   1.33058000000E+02   1.49218000000E+02   1.64127900000E+02   1.70978400000E+02
   1.69839700000E+02   1.64474100000E+02   1.48307800000E+02   1.54476100000E+02
   1.68081000000E+02   1.74119800000E+02   1.78788900000E+02   1.85214800000E+02
   1.92698900000E+02   1.98484800000E+02   2.01833500000E+02   2.04233200000E+02
   2.06669500000E+02   2.08810100000E+02   2.10775000000E+02   2.13166400000E+02
   2.15663500000E+02   2.17913600000E+02   2.20300900000E+02   2.22610400000E+02
   2.25076900000E+02   2.27392600000E+02   2.29756400000E+02   2.32107600000E+02
   2.34408400000E+02   2.36972500000E+02   2.39209500000E+02   2.45229700000E+02
   2.50605800000E+02   2.55872700000E+02   2.60953700000E+02   2.71681200000E+02
   2.80736400000E+02   2.89872600000E+02   2.98204900000E+02   3.06499600000E+02
   3.14293000000E+02   3.21583000000E+02   3.27972000000E+02   3.34331200000E+02
   3.40439600000E+02                   5                  18   0.00000000000E+00
   2.01952000000E+02                   1                  94                   1
                  91   0.00000000000E+00   8.43420900000E-05   2.47217700000E-04
   5.48677500000E-04   1.03434500000E-03   1.75172900000E-03   2.76838300000E-03
   4.19582100000E-03   6.20403600000E-03   8.98015600000E-03   1.04173800000E-02
   1.25164200000E-02   1.30417500000E-02   1.12487800000E-02   1.24338400000E-02
   1.44205200000E-02   1.63097400000E-02   2.08952500000E-02   2.95639700000E-02
   4.42743600000E-02   6.84191200000E-02   1.06945500000E-01   1.63960900000E-01
   2.33968300000E-01   2.77517600000E-01   2.17478400000E-01   1.66151300000E-01
   1.60104000000E-01   1.75266800000E-01   1.98208600000E-01   2.09375500000E-01
   2.02551800000E-01   1.83275100000E-01   1.60928100000E-01   1.40269400000E-01
   1.22559700000E-01   1.07935000000E-01   9.49906700000E-02   8.29272700000E-02
   7.08730200000E-02   5.92552400000E-02   4.91911000000E-02   3.47439700000E-02
   2.78693600000E-02   2.53043300000E-02   2.31224800000E-02   1.92643400000E-02
   1.44037900000E-02   1.06748500000E-02   8.84153000000E-03   8.44486000000E-03
   8.67143000000E-03   9.69900000000E-03   8.29201000000E-03   6.52455000000E-03
   5.75868000000E-03   5.26537000000E-03   4.72576000000E-03   4.17438000000E-03
   3.81120000000E-03   3.66537000000E-03   3.61019000000E-03   3.55898000000E-03
   3.53846000000E-03   3.53127000000E-03   3.48927000000E-03   3.43751000000E-03
   3.40263000000E-03   3.35436000000E-03   3.30865000000E-03   3.24700000000E-03
   3.19323000000E-03   3.13113000000E-03   3.06901000000E-03   3.00807000000E-03
   2.92006000000E-03   2.85861000000E-03   2.65796000000E-03   2.49748000000E-03
   2.33599000000E-03   2.18138000000E-03   1.82714000000E-03   1.58552000000E-03
   1.35369000000E-03   1.18192000000E-03   9.96098000000E-04   8.42798000000E-04
   7.25034000000E-04   6.45645000000E-04   5.68029000000E-04   5.02789000000E-04
                   2                  90   0.00000000000E+00   4.98204000000E-19
   1.33539000000E-16   1.69025000000E-14   1.43669000000E-12   1.19602000000E-10
   9.57266600000E-09   7.38160300000E-07   5.50878200000E-05   4.37078400000E-04
   4.87352800000E-04   2.48941400000E-03   7.21846600000E-03   1.27209100000E-02
   1.64364800000E-02   2.09977100000E-02   2.78883900000E-02   3.81386100000E-02
   5.32752700000E-02   7.56406800000E-02   1.08011200000E-01   1.50870500000E-01
   1.90979200000E-01   2.11692500000E-01   2.63850100000E-01   2.81688200000E-01
   2.73023100000E-01   2.68967800000E-01   2.62887700000E-01   2.45149200000E-01
   2.11714800000E-01   1.72209900000E-01   1.35721900000E-01   1.06296400000E-01
   8.40808500000E-02   6.75096400000E-02   5.60553300000E-02   4.88439300000E-02
   4.54647800000E-02   4.45475600000E-02   4.42889100000E-02   4.24792600000E-02
   3.74910700000E-02   3.10816000000E-02   2.62771900000E-02   2.45734200000E-02
   2.49280200000E-02   2.49571400000E-02   2.37215300000E-02   2.15534200000E-02
   1.91719600000E-02   1.47922200000E-02   1.38031700000E-02   1.38618500000E-02
   1.34200400000E-02   1.30729000000E-02   1.30408300000E-02   1.32160300000E-02
   1.33436900000E-02   1.33535300000E-02   1.33414600000E-02   1.33711000000E-02
   1.33985600000E-02   1.34284200000E-02   1.34993900000E-02   1.35795400000E-02
   1.36372200000E-02   1.36991700000E-02   1.37469900000E-02   1.37975700000E-02
   1.38261200000E-02   1.38483500000E-02   1.38558100000E-02   1.38474600000E-02
   1.38518900000E-02   1.38159900000E-02   1.37173600000E-02   1.35083700000E-02
   1.32434400000E-02   1.29284000000E-02   1.22675800000E-02   1.14784200000E-02
   1.07582000000E-02   1.01422300000E-02   9.34716200000E-03   8.65288700000E-03
   8.03240200000E-03   7.46415200000E-03   6.96994300000E-03   6.52733700000E-03
                   1                   2                 549                 642
                 735                 737                 739                 741
                1095                1097                1097                1099
                   2                   1               82237               82330
               82423               82424               82425               82426
               82610               82611               82611               82612
                   9                   1               99169               99248
               99327               99328               99329               99330
               99500               99501               99501               99502
                  31                   1              167082              167154
              167226              167227              167228              167229
              167395              167396              167396              167397
                  32                   1              231175              231247
              231319              231320              231321              231322
              231488              231489              231489              231490
                  33                   1              296037              296104
              296171              296172              296173              296174
              296334              296335              296335              296336
                  34                   1              359106              359199
              359292              359293              359294              359295
              359479              359480              359480              359481
                   1                  91   0.00000000000E+00   0.00000000000E+00
   4.98204000000E-19   1.33539000000E-16   1.69025000000E-14   1.43669000000E-12
   1.19602000000E-10   9.57266600000E-09   7.38160300000E-07   5.50878200000E-05
   6.61311300000E-04   1.11187300000E-02   1.40926200000E-02   1.74179000000E-02
   2.42890500000E-02   2.99708100000E-02   3.64104800000E-02   4.78904500000E-02
   6.68348500000E-02   9.67242300000E-02   1.43286200000E-01   2.14244200000E-01
   3.14198600000E-01   4.24427300000E-01   4.88834300000E-01   4.82737500000E-01
   4.71894200000E-01   5.02097000000E-01   5.53726700000E-01   6.06692000000E-01
   6.21078700000E-01   5.83192000000E-01   5.13166100000E-01   4.38251100000E-01
   3.72034300000E-01   3.17576400000E-01   2.74034900000E-01   2.38874200000E-01
   2.12092300000E-01   1.89722900000E-01   1.69773000000E-01   1.52302500000E-01
   1.23421900000E-01   1.05463200000E-01   9.54019200000E-02   8.64127000000E-02
   7.46939000000E-02   6.15561400000E-02   5.14654800000E-02   4.60727300000E-02
   4.43918300000E-02   4.42865400000E-02   4.53038300000E-02   3.97209600000E-02
   3.38627800000E-02   3.14136800000E-02   2.95801000000E-02   2.74179400000E-02
   2.52865800000E-02   2.38428100000E-02   2.34995300000E-02   2.35411700000E-02
   2.37793500000E-02   2.40803600000E-02   2.45966100000E-02   2.51213500000E-02
   2.57198900000E-02   2.63864900000E-02   2.70693800000E-02   2.77415700000E-02
   2.84221200000E-02   2.91528500000E-02   2.99239100000E-02   3.06176700000E-02
   3.12458800000E-02   3.19783600000E-02   3.25925500000E-02   3.41517700000E-02
   3.54791100000E-02   3.67450400000E-02   3.78803300000E-02   3.97800100000E-02
   4.12899700000E-02   4.27167500000E-02   4.44270700000E-02   4.49404100000E-02
   4.55850500000E-02   4.62821800000E-02   4.69870000000E-02   4.77062900000E-02
   4.83085200000E-02                   1                  91   0.00000000000E+00
   0.00000000000E+00   2.01502800000E-15   4.86714500000E-13   3.28863100000E-11
   1.66094300000E-09   8.80405700000E-08   4.67822000000E-06   2.45399600000E-04
   1.26512400000E-02   9.46842400000E-02   5.34290200000E-01   7.75440900000E-01
   1.16296200000E+00   1.38538800000E+00   1.46504200000E+00   1.54560900000E+00
   1.59774400000E+00   1.59873200000E+00   1.58733800000E+00   1.56947600000E+00
   1.54826200000E+00   1.53621400000E+00   1.51680900000E+00   1.51445200000E+00
   1.67320900000E+00   1.82826900000E+00   1.94750400000E+00   2.01982300000E+00
   2.06380400000E+00   2.12563000000E+00   2.18633600000E+00   2.24809700000E+00
   2.31241100000E+00   2.37254000000E+00   2.43420900000E+00   2.49759000000E+00
   2.56375900000E+00   2.63629100000E+00   2.71668500000E+00   2.78607500000E+00
   2.84097300000E+00   2.94370100000E+00   3.07721200000E+00   3.28321600000E+00
   3.46502000000E+00   3.46041300000E+00   3.27501400000E+00   3.09924900000E+00
   3.08514700000E+00   3.26617800000E+00   3.55475400000E+00   4.29883500000E+00
   4.29439300000E+00   4.05000100000E+00   4.09695100000E+00   4.13245200000E+00
   4.02833000000E+00   3.84178300000E+00   3.71443800000E+00   3.75707800000E+00
   3.85593500000E+00   3.97805800000E+00   4.10660400000E+00   4.28076900000E+00
   4.45453900000E+00   4.64913500000E+00   4.86544900000E+00   5.09408300000E+00
   5.33166500000E+00   5.58216700000E+00   5.86004400000E+00   6.14870900000E+00
   6.43275600000E+00   6.71523500000E+00   7.03929600000E+00   7.35165000000E+00
   8.20308600000E+00   9.10942500000E+00   1.00874700000E+01   1.11484700000E+01
   1.34365500000E+01   1.60650700000E+01   1.88723600000E+01   2.20451300000E+01
   2.53878500000E+01   2.91108900000E+01   3.30332000000E+01   3.72743700000E+01
   4.17490300000E+01   4.64114200000E+01                   5                  18
                  -1                  -1                   1                 171
                   6                   5                   0                  83
   1.00000000000E+00   5.00000000000E+00   5.25000000000E+00   5.50000000000E+00
   5.75000000000E+00   6.00000000000E+00   6.50000000000E+00   7.00000000000E+00
   7.50000000000E+00   8.00000000000E+00   8.50000000000E+00   9.00000000000E+00
   9.50000000000E+00   1.00000000000E+01   1.05000000000E+01   1.10000000000E+01
   1.15000000000E+01   1.20000000000E+01   1.25000000000E+01   1.30000000000E+01
   1.35000000000E+01   1.40000000000E+01   1.45000000000E+01   1.50000000000E+01
   1.55000000000E+01   1.60000000000E+01   1.65000000000E+01   1.70000000000E+01
   1.75000000000E+01   1.80000000000E+01   1.85000000000E+01   1.90000000000E+01
   1.95000000000E+01   2.00000000000E+01   2.10000000000E+01   2.20000000000E+01
   2.30000000000E+01   2.40000000000E+01   2.50000000000E+01   2.60000000000E+01
   2.70000000000E+01   2.80000000000E+01   2.90000000000E+01   3.00000000000E+01
   3.20000000000E+01   3.40000000000E+01   3.60000000000E+01   3.80000000000E+01
   4.00000000000E+01   4.20000000000E+01   4.40000000000E+01   4.60000000000E+01
   4.80000000000E+01   5.00000000000E+01   5.20000000000E+01   5.40000000000E+01
   5.60000000000E+01   5.80000000000E+01   6.00000000000E+01   6.20000000000E+01
   6.40000000000E+01   6.60000000000E+01   6.80000000000E+01   7.00000000000E+01
   7.20000000000E+01   7.40000000000E+01   7.60000000000E+01   7.80000000000E+01
   8.00000000000E+01   8.50000000000E+01   9.00000000000E+01   9.50000000000E+01
   1.00000000000E+02   1.10000000000E+02   1.20000000000E+02   1.30000000000E+02
   1.40000000000E+02   1.50000000000E+02   1.60000000000E+02   1.70000000000E+02
   1.80000000000E+02   1.90000000000E+02   2.00000000000E+02   0.00000000000E+00
   2.61831000000E-27   2.15248800000E-02   8.49394800000E-01   8.89697600000E-01
   9.06714000000E-01   9.30375500000E-01   9.38546600000E-01   9.45004000000E-01
   9.57253900000E-01   9.70649100000E-01   9.81357200000E-01   9.88693700000E-01
   9.93337700000E-01   9.96140500000E-01   9.97776700000E-01   9.98646000000E-01
   1.00647900000E+00   1.14477600000E+00   1.43078200000E+00   1.62471700000E+00
   1.73455800000E+00   1.79548000000E+00   1.83398600000E+00   1.86035200000E+00
   1.87990300000E+00   1.89448200000E+00   1.90515700000E+00   1.91342300000E+00
   1.92459800000E+00   1.96857300000E+00   2.03544400000E+00   2.11332200000E+00
   2.19579600000E+00   2.32968800000E+00   2.43895500000E+00   2.54187000000E+00
   2.60073800000E+00   2.60172300000E+00   2.54295000000E+00   2.48325200000E+00
   2.52797900000E+00   2.70441600000E+00   2.89624400000E+00   3.14585100000E+00
   3.12563400000E+00   3.06548800000E+00   3.12461200000E+00   3.13505100000E+00
   3.04228600000E+00   2.89157900000E+00   2.75480700000E+00   2.76806900000E+00
   2.82525500000E+00   2.92450500000E+00   3.01877200000E+00   3.16265400000E+00
   3.33077100000E+00   3.53172800000E+00   3.74688600000E+00   3.98592100000E+00
   4.22969500000E+00   4.50401800000E+00   4.79975800000E+00   5.13410900000E+00
   5.46165000000E+00   5.78391300000E+00   6.20756900000E+00   6.56842200000E+00
   7.68800500000E+00   8.79716200000E+00   1.00606600000E+01   1.14386000000E+01
   1.50576500000E+01   1.88023800000E+01   2.36084700000E+01   2.90077500000E+01
   3.57326800000E+01   4.38208900000E+01   5.27558400000E+01   6.12145200000E+01
   7.17152600000E+01   8.30988300000E+01                   6                  18
                   0                  90   1.00000000000E+00   1.50000000000E+00
   2.00000000000E+00   2.50000000000E+00   3.00000000000E+00   3.50000000000E+00
   4.00000000000E+00   4.50000000000E+00   5.00000000000E+00   5.25000000000E+00
   5.50000000000E+00   5.75000000000E+00   6.00000000000E+00   6.50000000000E+00
   7.00000000000E+00   7.50000000000E+00   8.00000000000E+00   8.50000000000E+00
   9.00000000000E+00   9.50000000000E+00   1.00000000000E+01   1.05000000000E+01
   1.10000000000E+01   1.15000000000E+01   1.20000000000E+01   1.25000000000E+01
   1.30000000000E+01   1.35000000000E+01   1.40000000000E+01   1.45000000000E+01
   1.50000000000E+01   1.55000000000E+01   1.60000000000E+01   1.65000000000E+01
   1.70000000000E+01   1.75000000000E+01   1.80000000000E+01   1.85000000000E+01
   1.90000000000E+01   1.95000000000E+01   2.00000000000E+01   2.10000000000E+01
   2.20000000000E+01   2.30000000000E+01   2.40000000000E+01   2.50000000000E+01
   2.60000000000E+01   2.70000000000E+01   2.80000000000E+01   2.90000000000E+01
   3.00000000000E+01   3.20000000000E+01   3.40000000000E+01   3.60000000000E+01
   3.80000000000E+01   4.00000000000E+01   4.20000000000E+01   4.40000000000E+01
   4.60000000000E+01   4.80000000000E+01   5.00000000000E+01   5.20000000000E+01
   5.40000000000E+01   5.60000000000E+01   5.80000000000E+01   6.00000000000E+01
   6.20000000000E+01   6.40000000000E+01   6.60000000000E+01   6.80000000000E+01
   7.00000000000E+01   7.20000000000E+01   7.40000000000E+01   7.60000000000E+01
   7.80000000000E+01   8.00000000000E+01   8.50000000000E+01   9.00000000000E+01
   9.50000000000E+01   1.00000000000E+02   1.10000000000E+02   1.20000000000E+02
   1.30000000000E+02   1.40000000000E+02   1.50000000000E+02   1.60000000000E+02
   1.70000000000E+02   1.80000000000E+02   1.90000000000E+02   2.00000000000E+02
   1.00000000000E+00   1.00000000000E+00   1.00000000000E+00   1.00000000000E+00
   1.00000000000E+00   1.00000000000E+00   1.00000000000E+00   1.00000000000E+00
   1.00000000000E+00   1.00000000000E+00   1.00000000000E+00   1.00000000000E+00
   1.00000000000E+00   1.00000000000E+00   1.00000000000E+00   1.00000000000E+00
   1.00000000000E+00   1.00000000000E+00   1.00000000000E+00   1.00000000000E+00
   1.00000000000E+00   1.00000000000E+00   1.00000000000E+00   1.00000000000E+00
   1.00000000000E+00   1.00000000000E+00   1.00000000000E+00   1.00000000000E+00
   1.00000000000E+00   1.00000000000E+00   1.00000000000E+00   1.00000000000E+00
   1.00000000000E+00   1.00000000000E+00   1.00000000000E+00   1.00000000000E+00
   1.00000000000E+00   1.00000000000E+00   1.00000000000E+00   1.00000000000E+00
   1.00000000000E+00   1.00000000000E+00   1.00000000000E+00   1.00000000000E+00
   1.00000000000E+00   1.00000000000E+00   1.00000000000E+00   1.00000000000E+00
   1.00000000000E+00   1.00000000000E+00   1.00000000000E+00   1.00000000000E+00
   1.00000000000E+00   1.00000000000E+00   1.00000000000E+00   1.00000000000E+00
   1.00000000000E+00   1.00000000000E+00   1.00000000000E+00   1.00000000000E+00
   1.00000000000E+00   1.00000000000E+00   1.00000000000E+00   1.00000000000E+00
   1.00000000000E+00   1.00000000000E+00   1.00000000000E+00   1.00000000000E+00
   1.00000000000E+00   1.00000000000E+00   1.00000000000E+00   1.00000000000E+00
   1.00000000000E+00   1.00000000000E+00   1.00000000000E+00   1.00000000000E+00
   1.00000000000E+00   1.00000000000E+00   1.00000000000E+00   1.00000000000E+00
   1.00000000000E+00   1.00000000000E+00   1.00000000000E+00   1.00000000000E+00
   1.00000000000E+00   1.00000000000E+00   1.00000000000E+00   1.00000000000E+00
   1.00000000000E+00   1.00000000000E+00                   0                   0
                   1               70813                   0                   4
                  10                   0                   2   1.00000000000E+00
   2.00000000000E+02   1.00000000000E+00   1.00000000000E+00                   0
                  32   1.00000000000E+00   6.00000000000E+00   8.00000000000E+00
   1.00000000000E+01   1.20000000000E+01   1.40000000000E+01   1.60000000000E+01
   1.80000000000E+01   2.00000000000E+01   2.20000000000E+01   2.40000000000E+01
   2.60000000000E+01   2.80000000000E+01   3.00000000000E+01   3.20000000000E+01
   3.60000000000E+01   4.00000000000E+01   4.40000000000E+01   4.80000000000E+01
   5.00000000000E+01   5.20000000000E+01   5.60000000000E+01   6.00000000000E+01
   7.00000000000E+01   8.00000000000E+01   9.00000000000E+01   1.00000000000E+02
   1.20000000000E+02   1.40000000000E+02   1.60000000000E+02   1.80000000000E+02
   2.00000000000E+02                  76                  87                 272
                 841                1752                3085                4638
                6290                7953                9616               11279
               13244               15482               17694               19893
               22066               24239               26701               29148
               31580               34012               36459               38951
               41428               44184               46940               50001
               53043               56384               60020               63633
               67246                   2                   3   0.00000000000E+00
   5.00000000000E-07   1.00000000000E-06   0.00000000000E+00   2.00000000000E+06
   0.00000000000E+00   0.00000000000E+00   5.00000000000E-01   1.00000000000E+00
                   2                  61   0.00000000000E+00   2.50000000000E-02
   1.00000000000E-01   2.00000000000E-01   3.00000000000E-01   4.00000000000E-01
   5.00000000000E-01   6.00000000000E-01   7.00000000000E-01   8.00000000000E-01
   9.00000000000E-01   1.00000000000E+00   1.10000000000E+00   1.20000000000E+00
   1.30000000000E+00   1.40000000000E+00   1.50000000000E+00   1.60000000000E+00
   1.70000000000E+00   1.80000000000E+00   1.90000000000E+00   2.00000000000E+00
   2.10000000000E+00   2.20000000000E+00   2.30000000000E+00   2.40000000000E+00
   2.50000000000E+00   2.60000000000E+00   2.70000000000E+00   2.80000000000E+00
   2.90000000000E+00   3.00000000000E+00   3.10000000000E+00   3.20000000000E+00
   3.30000000000E+00   3.40000000000E+00   3.50000000000E+00   3.60000000000E+00
   3.70000000000E+00   3.80000000000E+00   3.90000000000E+00   4.00000000000E+00
   4.10000000000E+00   4.20000000000E+00   4.30000000000E+00   4.40000000000E+00
   4.50000000000E+00   4.60000000000E+00   4.70000000000E+00   4.80000000000E+00
   4.90000000000E+00   5.00000000000E+00   5.10000000000E+00   5.20000000000E+00
   5.30000000000E+00   5.40000000000E+00   5.50000000000E+00   5.60000000000E+00
   5.70000000000E+00   5.80000000000E+00   5.90000000000E+00   0.00000000000E+00
   1.52171700000E-01   5.74878900000E-01   3.47322600000E-01   2.34851400000E-03
   9.29594000000E-04   9.26111200000E-02   3.45677100000E+00   4.61662800000E+00
   9.04284800000E-01   9.99999900000E-13   9.99999900000E-13   9.99999900000E-13
   9.99999900000E-13   9.99999900000E-13   9.99999900000E-13   9.99999900000E-13
   9.99999900000E-13   0.00000000000E+00   0.00000000000E+00   0.00000000000E+00
   0.00000000000E+00   0.00000000000E+00   0.00000000000E+00   0.00000000000E+00
   0.00000000000E+00   0.00000000000E+00   0.00000000000E+00   0.00000000000E+00
   0.00000000000E+00   0.00000000000E+00   0.00000000000E+00   0.00000000000E+00
   0.00000000000E+00   0.00000000000E+00   0.00000000000E+00   0.00000000000E+00
   0.00000000000E+00   0.00000000000E+00   0.00000000000E+00   0.00000000000E+00
   0.00000000000E+00   0.00000000000E+00   0.00000000000E+00   0.00000000000E+00
   0.00000000000E+00   0.00000000000E+00   0.00000000000E+00   0.00000000000E+00
   0.00000000000E+00   0.00000000000E+00   0.00000000000E+00   0.00000000000E+00
   0.00000000000E+00   0.00000000000E+00   0.00000000000E+00   0.00000000000E+00
   0.00000000000E+00   0.00000000000E+00   0.00000000000E+00   0.00000000000E+00
   0.00000000000E+00   1.90214615000E-03   2.91665422000E-02   7.52766149000E-02
   9.27601697000E-02   9.29240751000E-02   9.76011105000E-02   2.75070207000E-01
   6.78740137000E-01   9.54785762000E-01   1.00000000000E+00   1.00000000000E+00
   1.00000000000E+00   1.00000000000E+00   1.00000000000E+00   1.00000000000E+00
   1.00000000000E+00   1.00000000000E+00   1.00000000000E+00   1.00000000000E+00
   1.00000000000E+00   1.00000000000E+00   1.00000000000E+00   1.00000000000E+00
   1.00000000000E+00   1.00000000000E+00   1.00000000000E+00   1.00000000000E+00
   1.00000000000E+00   1.00000000000E+00   1.00000000000E+00   1.00000000000E+00
   1.00000000000E+00   1.00000000000E+00   1.00000000000E+00   1.00000000000E+00
   1.00000000000E+00   1.00000000000E+00   1.00000000000E+00   1.00000000000E+00
   1.00000000000E+00   1.00000000000E+00   1.00000000000E+00   1.00000000000E+00
   1.00000000000E+00   1.00000000000E+00   1.00000000000E+00   1.00000000000E+00
   1.00000000000E+00   1.00000000000E+00   1.00000000000E+00   1.00000000000E+00
   1.00000000000E+00   1.00000000000E+00   1.00000000000E+00   1.00000000000E+00
   1.00000000000E+00   1.00000000000E+00   1.00000000000E+00   1.00000000000E+00
   1.00000000000E+00                   2                  81   0.00000000000E+00
   2.50000000000E-02   1.00000000000E-01   2.00000000000E-01   3.00000000000E-01
   4.00000000000E-01   5.00000000000E-01   6.00000000000E-01   7.00000000000E-01
   8.00000000000E-01   9.00000000000E-01   1.00000000000E+00   1.10000000000E+00
   1.20000000000E+00   1.30000000000E+00   1.40000000000E+00   1.50000000000E+00
   1.60000000000E+00   1.70000000000E+00   1.80000000000E+00   1.90000000000E+00
   2.00000000000E+00   2.10000000000E+00   2.20000000000E+00   2.30000000000E+00
   2.40000000000E+00   2.50000000000E+00   2.60000000000E+00   2.70000000000E+00
   2.80000000000E+00   2.90000000000E+00   3.00000000000E+00   3.10000000000E+00
   3.20000000000E+00   3.30000000000E+00   3.40000000000E+00   3.50000000000E+00
   3.60000000000E+00   3.70000000000E+00   3.80000000000E+00   3.90000000000E+00
   4.00000000000E+00   4.10000000000E+00   4.20000000000E+00   4.30000000000E+00
   4.40000000000E+00   4.50000000000E+00   4.60000000000E+00   4.70000000000E+00
   4.80000000000E+00   4.90000000000E+00   5.00000000000E+00   5.10000000000E+00
   5.20000000000E+00   5.30000000000E+00   5.40000000000E+00   5.50000000000E+00
   5.60000000000E+00   5.70000000000E+00   5.80000000000E+00   5.90000000000E+00
   6.00000000000E+00   6.10000000000E+00   6.20000000000E+00   6.30000000000E+00
   6.40000000000E+00   6.50000000000E+00   6.60000000000E+00   6.70000000000E+00
   6.80000000000E+00   6.90000000000E+00   7.00000000000E+00   7.10000000000E+00
   7.20000000000E+00   7.30000000000E+00   7.40000000000E+00   7.50000000000E+00
   7.60000000000E+00   7.70000000000E+00   7.80000000000E+00   7.90000000000E+00
   0.00000000000E+00   1.14628000000E-01   3.75220500000E-01   6.88977500000E-01
   8.28227200000E-01   8.35974400000E-01   7.81704000000E-01   7.11442200000E-01
   6.47898700000E-01   5.96957500000E-01   5.54256900000E-01   5.11939800000E-01
   4.64197600000E-01   4.10239800000E-01   1.80088300000E-01   2.40651600000E-01
   4.25204700000E-01   5.85696900000E-01   3.15270800000E-01   2.13959800000E-01
   1.77050200000E-01   2.03364400000E-02   4.26806400000E-02   2.91503700000E-02
   2.34962000000E-03   9.58965000000E-06   4.91483600000E-02   1.24259900000E-01
   1.39209000000E-01   3.74863300000E-02   1.00000000000E-12   1.00000000000E-12
   1.00000000000E-12   1.00000000000E-12   1.00000000000E-12   1.00000000000E-12
   0.00000000000E+00   0.00000000000E+00   0.00000000000E+00   0.00000000000E+00
   0.00000000000E+00   0.00000000000E+00   0.00000000000E+00   0.00000000000E+00
   0.00000000000E+00   0.00000000000E+00   0.00000000000E+00   0.00000000000E+00
   0.00000000000E+00   0.00000000000E+00   0.00000000000E+00   0.00000000000E+00
   0.00000000000E+00   0.00000000000E+00   0.00000000000E+00   0.00000000000E+00
   0.00000000000E+00   0.00000000000E+00   0.00000000000E+00   0.00000000000E+00
   0.00000000000E+00   0.00000000000E+00   0.00000000000E+00   0.00000000000E+00
   0.00000000000E+00   0.00000000000E+00   0.00000000000E+00   0.00000000000E+00
   0.00000000000E+00   0.00000000000E+00   0.00000000000E+00   0.00000000000E+00
   0.00000000000E+00   0.00000000000E+00   0.00000000000E+00   0.00000000000E+00
   0.00000000000E+00   0.00000000000E+00   0.00000000000E+00   0.00000000000E+00
   0.00000000000E+00   0.00000000000E+00   1.43284999000E-03   1.98021686000E-02
   7.30120681000E-02   1.48872302000E-01   2.32082382000E-01   3.12966301000E-01
   3.87623610000E-01   4.55590655000E-01   5.17833464000E-01   5.75394184000E-01
   6.28704018000E-01   6.77510888000E-01   7.21232757000E-01   7.50749162000E-01
   7.71786157000E-01   8.05078972000E-01   8.55624051000E-01   9.00672436000E-01
   9.27133966000E-01   9.46684466000E-01   9.56553797000E-01   9.59704651000E-01
   9.63296202000E-01   9.64871201000E-01   9.64989162000E-01   9.67447059000E-01
   9.76117472000E-01   9.89290917000E-01   9.98125684000E-01   1.00000000000E+00
   1.00000000000E+00   1.00000000000E+00   1.00000000000E+00   1.00000000000E+00
   1.00000000000E+00   1.00000000000E+00   1.00000000000E+00   1.00000000000E+00
   1.00000000000E+00   1.00000000000E+00   1.00000000000E+00   1.00000000000E+00
   1.00000000000E+00   1.00000000000E+00   1.00000000000E+00   1.00000000000E+00
   1.00000000000E+00   1.00000000000E+00   1.00000000000E+00   1.00000000000E+00
   1.00000000000E+00   1.00000000000E+00   1.00000000000E+00   1.00000000000E+00
   1.00000000000E+00   1.00000000000E+00   1.00000000000E+00   1.00000000000E+00
   1.00000000000E+00   1.00000000000E+00   1.00000000000E+00   1.00000000000E+00
   1.00000000000E+00   1.00000000000E+00   1.00000000000E+00   1.00000000000E+00
   1.00000000000E+00   1.00000000000E+00   1.00000000000E+00   1.00000000000E+00
   1.00000000000E+00   1.00000000000E+00   1.00000000000E+00   1.00000000000E+00
   1.00000000000E+00   1.00000000000E+00   1.00000000000E+00   1.00000000000E+00
   1.00000000000E+00   1.00000000000E+00                   0                   0
                   0                   0                   0                   0
                   0                   0                   0                   0
                   0                   0                   0                   0
                   0                   0                   0                   0
                   0                   0                   0                   0
                   0                   0                   0                   0
                   0                   0                   0                   0
                   0                   0                   0                   0
                   0                   0                   0                   0
                   0                   0                   0                   0
                   0                   0                   0                   0
                   0                   0                   0                   0
                   0                   0                   0                   0
                   0                   0                   0                   0
                   0                   0                   0                   0
                   0                   0                   0                   0
                   0                   0                   0                   0
                   0                   0                   0                   0
                   0                   0                   0                   0
                   0                   0                   0                   0
                   0                   0                   0                   0
                   0                   0                   0                   0
                   0                   0                   0                   0
                   0                   0                   0                   0
                   0                   0                   0                   0
                   0                   0                   0                   0
                   0                   0                   0                   0
                   0                   0                   0                   0
                   0                   0                   0                   0
                   0                   0                   0                   0
                   0                   0                   0                   0
                   0                   0                   0                   0
                   0                   0                   0                   0
                   0                   0                   0                   0
                   0                   0                   0
