 88226.00u  224.083700  0.0000E+00   06/19/20
Ace Ra226 IAEA-PD                                                        mat8834
      0         0.      0         0.      0         0.      0         0.
      0         0.      0         0.      0         0.      0         0.
      0         0.      0         0.      0         0.      0         0.
      0         0.      0         0.      0         0.      0         0.
   473969    88226       89        2        7        2       12        0
        0        0        0        0        0        0        0        1
        1       90       90        0      179      268      270      272
      274      447      531        0        0        0        0        0
        0        0        0        0        0        0        0        0
        0        0        0        0        0        0        0        0
   9.99999000000E-01   1.00000000000E+00   1.50000000000E+00   2.00000000000E+00
   2.50000000000E+00   3.00000000000E+00   3.50000000000E+00   4.00000000000E+00
   4.50000000000E+00   5.00000000000E+00   5.50000000000E+00   6.00000000000E+00
   6.50000000000E+00   7.00000000000E+00   7.50000000000E+00   8.00000000000E+00
   8.50000000000E+00   9.00000000000E+00   9.50000000000E+00   1.00000000000E+01
   1.05000000000E+01   1.10000000000E+01   1.15000000000E+01   1.20000000000E+01
   1.25000000000E+01   1.30000000000E+01   1.35000000000E+01   1.40000000000E+01
   1.45000000000E+01   1.50000000000E+01   1.55000000000E+01   1.60000000000E+01
   1.65000000000E+01   1.70000000000E+01   1.75000000000E+01   1.80000000000E+01
   1.85000000000E+01   1.90000000000E+01   1.95000000000E+01   2.00000000000E+01
   2.10000000000E+01   2.20000000000E+01   2.30000000000E+01   2.40000000000E+01
   2.50000000000E+01   2.60000000000E+01   2.70000000000E+01   2.80000000000E+01
   2.90000000000E+01   3.00000000000E+01   3.20000000000E+01   3.40000000000E+01
   3.60000000000E+01   3.80000000000E+01   4.00000000000E+01   4.20000000000E+01
   4.40000000000E+01   4.60000000000E+01   4.80000000000E+01   5.00000000000E+01
   5.20000000000E+01   5.40000000000E+01   5.60000000000E+01   5.80000000000E+01
   6.00000000000E+01   6.20000000000E+01   6.40000000000E+01   6.60000000000E+01
   6.80000000000E+01   7.00000000000E+01   7.20000000000E+01   7.40000000000E+01
   7.60000000000E+01   7.80000000000E+01   8.00000000000E+01   8.50000000000E+01
   9.00000000000E+01   9.50000000000E+01   1.00000000000E+02   1.10000000000E+02
   1.20000000000E+02   1.30000000000E+02   1.40000000000E+02   1.50000000000E+02
   1.60000000000E+02   1.70000000000E+02   1.80000000000E+02   1.90000000000E+02
   2.00000000000E+02   0.00000000000E+00   4.48712900000E-05   1.28662400000E-04
   2.82168600000E-04   5.33000000000E-04   9.16277100000E-04   1.47781900000E-03
   2.27811800000E-03   3.39597200000E-03   4.92750100000E-03   6.97150700000E-03
   9.60155400000E-03   1.28836700000E-02   1.70247800001E-02   2.25335400135E-02
   3.02305233037E-02   4.12730803691E-02   5.73443314976E-02   8.09516357458E-02
   1.15800326722E-01   1.67187905961E-01   2.39950670090E-01   3.26855462730E-01
   3.99419140280E-01   4.44438985000E-01   4.83387644500E-01   5.21914248500E-01
   5.35860357600E-01   5.06564501900E-01   4.44989373700E-01   3.74748039400E-01
   3.11111105000E-01   2.58889885200E-01   2.17632163000E-01   1.85324006800E-01
   1.59906074200E-01   1.39696664200E-01   1.23421754000E-01   1.10141179100E-01
   9.91645302000E-02   8.18633623000E-02   6.92063259000E-02   5.96181977000E-02
   5.21461233000E-02   4.61886665000E-02   4.13514720000E-02   3.73670178000E-02
   3.40481908000E-02   3.12603307000E-02   2.89038910000E-02   2.52003141000E-02
   2.25092179000E-02   2.05524867000E-02   1.91372824000E-02   1.81238732000E-02
   1.74084912000E-02   1.69130400000E-02   1.65784923000E-02   1.63601970000E-02
   1.62244323000E-02   1.61457485000E-02   1.61050626000E-02   1.60880274000E-02
   1.60840110000E-02   1.60850840000E-02   1.60854480000E-02   1.60809090000E-02
   1.60684590000E-02   1.60460640000E-02   1.60123450000E-02   1.59664810000E-02
   1.59080850000E-02   1.58370530000E-02   1.57535440000E-02   1.56578840000E-02
   1.53688580000E-02   1.50166550000E-02   1.46128300000E-02   1.41696530000E-02
   1.32145100000E-02   1.22463300000E-02   1.13528400000E-02   1.06138300000E-02
   9.69410000000E-03   8.89947700000E-03   8.20741800000E-03   7.60034500000E-03
   7.06436600000E-03   6.58837500000E-03   0.00000000000E+00   1.00000000000E+00
   7.37043900000E-02   7.44247000000E-02   3.59356200000E-01   5.87356200000E-01
   6.31035700000E-01   2.80099000000E-01   4.15798500000E-02  -1.76507900000E-01
  -1.59095800000E-01   7.52826300000E-02   5.50864600000E+00   5.62036500000E+00
   5.88536200000E+00   6.37459200000E+00   6.50027700000E+00   6.54497600000E+00
   6.53540400000E+00   6.46436700000E+00   6.63736100000E+00   6.79431500000E+00
   7.00296600000E+00   8.01920000000E+00   9.09586000000E+00   9.82565900000E+00
   1.03525000000E+01   1.08284500000E+01   1.09716700000E+01   1.10733100000E+01
   1.11388500000E+01   1.11667000000E+01   1.12874200000E+01   1.13649300000E+01
   1.14089400000E+01   1.14150800000E+01   1.17216200000E+01   1.22050500000E+01
   1.28302000000E+01   1.35289400000E+01   1.50069000000E+01   1.61880200000E+01
   1.67371300000E+01   1.72093300000E+01   1.77249200000E+01   1.83193900000E+01
   1.93006100000E+01   2.02807700000E+01   2.10555600000E+01   2.18012900000E+01
   2.28410400000E+01   2.42590400000E+01   2.59795200000E+01   2.79006700000E+01
   2.97983400000E+01   3.16244300000E+01   3.34482400000E+01   3.53305800000E+01
   3.72377700000E+01   3.91259800000E+01   4.12455300000E+01   4.35025500000E+01
   4.59217000000E+01   4.84213800000E+01   5.09923500000E+01   5.35898900000E+01
   5.62494000000E+01   5.89437500000E+01   6.18013400000E+01   6.48013900000E+01
   6.78058900000E+01   7.09795200000E+01   7.42668100000E+01   7.76129800000E+01
   8.10831500000E+01   8.99532300000E+01   9.93067300000E+01   1.08744200000E+02
   1.18290200000E+02   1.36814800000E+02   1.54566100000E+02   1.70959400000E+02
   1.86455800000E+02   2.00943900000E+02   2.14990900000E+02   2.28537800000E+02
   2.41863400000E+02   2.54857100000E+02   2.67626500000E+02                   5
                  18   0.00000000000E+00   1.81222000000E+02                   1
                  92                   1                  89   0.00000000000E+00
   4.48712900000E-05   1.28662400000E-04   2.82168600000E-04   5.33000000000E-04
   9.16277100000E-04   1.47781900000E-03   2.27811800000E-03   3.39597200000E-03
   4.92750100000E-03   6.97150700000E-03   9.60155400000E-03   1.28836700000E-02
   1.70247800000E-02   2.25335400000E-02   3.02305200000E-02   4.12730000000E-02
   5.73440300000E-02   8.09507300000E-02   1.15797700000E-01   1.67180300000E-01
   2.39929100000E-01   3.26804200000E-01   3.99325500000E-01   4.44298000000E-01
   4.83193300000E-01   5.21659300000E-01   5.35551900000E-01   5.06228200000E-01
   4.44654500000E-01   3.74431200000E-01   3.10817800000E-01   2.58619200000E-01
   2.17380800000E-01   1.85087500000E-01   1.59680600000E-01   1.39478900000E-01
   1.23209400000E-01   1.09932400000E-01   9.89582100000E-02   8.16603800000E-02
   6.90048800000E-02   5.94171000000E-02   5.19441500000E-02   4.59843300000E-02
   4.11433000000E-02   3.71538600000E-02   3.38292600000E-02   3.10350500000E-02
   2.86717000000E-02   2.49536700000E-02   2.22423100000E-02   2.02595900000E-02
   1.88126700000E-02   1.77618200000E-02   1.70029300000E-02   1.64574000000E-02
   1.60659500000E-02   1.57835100000E-02   1.55762800000E-02   1.54183300000E-02
   1.52903700000E-02   1.51783900000E-02   1.50715000000E-02   1.49621400000E-02
   1.48446400000E-02   1.47153400000E-02   1.45716000000E-02   1.44126200000E-02
   1.42370200000E-02   1.40455000000E-02   1.38380300000E-02   1.36148300000E-02
   1.33766000000E-02   1.31257300000E-02   1.24466600000E-02   1.17170600000E-02
   1.09615800000E-02   1.02046500000E-02   8.76115900000E-03   7.48825300000E-03
   6.42867600000E-03   5.58968000000E-03   4.76467100000E-03   4.09147300000E-03
   3.53267500000E-03   3.06663000000E-03   2.67120900000E-03   2.33743700000E-03
                  10                  80   0.00000000000E+00   6.02708000000E-19
   1.06096000000E-16   1.73634000000E-15   5.85868000000E-14   1.35149000000E-11
   3.30364900000E-09   8.03690600000E-08   3.01497600000E-07   9.05745800000E-07
   2.62672200000E-06   7.60596100000E-06   2.15700900000E-05   5.12627300000E-05
   9.36402800000E-05   1.40985000000E-04   1.94344500000E-04   2.54948500000E-04
   3.08457600000E-04   3.36301900000E-04   3.34873700000E-04   3.16839400000E-04
   2.93305000000E-04   2.70685200000E-04   2.51363000000E-04   2.36506800000E-04
   2.25474200000E-04   2.17764200000E-04   2.12354000000E-04   2.08779100000E-04
   2.06320200000E-04   2.02982300000E-04   2.01445900000E-04   2.01097700000E-04
   2.01973300000E-04   2.04336500000E-04   2.08172000000E-04   2.13157800000E-04
   2.18930800000E-04   2.25280700000E-04   2.32191000000E-04   2.46644100000E-04
   2.66907900000E-04   2.92896700000E-04   3.24612400000E-04   3.62053200000E-04
   4.05561200000E-04   4.55640000000E-04   5.12542300000E-04   5.76687000000E-04
   6.48152300000E-04   7.27418500000E-04   8.14692600000E-04   9.09637400000E-04
   1.01251100000E-03   1.12294400000E-03   1.24080800000E-03   1.36556900000E-03
   1.49685900000E-03   1.63344400000E-03   1.77532500000E-03   1.92098100000E-03
   2.07005500000E-03   2.22222300000E-03   2.37694400000E-03   2.53215400000E-03
   2.92219800000E-03   3.29959500000E-03   3.65125000000E-03   3.96500300000E-03
   4.45335100000E-03   4.75807700000E-03   4.92416400000E-03   5.02415000000E-03
   4.92942900000E-03   4.80800400000E-03   4.67474300000E-03   4.53371500000E-03
   4.39315700000E-03   4.25093800000E-03                   1                   2
                 531                 622                 713                 715
                 717                 719                1047                1049
                1049                1051                   2                   1
               84008               84099               84190               84191
               84192               84193               84373               84374
               84374               84375                   9                   1
              101892              101969              102046              102047
              102048              102049              102213              102214
              102214              102215                  31                   1
              173351              173420              173489              173490
              173491              173492              173650              173651
              173651              173652                  32                   1
              240313              240385              240457              240458
              240459              240460              240624              240625
              240625              240626                  33                   1
              311547              311610              311673              311674
              311675              311676              311832              311833
              311833              311834                  34                   1
              376440              376531              376622              376623
              376624              376625              376805              376806
              376806              376807                   1                  89
   0.00000000000E+00   0.00000000000E+00   2.34151300000E-34   1.02703100000E-33
   2.91000200000E-33   6.67009000000E-33   1.34473300000E-32   2.48755300000E-32
   4.32620400000E-32   7.17400300000E-32   6.02708000000E-19   1.06096000000E-16
   1.17167600000E-02   1.67556500000E-02   2.21624700000E-02   2.97316800000E-02
   4.06714500000E-02   5.66980900000E-02   8.03276000000E-02   1.15236600000E-01
   1.66699500000E-01   2.39543900000E-01   3.33383100000E-01   5.20430300000E-01
   6.89034400000E-01   8.27423200000E-01   9.45252200000E-01   9.95850200000E-01
   9.51846400000E-01   8.41512300000E-01   7.12517500000E-01   5.94876300000E-01
   4.97473400000E-01   4.19943700000E-01   3.58659200000E-01   3.10203500000E-01
   2.73430500000E-01   2.49497800000E-01   2.33652800000E-01   2.22785400000E-01
   2.02644400000E-01   1.81798800000E-01   1.61144600000E-01   1.43069300000E-01
   1.28860200000E-01   1.19059400000E-01   1.12690200000E-01   1.07831700000E-01
   1.02376800000E-01   9.69322900000E-02   8.64286800000E-02   7.90732600000E-02
   7.55221500000E-02   7.35584200000E-02   7.17884600000E-02   7.07741200000E-02
   7.07720400000E-02   7.11867500000E-02   7.16801900000E-02   7.21588800000E-02
   7.30674600000E-02   7.41873200000E-02   7.52730700000E-02   7.63942400000E-02
   7.74275900000E-02   7.82952100000E-02   7.90487900000E-02   7.97349700000E-02
   8.00703900000E-02   8.02907000000E-02   8.03345800000E-02   8.02707000000E-02
   8.00412500000E-02   7.97693900000E-02   7.91712300000E-02   7.74507700000E-02
   7.47742800000E-02   7.16077600000E-02   6.81247200000E-02   6.06582900000E-02
   5.37270800000E-02   4.78541800000E-02   4.31730600000E-02   3.82198900000E-02
   3.40445500000E-02   3.05468800000E-02   2.75353200000E-02   2.49102900000E-02
   2.26577600000E-02                   1                  89   0.00000000000E+00
   0.00000000000E+00   2.08334900000E-32   8.33321500000E-32   1.87496000000E-31
   3.33325000000E-31   5.20819100000E-31   7.49978400000E-31   1.02080300000E-30
   1.33329300000E-30   1.46303300000E-16   2.07772800000E-14   3.02871900000E-01
   5.42879800000E-01   7.57480500000E-01   9.72411900000E-01   9.79177500000E-01
   9.87344700000E-01   9.95801300000E-01   1.00357300000E+00   9.69673100000E-01
   9.34984000000E-01   9.18643300000E-01   1.12667900000E+00   1.44241400000E+00
   1.70498200000E+00   1.92296200000E+00   2.09524200000E+00   2.19892000000E+00
   2.29398900000E+00   2.38780300000E+00   2.48319000000E+00   2.54839200000E+00
   2.61219300000E+00   2.67321900000E+00   2.73301100000E+00   2.79008700000E+00
   2.91518400000E+00   3.09446600000E+00   3.31443600000E+00   3.81141800000E+00
   4.21397500000E+00   4.56714700000E+00   4.87054800000E+00   5.12151100000E+00
   5.45973200000E+00   5.84330500000E+00   6.26724500000E+00   6.68117300000E+00
   7.04670200000E+00   7.76067200000E+00   8.34170400000E+00   9.13600100000E+00
   9.95731800000E+00   1.06738200000E+01   1.13863800000E+01   1.21627000000E+01
   1.29572100000E+01   1.37065100000E+01   1.44211800000E+01   1.51502400000E+01
   1.58996200000E+01   1.66342600000E+01   1.73705700000E+01   1.80940500000E+01
   1.88145800000E+01   1.95229000000E+01   2.02329200000E+01   2.08726900000E+01
   2.15012300000E+01   2.21471900000E+01   2.27826800000E+01   2.33897800000E+01
   2.40030200000E+01   2.45337300000E+01   2.59356800000E+01   2.70715000000E+01
   2.82173800000E+01   2.92069600000E+01   3.12460000000E+01   3.29826100000E+01
   3.49463200000E+01   3.67924500000E+01   3.88160300000E+01   4.06480600000E+01
   4.25029800000E+01   4.41767800000E+01   4.58446800000E+01   4.74262100000E+01
                   5                  18                  -1                  -1
                   1                 165                   6                   5
                   0                  80   1.00000000000E+00   5.50000000000E+00
   6.00000000000E+00   6.50000000000E+00   7.00000000000E+00   7.50000000000E+00
   8.00000000000E+00   8.50000000000E+00   9.00000000000E+00   9.50000000000E+00
   1.00000000000E+01   1.05000000000E+01   1.10000000000E+01   1.15000000000E+01
   1.20000000000E+01   1.25000000000E+01   1.30000000000E+01   1.35000000000E+01
   1.40000000000E+01   1.45000000000E+01   1.50000000000E+01   1.55000000000E+01
   1.60000000000E+01   1.65000000000E+01   1.70000000000E+01   1.75000000000E+01
   1.80000000000E+01   1.85000000000E+01   1.90000000000E+01   1.95000000000E+01
   2.00000000000E+01   2.10000000000E+01   2.20000000000E+01   2.30000000000E+01
   2.40000000000E+01   2.50000000000E+01   2.60000000000E+01   2.70000000000E+01
   2.80000000000E+01   2.90000000000E+01   3.00000000000E+01   3.20000000000E+01
   3.40000000000E+01   3.60000000000E+01   3.80000000000E+01   4.00000000000E+01
   4.20000000000E+01   4.40000000000E+01   4.60000000000E+01   4.80000000000E+01
   5.00000000000E+01   5.20000000000E+01   5.40000000000E+01   5.60000000000E+01
   5.80000000000E+01   6.00000000000E+01   6.20000000000E+01   6.40000000000E+01
   6.60000000000E+01   6.80000000000E+01   7.00000000000E+01   7.20000000000E+01
   7.40000000000E+01   7.60000000000E+01   7.80000000000E+01   8.00000000000E+01
   8.50000000000E+01   9.00000000000E+01   9.50000000000E+01   1.00000000000E+02
   1.10000000000E+02   1.20000000000E+02   1.30000000000E+02   1.40000000000E+02
   1.50000000000E+02   1.60000000000E+02   1.70000000000E+02   1.80000000000E+02
   1.90000000000E+02   2.00000000000E+02   0.00000000000E+00   1.63790000000E-29
   3.25586000000E-26   9.09427200000E-01   9.84191900000E-01   9.83532500000E-01
   9.83498900000E-01   9.85423200000E-01   9.88730500000E-01   9.92291100000E-01
   9.95132300000E-01   9.97078600000E-01   9.98304400000E-01   1.01997400000E+00
   1.30303900000E+00   1.55052100000E+00   1.71200400000E+00   1.81152200000E+00
   1.85890800000E+00   1.87960700000E+00   1.89175500000E+00   1.90208700000E+00
   1.91296300000E+00   1.92252800000E+00   1.93067800000E+00   1.93650400000E+00
   1.94123800000E+00   1.95881000000E+00   2.02326600000E+00   2.12352300000E+00
   2.24922300000E+00   2.47906500000E+00   2.63166000000E+00   2.70870700000E+00
   2.75040200000E+00   2.79782100000E+00   2.88871400000E+00   3.02733000000E+00
   3.18105800000E+00   3.29148800000E+00   3.37266700000E+00   3.45368200000E+00
   3.54308300000E+00   3.71326600000E+00   3.89279200000E+00   4.02134500000E+00
   4.13861400000E+00   4.27263100000E+00   4.39900600000E+00   4.50492300000E+00
   4.59100200000E+00   4.69182100000E+00   4.79861700000E+00   4.89929600000E+00
   5.00160800000E+00   5.09984900000E+00   5.19072200000E+00   5.27906400000E+00
   5.36921900000E+00   5.44224100000E+00   5.51487400000E+00   5.58282700000E+00
   5.65114000000E+00   5.71575500000E+00   5.78565900000E+00   5.83884300000E+00
   5.98783700000E+00   6.10005200000E+00   6.19951800000E+00   6.28730200000E+00
   6.41524000000E+00   6.53944300000E+00   6.67789500000E+00   6.82488300000E+00
   6.98693800000E+00   7.14572700000E+00   7.32366800000E+00   7.50061000000E+00
   7.68083900000E+00   7.87478600000E+00                   6                  18
                   0                  80   1.00000000000E+00   5.50000000000E+00
   6.00000000000E+00   6.50000000000E+00   7.00000000000E+00   7.50000000000E+00
   8.00000000000E+00   8.50000000000E+00   9.00000000000E+00   9.50000000000E+00
   1.00000000000E+01   1.05000000000E+01   1.10000000000E+01   1.15000000000E+01
   1.20000000000E+01   1.25000000000E+01   1.30000000000E+01   1.35000000000E+01
   1.40000000000E+01   1.45000000000E+01   1.50000000000E+01   1.55000000000E+01
   1.60000000000E+01   1.65000000000E+01   1.70000000000E+01   1.75000000000E+01
   1.80000000000E+01   1.85000000000E+01   1.90000000000E+01   1.95000000000E+01
   2.00000000000E+01   2.10000000000E+01   2.20000000000E+01   2.30000000000E+01
   2.40000000000E+01   2.50000000000E+01   2.60000000000E+01   2.70000000000E+01
   2.80000000000E+01   2.90000000000E+01   3.00000000000E+01   3.20000000000E+01
   3.40000000000E+01   3.60000000000E+01   3.80000000000E+01   4.00000000000E+01
   4.20000000000E+01   4.40000000000E+01   4.60000000000E+01   4.80000000000E+01
   5.00000000000E+01   5.20000000000E+01   5.40000000000E+01   5.60000000000E+01
   5.80000000000E+01   6.00000000000E+01   6.20000000000E+01   6.40000000000E+01
   6.60000000000E+01   6.80000000000E+01   7.00000000000E+01   7.20000000000E+01
   7.40000000000E+01   7.60000000000E+01   7.80000000000E+01   8.00000000000E+01
   8.50000000000E+01   9.00000000000E+01   9.50000000000E+01   1.00000000000E+02
   1.10000000000E+02   1.20000000000E+02   1.30000000000E+02   1.40000000000E+02
   1.50000000000E+02   1.60000000000E+02   1.70000000000E+02   1.80000000000E+02
   1.90000000000E+02   2.00000000000E+02   1.00000000000E+00   1.00000000000E+00
   1.00000000000E+00   1.00000000000E+00   1.00000000000E+00   1.00000000000E+00
   1.00000000000E+00   1.00000000000E+00   1.00000000000E+00   1.00000000000E+00
   1.00000000000E+00   1.00000000000E+00   1.00000000000E+00   1.00000000000E+00
   1.00000000000E+00   1.00000000000E+00   1.00000000000E+00   1.00000000000E+00
   1.00000000000E+00   1.00000000000E+00   1.00000000000E+00   1.00000000000E+00
   1.00000000000E+00   1.00000000000E+00   1.00000000000E+00   1.00000000000E+00
   1.00000000000E+00   1.00000000000E+00   1.00000000000E+00   1.00000000000E+00
   1.00000000000E+00   1.00000000000E+00   1.00000000000E+00   1.00000000000E+00
   1.00000000000E+00   1.00000000000E+00   1.00000000000E+00   1.00000000000E+00
   1.00000000000E+00   1.00000000000E+00   1.00000000000E+00   1.00000000000E+00
   1.00000000000E+00   1.00000000000E+00   1.00000000000E+00   1.00000000000E+00
   1.00000000000E+00   1.00000000000E+00   1.00000000000E+00   1.00000000000E+00
   1.00000000000E+00   1.00000000000E+00   1.00000000000E+00   1.00000000000E+00
   1.00000000000E+00   1.00000000000E+00   1.00000000000E+00   1.00000000000E+00
   1.00000000000E+00   1.00000000000E+00   1.00000000000E+00   1.00000000000E+00
   1.00000000000E+00   1.00000000000E+00   1.00000000000E+00   1.00000000000E+00
   1.00000000000E+00   1.00000000000E+00   1.00000000000E+00   1.00000000000E+00
   1.00000000000E+00   1.00000000000E+00   1.00000000000E+00   1.00000000000E+00
   1.00000000000E+00   1.00000000000E+00   1.00000000000E+00   1.00000000000E+00
   1.00000000000E+00   1.00000000000E+00                   0                   0
                   1               73852                   0                   4
                  10                   0                   2   1.00000000000E+00
   2.00000000000E+02   1.00000000000E+00   1.00000000000E+00                   0
                  32   1.00000000000E+00   6.00000000000E+00   8.00000000000E+00
   1.00000000000E+01   1.20000000000E+01   1.40000000000E+01   1.60000000000E+01
   1.80000000000E+01   2.00000000000E+01   2.20000000000E+01   2.40000000000E+01
   2.60000000000E+01   2.80000000000E+01   3.00000000000E+01   3.20000000000E+01
   3.60000000000E+01   4.00000000000E+01   4.40000000000E+01   4.80000000000E+01
   5.00000000000E+01   5.20000000000E+01   5.60000000000E+01   6.00000000000E+01
   7.00000000000E+01   8.00000000000E+01   9.00000000000E+01   1.00000000000E+02
   1.20000000000E+02   1.40000000000E+02   1.60000000000E+02   1.80000000000E+02
   2.00000000000E+02                  76                  87                 233
                 711                1505                2695                4105
                6175                8201               10194               12154
               14444               16708               18959               21184
               23396               25582               28089               30566
               33238               35895               38552               41164
               43761               46653               49494               52650
               55768               59193               62898               66580
               70216                   2                   3   0.00000000000E+00
   5.00000000000E-07   1.00000000000E-06   0.00000000000E+00   2.00000000000E+06
   0.00000000000E+00   0.00000000000E+00   5.00000000000E-01   1.00000000000E+00
                   2                  48   0.00000000000E+00   2.50000000000E-02
   1.00000000000E-01   2.00000000000E-01   3.00000000000E-01   4.00000000000E-01
   5.00000000000E-01   6.00000000000E-01   7.00000000000E-01   8.00000000000E-01
   9.00000000000E-01   1.00000000000E+00   1.10000000000E+00   1.20000000000E+00
   1.30000000000E+00   1.40000000000E+00   1.50000000000E+00   1.60000000000E+00
   1.70000000000E+00   1.80000000000E+00   1.90000000000E+00   2.00000000000E+00
   2.10000000000E+00   2.20000000000E+00   2.30000000000E+00   2.40000000000E+00
   2.50000000000E+00   2.60000000000E+00   2.70000000000E+00   2.80000000000E+00
   2.90000000000E+00   3.00000000000E+00   3.10000000000E+00   3.20000000000E+00
   3.30000000000E+00   3.40000000000E+00   3.50000000000E+00   3.60000000000E+00
   3.70000000000E+00   3.80000000000E+00   3.90000000000E+00   4.00000000000E+00
   4.10000000000E+00   4.20000000000E+00   4.30000000000E+00   4.40000000000E+00
   4.50000000000E+00   4.60000000000E+00   0.00000000000E+00   2.54891400000E+00
   7.70605900000E+00   1.63797800000E+00   2.78665000000E-01   5.77734200000E-02
   7.33467400000E-03   8.57606000000E-04   1.18766000000E-04   1.18409000000E-05
   1.73075000000E-06   1.29589000000E-07   1.46886000000E-08   1.53204000000E-09
   1.10681000000E-10   8.09368000000E-12   1.00000000000E-12   1.00000000000E-12
   1.00000000000E-12   1.00000000000E-12   1.00000000000E-12   1.00000000000E-12
   1.00000000000E-12   1.00000000000E-12   1.00000000000E-12   1.00000000000E-12
   1.00000000000E-12   1.00000000000E-12   0.00000000000E+00   0.00000000000E+00
   0.00000000000E+00   0.00000000000E+00   0.00000000000E+00   0.00000000000E+00
   0.00000000000E+00   0.00000000000E+00   0.00000000000E+00   0.00000000000E+00
   0.00000000000E+00   0.00000000000E+00   0.00000000000E+00   0.00000000000E+00
   0.00000000000E+00   0.00000000000E+00   0.00000000000E+00   0.00000000000E+00
   0.00000000000E+00   0.00000000000E+00   0.00000000000E+00   3.18614256000E-02
   4.16422920000E-01   8.83624779000E-01   9.79456931000E-01   9.96278853000E-01
   9.99534257000E-01   9.99943871000E-01   9.99992690000E-01   9.99999220000E-01
   9.99999899000E-01   9.99999992000E-01   9.99999999000E-01   1.00000000000E+00
   1.00000000000E+00   1.00000000000E+00   1.00000000000E+00   1.00000000000E+00
   1.00000000000E+00   1.00000000000E+00   1.00000000000E+00   1.00000000000E+00
   1.00000000000E+00   1.00000000000E+00   1.00000000000E+00   1.00000000000E+00
   1.00000000000E+00   1.00000000000E+00   1.00000000000E+00   1.00000000000E+00
   1.00000000000E+00   1.00000000000E+00   1.00000000000E+00   1.00000000000E+00
   1.00000000000E+00   1.00000000000E+00   1.00000000000E+00   1.00000000000E+00
   1.00000000000E+00   1.00000000000E+00   1.00000000000E+00   1.00000000000E+00
   1.00000000000E+00   1.00000000000E+00   1.00000000000E+00   1.00000000000E+00
   1.00000000000E+00   1.00000000000E+00                   2                  68
   0.00000000000E+00   2.50000000000E-02   1.00000000000E-01   2.00000000000E-01
   3.00000000000E-01   4.00000000000E-01   5.00000000000E-01   6.00000000000E-01
   7.00000000000E-01   8.00000000000E-01   9.00000000000E-01   1.00000000000E+00
   1.10000000000E+00   1.20000000000E+00   1.30000000000E+00   1.40000000000E+00
   1.50000000000E+00   1.60000000000E+00   1.70000000000E+00   1.80000000000E+00
   1.90000000000E+00   2.00000000000E+00   2.10000000000E+00   2.20000000000E+00
   2.30000000000E+00   2.40000000000E+00   2.50000000000E+00   2.60000000000E+00
   2.70000000000E+00   2.80000000000E+00   2.90000000000E+00   3.00000000000E+00
   3.10000000000E+00   3.20000000000E+00   3.30000000000E+00   3.40000000000E+00
   3.50000000000E+00   3.60000000000E+00   3.70000000000E+00   3.80000000000E+00
   3.90000000000E+00   4.00000000000E+00   4.10000000000E+00   4.20000000000E+00
   4.30000000000E+00   4.40000000000E+00   4.50000000000E+00   4.60000000000E+00
   4.70000000000E+00   4.80000000000E+00   4.90000000000E+00   5.00000000000E+00
   5.10000000000E+00   5.20000000000E+00   5.30000000000E+00   5.40000000000E+00
   5.50000000000E+00   5.60000000000E+00   5.70000000000E+00   5.80000000000E+00
   5.90000000000E+00   6.00000000000E+00   6.10000000000E+00   6.20000000000E+00
   6.30000000000E+00   6.40000000000E+00   6.50000000000E+00   6.60000000000E+00
   0.00000000000E+00   6.77819500000E-02   2.50646300000E-01   4.30846100000E-01
   5.40177300000E-01   5.87153400000E-01   5.90579700000E-01   5.68005500000E-01
   5.32374800000E-01   4.92037000000E-01   4.52233700000E-01   2.07864600000E-01
   6.07583100000E-01   5.86310400000E-01   1.01984300000E+00   1.21917900000E+00
   1.00585000000E+00   9.06756400000E-01   1.00000000000E-12   1.00000000000E-12
   1.00000000000E-12   1.00000000000E-12   1.00000000000E-12   1.00000000000E-12
   1.00000000000E-12   1.00000000000E-12   1.00000000000E-12   0.00000000000E+00
   0.00000000000E+00   0.00000000000E+00   0.00000000000E+00   0.00000000000E+00
   0.00000000000E+00   0.00000000000E+00   0.00000000000E+00   0.00000000000E+00
   0.00000000000E+00   0.00000000000E+00   0.00000000000E+00   0.00000000000E+00
   0.00000000000E+00   0.00000000000E+00   0.00000000000E+00   0.00000000000E+00
   0.00000000000E+00   0.00000000000E+00   0.00000000000E+00   0.00000000000E+00
   0.00000000000E+00   0.00000000000E+00   0.00000000000E+00   0.00000000000E+00
   0.00000000000E+00   0.00000000000E+00   0.00000000000E+00   0.00000000000E+00
   0.00000000000E+00   0.00000000000E+00   0.00000000000E+00   0.00000000000E+00
   0.00000000000E+00   0.00000000000E+00   0.00000000000E+00   0.00000000000E+00
   0.00000000000E+00   0.00000000000E+00   0.00000000000E+00   0.00000000000E+00
   0.00000000000E+00   8.47274334000E-04   1.27883331000E-02   4.68629515000E-02
   9.54141191000E-02   1.51780651000E-01   2.10667303000E-01   2.68596561000E-01
   3.23615573000E-01   3.74836160000E-01   4.22049693000E-01   4.55054607000E-01
   4.95826990000E-01   5.55521662000E-01   6.35829328000E-01   7.47780422000E-01
   8.59031867000E-01   9.54662182000E-01   1.00000000000E+00   1.00000000000E+00
   1.00000000000E+00   1.00000000000E+00   1.00000000000E+00   1.00000000000E+00
   1.00000000000E+00   1.00000000000E+00   1.00000000000E+00   1.00000000000E+00
   1.00000000000E+00   1.00000000000E+00   1.00000000000E+00   1.00000000000E+00
   1.00000000000E+00   1.00000000000E+00   1.00000000000E+00   1.00000000000E+00
   1.00000000000E+00   1.00000000000E+00   1.00000000000E+00   1.00000000000E+00
   1.00000000000E+00   1.00000000000E+00   1.00000000000E+00   1.00000000000E+00
   1.00000000000E+00   1.00000000000E+00   1.00000000000E+00   1.00000000000E+00
   1.00000000000E+00   1.00000000000E+00   1.00000000000E+00   1.00000000000E+00
   1.00000000000E+00   1.00000000000E+00   1.00000000000E+00   1.00000000000E+00
   1.00000000000E+00   1.00000000000E+00   1.00000000000E+00   1.00000000000E+00
   1.00000000000E+00   1.00000000000E+00   1.00000000000E+00   1.00000000000E+00
   1.00000000000E+00   1.00000000000E+00   1.00000000000E+00   1.00000000000E+00
                   0                   0                   0                   0
                   0                   0                   0                   0
                   0                   0                   0                   0
                   0                   0                   0                   0
                   0                   0                   0                   0
                   0                   0                   0                   0
                   0                   0                   0                   0
                   0                   0                   0                   0
                   0                   0                   0                   0
                   0                   0                   0                   0
                   0                   0                   0                   0
                   0                   0                   0                   0
                   0                   0                   0                   0
                   0                   0                   0                   0
                   0                   0                   0                   0
                   0                   0                   0                   0
                   0                   0                   0                   0
                   0                   0                   0                   0
                   0                   0                   0                   0
                   0                   0                   0                   0
                   0                   0                   0                   0
                   0                   0                   0                   0
                   0                   0                   0                   0
                   0                   0                   0                   0
                   0                   0                   0                   0
                   0                   0                   0                   0
                   0                   0                   0                   0
                   0                   0                   0                   0
                   0                   0                   0                   0
                   0                   0                   0                   0
                   0                   0                   0                   0
                   0                   0                   0                   0
                   0                   0                   0                   0
                   0                   0                   0                   0
                   0                   0                   0                   0
                   0
