 75185.00u  183.364100  0.0000E+00   06/19/20
Ace Re185 IAEA-PD                                                        mat7525
      0         0.      0         0.      0         0.      0         0.
      0         0.      0         0.      0         0.      0         0.
      0         0.      0         0.      0         0.      0         0.
      0         0.      0         0.      0         0.      0         0.
   382226    75185       89        2        7        2       12        0
        0        0        0        0        0        0        0        1
        1       90       90        0      179      268      270      272
      274      414      498        0        0        0        0        0
        0        0        0        0        0        0        0        0
        0        0        0        0        0        0        0        0
   9.99999000000E-01   1.00000000000E+00   1.50000000000E+00   2.00000000000E+00
   2.50000000000E+00   3.00000000000E+00   3.50000000000E+00   4.00000000000E+00
   4.50000000000E+00   5.00000000000E+00   5.50000000000E+00   6.00000000000E+00
   6.50000000000E+00   7.00000000000E+00   7.50000000000E+00   8.00000000000E+00
   8.50000000000E+00   9.00000000000E+00   9.50000000000E+00   1.00000000000E+01
   1.05000000000E+01   1.10000000000E+01   1.15000000000E+01   1.20000000000E+01
   1.25000000000E+01   1.30000000000E+01   1.35000000000E+01   1.40000000000E+01
   1.45000000000E+01   1.50000000000E+01   1.55000000000E+01   1.60000000000E+01
   1.65000000000E+01   1.70000000000E+01   1.75000000000E+01   1.80000000000E+01
   1.85000000000E+01   1.90000000000E+01   1.95000000000E+01   2.00000000000E+01
   2.10000000000E+01   2.20000000000E+01   2.30000000000E+01   2.40000000000E+01
   2.50000000000E+01   2.60000000000E+01   2.70000000000E+01   2.80000000000E+01
   2.90000000000E+01   3.00000000000E+01   3.20000000000E+01   3.40000000000E+01
   3.60000000000E+01   3.80000000000E+01   4.00000000000E+01   4.20000000000E+01
   4.40000000000E+01   4.60000000000E+01   4.80000000000E+01   5.00000000000E+01
   5.20000000000E+01   5.40000000000E+01   5.60000000000E+01   5.80000000000E+01
   6.00000000000E+01   6.20000000000E+01   6.40000000000E+01   6.60000000000E+01
   6.80000000000E+01   7.00000000000E+01   7.20000000000E+01   7.40000000000E+01
   7.60000000000E+01   7.80000000000E+01   8.00000000000E+01   8.50000000000E+01
   9.00000000000E+01   9.50000000000E+01   1.00000000000E+02   1.10000000000E+02
   1.20000000000E+02   1.30000000000E+02   1.40000000000E+02   1.50000000000E+02
   1.60000000000E+02   1.70000000000E+02   1.80000000000E+02   1.90000000000E+02
   2.00000000000E+02   0.00000000000E+00   3.36270700000E-05   9.66289300000E-05
   2.12012100000E-04   4.00225200000E-04   6.87077700000E-04   1.10613600000E-03
   1.70207200000E-03   2.53509000000E-03   3.68566000000E-03   5.25624400000E-03
   7.36355300000E-03   1.01278500000E-02   1.37289300000E-02   1.86276800000E-02
   2.58136300000E-02   3.62709800000E-02   4.82165200000E-02   6.07712500000E-02
   7.98405300000E-02   1.10826500000E-01   1.59313400000E-01   2.30846100000E-01
   3.19012400000E-01   3.86699500000E-01   3.99495600000E-01   3.82042000000E-01
   3.71289900000E-01   3.74147800000E-01   3.77687800000E-01   3.67016300000E-01
   3.38171200000E-01   2.98308300000E-01   2.56726500000E-01   2.19083800000E-01
   1.87299700000E-01   1.61271100000E-01   1.40161900000E-01   1.23023100000E-01
   1.09016600000E-01   8.75544600000E-02   7.23428800000E-02   6.11537200000E-02
   5.26553200000E-02   4.60258400000E-02   4.07397600000E-02   3.64493600000E-02
   3.29172100000E-02   2.99763600000E-02   2.75062200000E-02   2.36424700003E-02
   2.08344600014E-02   1.87774000047E-02   1.72683600132E-02   1.61648200319E-02
   1.53630200695E-02   1.47857801404E-02   1.43749702669E-02   1.40866104823E-02
   1.38873108348E-02   1.37517613905E-02   1.36608022379E-02   1.35999334908E-02
   1.35582352926E-02   1.35275078185E-02   1.35016512772E-02   1.34761159146E-02
   1.34476320123E-02   1.34138098863E-02   1.33729898905E-02   1.33240924057E-02
   1.32664178486E-02   1.31996166488E-02   1.31235992585E-02   1.30384361448E-02
   1.27873751208E-02   1.24872007803E-02   1.21463993749E-02   1.17744557627E-02
   1.09763929330E-02   1.01697504430E-02   9.42629784200E-03   8.81175555700E-03
   8.04764158000E-03   7.38761435800E-03   6.81287085000E-03   6.30876799000E-03
   5.86374088000E-03   5.46854986000E-03   0.00000000000E+00   1.00000000000E+00
   7.36351600000E-01   2.01841300000E-01   2.34540500000E-01   2.47991700000E-01
   2.25189800000E-01   1.50874400000E-01   1.79342400000E-01   1.75544800000E-01
   1.45300500000E-01   9.38473100000E-02   6.61764900000E-01   1.28730000000E+00
   1.97044300000E+00   6.45715400000E+00   6.64804700000E+00   6.79289600000E+00
   7.05783600000E+00   7.38161600000E+00   7.48765600000E+00   7.57475700000E+00
   7.64734100000E+00   7.70278000000E+00   7.74509300000E+00   7.76882700000E+00
   7.77434300000E+00   7.76332400000E+00   8.33039700000E+00   9.44442000000E+00
   1.04850200000E+01   1.13017600000E+01   1.18124100000E+01   1.22264400000E+01
   1.25827900000E+01   1.28979300000E+01   1.30596800000E+01   1.31958200000E+01
   1.33040000000E+01   1.34021400000E+01   1.35628100000E+01   1.36862700000E+01
   1.38390400000E+01   1.40796500000E+01   1.50983400000E+01   1.62206600000E+01
   1.73902500000E+01   1.84307900000E+01   1.92110200000E+01   1.99212200000E+01
   2.08283500000E+01   2.22309800000E+01   2.35898600000E+01   2.48070500000E+01
   2.59540800000E+01   2.68390500000E+01   2.77960900000E+01   2.90834700000E+01
   3.03733000000E+01   3.17805900000E+01   3.30383900000E+01   3.41866300000E+01
   3.53877300000E+01   3.65122700000E+01   3.76616600000E+01   3.88389200000E+01
   3.99979700000E+01   4.11443400000E+01   4.22675300000E+01   4.33927500000E+01
   4.45737600000E+01   4.57456900000E+01   4.69439300000E+01   4.82017000000E+01
   4.93976300000E+01   5.22285500000E+01   5.50346900000E+01   5.79552200000E+01
   6.07168900000E+01   6.64434700000E+01   7.19682400000E+01   7.77352700000E+01
   8.32144000000E+01   8.88600100000E+01   9.44146500000E+01   1.00448400000E+02
   1.05900200000E+02   1.11814200000E+02   1.17648200000E+02                   5
                  18   0.00000000000E+00   1.24560000000E+02                   1
                  92                   1                  89   0.00000000000E+00
   3.36270700000E-05   9.66289300000E-05   2.12012100000E-04   4.00225200000E-04
   6.87077700000E-04   1.10613600000E-03   1.70207200000E-03   2.53509000000E-03
   3.68566000000E-03   5.25624400000E-03   7.36355300000E-03   1.01278500000E-02
   1.37289300000E-02   1.86276800000E-02   2.58136300000E-02   3.62709800000E-02
   4.82165200000E-02   6.07712500000E-02   7.98405300000E-02   1.10826500000E-01
   1.59313400000E-01   2.30846100000E-01   3.19012400000E-01   3.86699500000E-01
   3.99495600000E-01   3.82042000000E-01   3.71289900000E-01   3.74147800000E-01
   3.77687800000E-01   3.67016300000E-01   3.38171200000E-01   2.98308300000E-01
   2.56726500000E-01   2.19083800000E-01   1.87299700000E-01   1.61271100000E-01
   1.40161900000E-01   1.23023100000E-01   1.09016600000E-01   8.75544600000E-02
   7.23428800000E-02   6.11537200000E-02   5.26553200000E-02   4.60258400000E-02
   4.07397600000E-02   3.64493600000E-02   3.29172100000E-02   2.99763600000E-02
   2.75062200000E-02   2.36424700000E-02   2.08344600000E-02   1.87774000000E-02
   1.72683600000E-02   1.61648200000E-02   1.53630200000E-02   1.47857800000E-02
   1.43749700000E-02   1.40866100000E-02   1.38873100000E-02   1.37517600000E-02
   1.36608000000E-02   1.35999300000E-02   1.35582300000E-02   1.35275000000E-02
   1.35016400000E-02   1.34761000000E-02   1.34476100000E-02   1.34137800000E-02
   1.33729500000E-02   1.33240400000E-02   1.32663500000E-02   1.31995300000E-02
   1.31234900000E-02   1.30383000000E-02   1.27871500000E-02   1.24868500000E-02
   1.21458800000E-02   1.17737200000E-02   1.09750700000E-02   1.01676300000E-02
   9.42317000000E-03   8.80738900000E-03   8.04196900000E-03   7.38047500000E-03
   6.80409900000E-03   6.29807700000E-03   5.85099800000E-03   5.45353700000E-03
                  43                  47   0.00000000000E+00   3.38790000000E-29
   2.84236000000E-24   2.46610000000E-19   1.10610000000E-16   9.78524000000E-16
   6.87918000000E-15   3.09860000000E-14   2.77398000000E-13   1.35854000000E-12
   4.72042000000E-12   1.31972000000E-11   3.18904000000E-11   6.95332000000E-11
   1.40411000000E-10   2.66868000000E-10   4.82325000000E-10   8.34812000000E-10
   1.39053000000E-09   2.23785200000E-09   3.49081200000E-09   5.29258800000E-09
   7.81845800000E-09   1.12772000000E-08   1.59145700000E-08   2.20123400000E-08
   2.98862500000E-08   3.98904900000E-08   5.24057200000E-08   6.78486100000E-08
   8.66487600000E-08   1.09258500000E-07   1.36144800000E-07   2.25120800000E-07
   3.50780300000E-07   5.19374900000E-07   7.35762700000E-07   1.32293300000E-06
   2.12044300000E-06   3.12784200000E-06   4.36655700000E-06   5.67258000000E-06
   7.13935800000E-06   8.77185000000E-06   1.06909900000E-05   1.27428800000E-05
   1.50128600000E-05                   1                   2                 498
                 576                 654                 656                 658
                 660                 918                 920                 920
                 922                   2                   1               64230
               64321               64412               64413               64414
               64415               64595               64596               64596
               64597                   9                   1               79366
               79448               79530               79531               79532
               79533               79697               79698               79698
               79699                  31                   1              142211
              142282              142353              142354              142355
              142356              142504              142505              142505
              142506                  32                   1              197731
              197801              197871              197872              197873
              197874              198022              198023              198023
              198024                  33                   1              253293
              253357              253421              253422              253423
              253424              253564              253565              253565
              253566                  34                   1              304581
              304672              304763              304764              304765
              304766              304946              304947              304947
              304948                  14                  76   0.00000000000E+00
   0.00000000000E+00   2.15602300000E-02   3.29408500000E-02   4.43295500000E-02
   5.67322500000E-02   7.59390900000E-02   1.07169800000E-01   1.55962600000E-01
   2.27814400000E-01   3.16384500000E-01   3.84669300000E-01   3.98127300000E-01
   3.81161200000E-01   3.70690000000E-01   3.87505600000E-01   4.54770500000E-01
   5.12224800000E-01   5.22249300000E-01   4.89083600000E-01   4.37415500000E-01
   3.83584400000E-01   3.34437800000E-01   2.92005700000E-01   2.56576400000E-01
   2.27454300000E-01   2.02786000000E-01   1.64606400000E-01   1.36839600000E-01
   1.16017200000E-01   1.01416300000E-01   9.31042400000E-02   8.79483000000E-02
   8.34521200000E-02   7.87597600000E-02   7.42641200000E-02   6.96807600000E-02
   6.16588500000E-02   5.70789600000E-02   5.42834900000E-02   5.21821200000E-02
   5.02602200000E-02   4.87709500000E-02   4.78338800000E-02   4.77668000000E-02
   4.83634700000E-02   4.91936600000E-02   4.99783700000E-02   5.08470400000E-02
   5.17300400000E-02   5.26566000000E-02   5.36380200000E-02   5.46280000000E-02
   5.55328000000E-02   5.64012900000E-02   5.72513300000E-02   5.81107600000E-02
   5.89755800000E-02   5.98125400000E-02   6.04723800000E-02   6.10711500000E-02
   6.15855200000E-02   6.26918800000E-02   6.33584600000E-02   6.36238100000E-02
   6.36819500000E-02   6.29516400000E-02   6.17048200000E-02   6.01926400000E-02
   5.91921600000E-02   5.66895400000E-02   5.44474800000E-02   5.23585600000E-02
   5.08232400000E-02   4.90686800000E-02   4.74069000000E-02                  14
                  76   0.00000000000E+00   0.00000000000E+00   1.96523800000E-01
   3.47309700000E-01   4.86858100000E-01   6.31701000000E-01   7.83545700000E-01
   8.17519300000E-01   8.48789900000E-01   8.76967900000E-01   9.02752500000E-01
   9.64322800000E-01   1.02505100000E+00   1.08522800000E+00   1.14504400000E+00
   1.18258700000E+00   1.36874600000E+00   1.57941300000E+00   1.73984100000E+00
   1.94085100000E+00   2.11441000000E+00   2.27292100000E+00   2.42011500000E+00
   2.54109300000E+00   2.65700000000E+00   2.77239500000E+00   2.87865500000E+00
   3.10264400000E+00   3.31597900000E+00   3.53200200000E+00   3.79515500000E+00
   4.06772600000E+00   4.42830300000E+00   4.79221600000E+00   5.10808000000E+00
   5.46441000000E+00   5.76692500000E+00   6.43193700000E+00   7.08760000000E+00
   7.82809400000E+00   8.58663600000E+00   9.25065200000E+00   9.92127700000E+00
   1.05958700000E+01   1.12638900000E+01   1.20311800000E+01   1.27768000000E+01
   1.35165600000E+01   1.42813400000E+01   1.50422600000E+01   1.57991200000E+01
   1.65797100000E+01   1.73492500000E+01   1.81091900000E+01   1.88783400000E+01
   1.96660400000E+01   2.04852900000E+01   2.12869700000E+01   2.21112500000E+01
   2.29035600000E+01   2.37064300000E+01   2.45109800000E+01   2.65273000000E+01
   2.85778500000E+01   3.05666100000E+01   3.26594700000E+01   3.66350600000E+01
   4.08764600000E+01   4.48525900000E+01   4.91112300000E+01   5.31665300000E+01
   5.73686400000E+01   6.10810500000E+01   6.53474500000E+01   6.92993600000E+01
   7.32611700000E+01                   5                  18                  -1
                  -1                   1                 161                   6
                   5                   0                  78   1.00000000000E+00
   6.50000000000E+00   7.00000000000E+00   7.50000000000E+00   8.00000000000E+00
   8.50000000000E+00   9.00000000000E+00   9.50000000000E+00   1.00000000000E+01
   1.05000000000E+01   1.10000000000E+01   1.15000000000E+01   1.20000000000E+01
   1.25000000000E+01   1.30000000000E+01   1.35000000000E+01   1.40000000000E+01
   1.45000000000E+01   1.50000000000E+01   1.55000000000E+01   1.60000000000E+01
   1.65000000000E+01   1.70000000000E+01   1.75000000000E+01   1.80000000000E+01
   1.85000000000E+01   1.90000000000E+01   1.95000000000E+01   2.00000000000E+01
   2.10000000000E+01   2.20000000000E+01   2.30000000000E+01   2.40000000000E+01
   2.50000000000E+01   2.60000000000E+01   2.70000000000E+01   2.80000000000E+01
   2.90000000000E+01   3.00000000000E+01   3.20000000000E+01   3.40000000000E+01
   3.60000000000E+01   3.80000000000E+01   4.00000000000E+01   4.20000000000E+01
   4.40000000000E+01   4.60000000000E+01   4.80000000000E+01   5.00000000000E+01
   5.20000000000E+01   5.40000000000E+01   5.60000000000E+01   5.80000000000E+01
   6.00000000000E+01   6.20000000000E+01   6.40000000000E+01   6.60000000000E+01
   6.80000000000E+01   7.00000000000E+01   7.20000000000E+01   7.40000000000E+01
   7.60000000000E+01   7.80000000000E+01   8.00000000000E+01   8.50000000000E+01
   9.00000000000E+01   9.50000000000E+01   1.00000000000E+02   1.10000000000E+02
   1.20000000000E+02   1.30000000000E+02   1.40000000000E+02   1.50000000000E+02
   1.60000000000E+02   1.70000000000E+02   1.80000000000E+02   1.90000000000E+02
   2.00000000000E+02   0.00000000000E+00   0.00000000000E+00   0.00000000000E+00
   0.00000000000E+00   8.35226600000E-01   9.08187500000E-01   9.19385100000E-01
   9.33537700000E-01   9.51134600000E-01   9.67005200000E-01   9.78967200000E-01
   9.86867000000E-01   9.91762400000E-01   9.94749900000E-01   9.96574900000E-01
   9.97694500000E-01   9.98384300000E-01   1.03570200000E+00   1.20409100000E+00
   1.39564600000E+00   1.54433400000E+00   1.63952400000E+00   1.70381900000E+00
   1.75085700000E+00   1.78557600000E+00   1.81065100000E+00   1.83057200000E+00
   1.84887500000E+00   1.86013900000E+00   1.88004600000E+00   1.89154200000E+00
   1.89714100000E+00   1.92604100000E+00   2.02286900000E+00   2.15878300000E+00
   2.28953600000E+00   2.39266200000E+00   2.47742300000E+00   2.53327300000E+00
   2.60797000000E+00   2.73964200000E+00   2.89089500000E+00   3.02183400000E+00
   3.10923500000E+00   3.17456800000E+00   3.23512700000E+00   3.32291500000E+00
   3.43329400000E+00   3.54234600000E+00   3.63432500000E+00   3.72211300000E+00
   3.80369900000E+00   3.88373600000E+00   3.96510900000E+00   4.04602600000E+00
   4.12083500000E+00   4.19414800000E+00   4.26809600000E+00   4.34539300000E+00
   4.42625000000E+00   4.50858500000E+00   4.58139700000E+00   4.65356700000E+00
   4.72342100000E+00   4.90270700000E+00   5.07398700000E+00   5.23826100000E+00
   5.40875900000E+00   5.73575600000E+00   6.06854300000E+00   6.38739500000E+00
   6.72024200000E+00   7.04850700000E+00   7.37626500000E+00   7.69386000000E+00
   8.06794600000E+00   8.38420000000E+00   8.69011900000E+00                   6
                  18                   0                  47   1.00000000000E+00
   2.40000000000E+01   2.50000000000E+01   2.60000000000E+01   2.70000000000E+01
   2.80000000000E+01   2.90000000000E+01   3.00000000000E+01   3.20000000000E+01
   3.40000000000E+01   3.60000000000E+01   3.80000000000E+01   4.00000000000E+01
   4.20000000000E+01   4.40000000000E+01   4.60000000000E+01   4.80000000000E+01
   5.00000000000E+01   5.20000000000E+01   5.40000000000E+01   5.60000000000E+01
   5.80000000000E+01   6.00000000000E+01   6.20000000000E+01   6.40000000000E+01
   6.60000000000E+01   6.80000000000E+01   7.00000000000E+01   7.20000000000E+01
   7.40000000000E+01   7.60000000000E+01   7.80000000000E+01   8.00000000000E+01
   8.50000000000E+01   9.00000000000E+01   9.50000000000E+01   1.00000000000E+02
   1.10000000000E+02   1.20000000000E+02   1.30000000000E+02   1.40000000000E+02
   1.50000000000E+02   1.60000000000E+02   1.70000000000E+02   1.80000000000E+02
   1.90000000000E+02   2.00000000000E+02   1.00000000000E+00   1.00000000000E+00
   1.00000000000E+00   1.00000000000E+00   1.00000000000E+00   1.00000000000E+00
   1.00000000000E+00   1.00000000000E+00   1.00000000000E+00   1.00000000000E+00
   1.00000000000E+00   1.00000000000E+00   1.00000000000E+00   1.00000000000E+00
   1.00000000000E+00   1.00000000000E+00   1.00000000000E+00   1.00000000000E+00
   1.00000000000E+00   1.00000000000E+00   1.00000000000E+00   1.00000000000E+00
   1.00000000000E+00   1.00000000000E+00   1.00000000000E+00   1.00000000000E+00
   1.00000000000E+00   1.00000000000E+00   1.00000000000E+00   1.00000000000E+00
   1.00000000000E+00   1.00000000000E+00   1.00000000000E+00   1.00000000000E+00
   1.00000000000E+00   1.00000000000E+00   1.00000000000E+00   1.00000000000E+00
   1.00000000000E+00   1.00000000000E+00   1.00000000000E+00   1.00000000000E+00
   1.00000000000E+00   1.00000000000E+00   1.00000000000E+00   1.00000000000E+00
   1.00000000000E+00                   0                   0                   1
               59210                   0                   4                  10
                   0                   2   1.00000000000E+00   2.00000000000E+02
   1.00000000000E+00   1.00000000000E+00                   0                  31
   1.00000000000E+00   8.00000000000E+00   1.00000000000E+01   1.20000000000E+01
   1.40000000000E+01   1.60000000000E+01   1.80000000000E+01   2.00000000000E+01
   2.20000000000E+01   2.40000000000E+01   2.60000000000E+01   2.80000000000E+01
   3.00000000000E+01   3.20000000000E+01   3.60000000000E+01   4.00000000000E+01
   4.40000000000E+01   4.80000000000E+01   5.00000000000E+01   5.20000000000E+01
   5.60000000000E+01   6.00000000000E+01   7.00000000000E+01   8.00000000000E+01
   9.00000000000E+01   1.00000000000E+02   1.20000000000E+02   1.40000000000E+02
   1.60000000000E+02   1.80000000000E+02   2.00000000000E+02                  74
                  91                 228                 653                1392
                2351                3464                4632                5855
                7111                8751               10430               12122
               13827               15558               17315               19372
               21444               23531               25633               27735
               29852               31984               34434               36901
               39677               42453               45563               48946
               52352               55781                   2                   3
   0.00000000000E+00   5.00000000000E-07   1.00000000000E-06   0.00000000000E+00
   2.00000000000E+06   0.00000000000E+00   0.00000000000E+00   5.00000000000E-01
   1.00000000000E+00                   0                   0                   0
                   0                   0                   0                   2
                  27   0.00000000000E+00   2.50000000000E-02   1.00000000000E-01
   2.00000000000E-01   3.00000000000E-01   4.00000000000E-01   5.00000000000E-01
   6.00000000000E-01   7.00000000000E-01   8.00000000000E-01   9.00000000000E-01
   1.00000000000E+00   1.10000000000E+00   1.20000000000E+00   1.30000000000E+00
   1.40000000000E+00   1.50000000000E+00   1.60000000000E+00   1.70000000000E+00
   1.80000000000E+00   1.90000000000E+00   2.00000000000E+00   2.10000000000E+00
   2.20000000000E+00   2.30000000000E+00   2.40000000000E+00   2.50000000000E+00
   0.00000000000E+00   4.50303700000E-01   1.80034100000E+00   2.70084300000E+00
   5.49870700000E+00   0.00000000000E+00   0.00000000000E+00   0.00000000000E+00
   0.00000000000E+00   0.00000000000E+00   0.00000000000E+00   0.00000000000E+00
   0.00000000000E+00   0.00000000000E+00   0.00000000000E+00   0.00000000000E+00
   0.00000000000E+00   0.00000000000E+00   0.00000000000E+00   0.00000000000E+00
   0.00000000000E+00   0.00000000000E+00   0.00000000000E+00   0.00000000000E+00
   0.00000000000E+00   0.00000000000E+00   0.00000000000E+00   0.00000000000E+00
   5.62879612000E-03   9.00279705000E-02   3.15087165000E-01   7.25064656000E-01
   1.00000000000E+00   1.00000000000E+00   1.00000000000E+00   1.00000000000E+00
   1.00000000000E+00   1.00000000000E+00   1.00000000000E+00   1.00000000000E+00
   1.00000000000E+00   1.00000000000E+00   1.00000000000E+00   1.00000000000E+00
   1.00000000000E+00   1.00000000000E+00   1.00000000000E+00   1.00000000000E+00
   1.00000000000E+00   1.00000000000E+00   1.00000000000E+00   1.00000000000E+00
   1.00000000000E+00   1.00000000000E+00                   0                   0
                   0                   0                   0                   0
                   0                   0                   0                   0
                   0                   0                   0                   0
                   0                   0                   0                   0
                   0                   0                   0                   0
                   0                   0                   0                   0
                   0                   0                   0                   0
                   0                   0                   0                   0
                   0                   0                   0                   0
                   0                   0                   0                   0
                   0                   0                   0                   0
                   0                   0                   0                   0
                   0                   0                   0                   0
                   2                  47                   0                   0
                   0                   0                   0                   0
                   1                   1                   1                   1
                   1                   1                   1                   1
                   1                   1                   2                   2
                   2                   2                   2                   2
                   2                   2                   2                   2
                   3                   3                   3                   3
                   3                   3                   3                   3
                   3                   3                   4                   4
                   4                   4                   4                   4
                   4                   4                   4                   4
                   5                   0                   0                   1
                   1                   1                   1                   1
                   1                   1                   1                   1
                   0                   0                   0                   0
                   0                   0                   0                   0
                   0                   0                   0                   0
                   0                   0                   0                   0
                   0                   0                   0                   0
                   0                   0                   0                   0
                   0                   0                   0                   0
                   0                   0                   0                   0
                   0                   0                   0                   0
                   0                   0                   0                   0
                   0                   0                   0                   0
                   1                   1                   1                   1
                   1                   1   8.10628547000E-01   8.39179677000E-01
                   1                   1   8.98471973000E-01                   1
   9.28232324000E-01   9.43802409000E-01   9.57219054000E-01   9.72399055000E-01
   9.89628615000E-01   1.00000000000E+00   1.00000000000E+00   1.00000000000E+00
   1.00000000000E+00   1.00000000000E+00   1.00000000000E+00   1.00000000000E+00
   1.00000000000E+00   1.00000000000E+00   1.00000000000E+00   1.00000000000E+00
   1.00000000000E+00   1.00000000000E+00   1.00000000000E+00   1.00000000000E+00
   1.00000000000E+00   1.00000000000E+00   1.00000000000E+00   1.00000000000E+00
   1.00000000000E+00   1.00000000000E+00   1.00000000000E+00   0.00000000000E+00
   0.00000000000E+00   0.00000000000E+00   0.00000000000E+00   0.00000000000E+00
   0.00000000000E+00                   0                   0                   0
                   0                   0                   0                   0
                   0                   0                   0                   0
                   0                   0                   0                   0
                   0                   0                   0                   0
                   0                   0                   0                   0
                   0                   0                   0                   0
                   0                   0                   0                   0
                   0                   0                   0                   0
                   0                   0                   0                   0
                   0                   0                   0                   0
                   0                   0                   0                   0
                   0                   0                   0                   0
                   0                   0                   0                   0
                   0                   0                   0                   0
                   0                   0                   0                   0
                   0                   0                   0
