 75187.00u  185.349700  0.0000E+00   05/27/20
Ace Re187 IAEA-PD                                                        mat7531
      0         0.      0         0.      0         0.      0         0.
      0         0.      0         0.      0         0.      0         0.
      0         0.      0         0.      0         0.      0         0.
      0         0.      0         0.      0         0.      0         0.
   374007    75187       89        2        7        2       12        0
        0        0        0        0        0        0        0        1
        1       90       90        0      179      268      270      272
      274      414      498        0        0        0        0        0
        0        0        0        0        0        0        0        0
        0        0        0        0        0        0        0        0
   9.99999000000E-01   1.00000000000E+00   1.50000000000E+00   2.00000000000E+00
   2.50000000000E+00   3.00000000000E+00   3.50000000000E+00   4.00000000000E+00
   4.50000000000E+00   5.00000000000E+00   5.50000000000E+00   6.00000000000E+00
   6.50000000000E+00   7.00000000000E+00   7.50000000000E+00   8.00000000000E+00
   8.50000000000E+00   9.00000000000E+00   9.50000000000E+00   1.00000000000E+01
   1.05000000000E+01   1.10000000000E+01   1.15000000000E+01   1.20000000000E+01
   1.25000000000E+01   1.30000000000E+01   1.35000000000E+01   1.40000000000E+01
   1.45000000000E+01   1.50000000000E+01   1.55000000000E+01   1.60000000000E+01
   1.65000000000E+01   1.70000000000E+01   1.75000000000E+01   1.80000000000E+01
   1.85000000000E+01   1.90000000000E+01   1.95000000000E+01   2.00000000000E+01
   2.10000000000E+01   2.20000000000E+01   2.30000000000E+01   2.40000000000E+01
   2.50000000000E+01   2.60000000000E+01   2.70000000000E+01   2.80000000000E+01
   2.90000000000E+01   3.00000000000E+01   3.20000000000E+01   3.40000000000E+01
   3.60000000000E+01   3.80000000000E+01   4.00000000000E+01   4.20000000000E+01
   4.40000000000E+01   4.60000000000E+01   4.80000000000E+01   5.00000000000E+01
   5.20000000000E+01   5.40000000000E+01   5.60000000000E+01   5.80000000000E+01
   6.00000000000E+01   6.20000000000E+01   6.40000000000E+01   6.60000000000E+01
   6.80000000000E+01   7.00000000000E+01   7.20000000000E+01   7.40000000000E+01
   7.60000000000E+01   7.80000000000E+01   8.00000000000E+01   8.50000000000E+01
   9.00000000000E+01   9.50000000000E+01   1.00000000000E+02   1.10000000000E+02
   1.20000000000E+02   1.30000000000E+02   1.40000000000E+02   1.50000000000E+02
   1.60000000000E+02   1.70000000000E+02   1.80000000000E+02   1.90000000000E+02
   2.00000000000E+02   0.00000000000E+00   3.02164500000E-05   8.64755600000E-05
   1.89221300000E-04   3.56512800000E-04   6.11155400000E-04   9.82825300000E-04
   1.51104400000E-03   2.24909900000E-03   3.26820000000E-03   4.65886000000E-03
   6.52399900000E-03   8.97147900000E-03   1.21715500000E-02   1.65643500000E-02
   2.30827700000E-02   3.26119500000E-02   4.32252800000E-02   5.38559700000E-02
   7.01660300000E-02   9.73537400000E-02   1.41378500000E-01   2.10278100000E-01
   3.03037700000E-01   3.80297000000E-01   3.93155200000E-01   3.70836600000E-01
   3.59981000000E-01   3.66598900000E-01   3.73851000000E-01   3.64109400000E-01
   3.33615100000E-01   2.91484000000E-01   2.48343100000E-01   2.10063000000E-01
   1.78297600000E-01   1.52649200000E-01   1.32082400000E-01   1.15535300000E-01
   1.02112800000E-01   8.17048100000E-02   6.73694700000E-02   5.68979800000E-02
   4.89899900000E-02   4.28512000000E-02   3.79774800000E-02   3.40371800000E-02
   3.08048400000E-02   2.81226000000E-02   2.58768400000E-02   2.23797500000E-02
   1.98538700002E-02   1.80157500010E-02   1.66776300032E-02   1.57081400087E-02
   1.50119400205E-02   1.45182400444E-02   1.41738400893E-02   1.39384901697E-02
   1.37817503070E-02   1.36805205321E-02   1.36173808880E-02   1.35791714324E-02
   1.35559922404E-02   1.35404834075E-02   1.35271350515E-02   1.35119673166E-02
   1.34920403733E-02   1.34653044218E-02   1.34303496912E-02   1.33862864421E-02
   1.33326149638E-02   1.32690755745E-02   1.31957186191E-02   1.31126944598E-02
   1.28651488883E-02   1.25665395994E-02   1.22259529392E-02   1.18532848242E-02
   1.10519523167E-02   1.02409164740E-02   9.49296372000E-03   8.87452499700E-03
   8.10522628100E-03   7.44064879200E-03   6.86190014200E-03   6.35425389600E-03
   5.90607974000E-03   5.50808131000E-03   0.00000000000E+00   1.00000000000E+00
   7.11539100000E-01   1.66102700000E-01   2.05067700000E-01   2.25219300000E-01
   2.06090100000E-01   1.34812800000E-01   1.75050100000E-01   1.79868000000E-01
   1.53162500000E-01   9.88913600000E-02   1.37531900000E+00   2.77541400000E+00
   6.12296100000E+00   7.17049600000E+00   7.26706100000E+00   7.32121500000E+00
   7.34569600000E+00   7.36392500000E+00   7.43298500000E+00   7.47468200000E+00
   7.48920000000E+00   7.47883000000E+00   7.53576600000E+00   7.58534100000E+00
   7.62139800000E+00   7.98622400000E+00   9.30045600000E+00   1.03414900000E+01
   1.11062400000E+01   1.17429800000E+01   1.20326200000E+01   1.22762300000E+01
   1.24784400000E+01   1.26777500000E+01   1.27728300000E+01   1.28572200000E+01
   1.29243500000E+01   1.29895800000E+01   1.31023000000E+01   1.32387500000E+01
   1.43537500000E+01   1.55871800000E+01   1.67843600000E+01   1.78377300000E+01
   1.84524500000E+01   1.90244700000E+01   1.94050900000E+01   1.98033400000E+01
   2.11471200000E+01   2.25634000000E+01   2.38453200000E+01   2.47222500000E+01
   2.55926200000E+01   2.66992000000E+01   2.79082500000E+01   2.93105600000E+01
   3.06656600000E+01   3.19239500000E+01   3.31135000000E+01   3.43137500000E+01
   3.54736300000E+01   3.65216600000E+01   3.76100100000E+01   3.87023200000E+01
   3.98424400000E+01   4.09666600000E+01   4.20755600000E+01   4.31762600000E+01
   4.42846400000E+01   4.53970400000E+01   4.64910400000E+01   4.76177000000E+01
   4.87869600000E+01   5.15527200000E+01   5.43812000000E+01   5.71814400000E+01
   6.00467300000E+01   6.57492600000E+01   7.12075000000E+01   7.67970600000E+01
   8.23288300000E+01   8.79618400000E+01   9.33666000000E+01   9.90094900000E+01
   1.04473700000E+02   1.09897300000E+02   1.16034400000E+02                   5
                  18   0.00000000000E+00   1.27324000000E+02                   1
                  92                   1                  89   0.00000000000E+00
   3.02164500000E-05   8.64755600000E-05   1.89221300000E-04   3.56512800000E-04
   6.11155400000E-04   9.82825300000E-04   1.51104400000E-03   2.24909900000E-03
   3.26820000000E-03   4.65886000000E-03   6.52399900000E-03   8.97147900000E-03
   1.21715500000E-02   1.65643500000E-02   2.30827700000E-02   3.26119500000E-02
   4.32252800000E-02   5.38559700000E-02   7.01660300000E-02   9.73537400000E-02
   1.41378500000E-01   2.10278100000E-01   3.03037700000E-01   3.80297000000E-01
   3.93155200000E-01   3.70836600000E-01   3.59981000000E-01   3.66598900000E-01
   3.73851000000E-01   3.64109400000E-01   3.33615100000E-01   2.91484000000E-01
   2.48343100000E-01   2.10063000000E-01   1.78297600000E-01   1.52649200000E-01
   1.32082400000E-01   1.15535300000E-01   1.02112800000E-01   8.17048100000E-02
   6.73694700000E-02   5.68979800000E-02   4.89899900000E-02   4.28512000000E-02
   3.79774800000E-02   3.40371800000E-02   3.08048400000E-02   2.81226000000E-02
   2.58768400000E-02   2.23797500000E-02   1.98538700000E-02   1.80157500000E-02
   1.66776300000E-02   1.57081400000E-02   1.50119400000E-02   1.45182400000E-02
   1.41738400000E-02   1.39384900000E-02   1.37817500000E-02   1.36805200000E-02
   1.36173800000E-02   1.35791700000E-02   1.35559900000E-02   1.35404800000E-02
   1.35271300000E-02   1.35119600000E-02   1.34920300000E-02   1.34652900000E-02
   1.34303300000E-02   1.33862600000E-02   1.33325800000E-02   1.32690300000E-02
   1.31956600000E-02   1.31126200000E-02   1.28650200000E-02   1.25663300000E-02
   1.22256300000E-02   1.18528100000E-02   1.10510400000E-02   1.02393700000E-02
   9.49057500000E-03   8.87106500000E-03   8.10059800000E-03   7.43469100000E-03
   6.85444900000E-03   6.34513400000E-03   5.89498300000E-03   5.49488100000E-03
                  43                  47   0.00000000000E+00   7.73814000000E-34
   6.53024000000E-29   5.74062000000E-24   4.82429000000E-19   4.38074000000E-17
   3.89991000000E-16   2.64610000000E-15   3.81349000000E-14   2.44183000000E-13
   1.01600000000E-12   3.24222000000E-12   8.67736000000E-12   2.05336000000E-11
   4.43676000000E-11   8.93110000000E-11   1.69687000000E-10   3.06983000000E-10
   5.32123000000E-10   8.88047000000E-10   1.43240300000E-09   2.24040100000E-09
   3.40747000000E-09   5.05154800000E-09   7.31662400000E-09   1.03733200000E-08
   1.44218000000E-08   1.96912300000E-08   2.64420900000E-08   3.49638300000E-08
   4.55744500000E-08   5.86190500000E-08   7.44597800000E-08   1.28888300000E-07
   2.09599400000E-07   3.22939200000E-07   4.74824200000E-07   9.12316700000E-07
   1.54647400000E-06   2.38872000000E-06   3.45999700000E-06   4.62828100000E-06
   5.95779200000E-06   7.45114200000E-06   9.11989600000E-06   1.10967400000E-05
   1.32003100000E-05                   1                   2                 498
                 577                 656                 658                 660
                 662                 918                 920                 920
                 922                   2                   1               63893
               63984               64075               64076               64077
               64078               64258               64259               64259
               64260                   9                   1               78765
               78846               78927               78928               78929
               78930               79092               79093               79093
               79094                  31                   1              139512
              139582              139652              139653              139654
              139655              139801              139802              139802
              139803                  32                   1              193099
              193170              193241              193242              193243
              193244              193392              193393              193393
              193394                  33                   1              248027
              248088              248149              248150              248151
              248152              248288              248289              248289
              248290                  34                   1              297800
              297891              297982              297983              297984
              297985              298165              298166              298166
              298167                  13                  77   0.00000000000E+00
   0.00000000000E+00   1.12084200000E-02   2.20888500000E-02   3.15261800000E-02
   4.19088300000E-02   5.25220900000E-02   6.89046900000E-02   9.61811400000E-02
   1.40299200000E-01   2.09283000000E-01   3.02143700000E-01   3.79581500000E-01
   3.92664400000E-01   3.70511000000E-01   3.88786700000E-01   4.71393000000E-01
   5.49575200000E-01   5.83271600000E-01   5.64333000000E-01   5.10477700000E-01
   4.45344500000E-01   3.82602700000E-01   3.28312900000E-01   2.83740700000E-01
   2.47172700000E-01   2.17432500000E-01   1.93026600000E-01   1.55560300000E-01
   1.29419200000E-01   1.16090600000E-01   1.08494300000E-01   1.01428100000E-01
   9.43691000000E-02   8.71236100000E-02   8.04570400000E-02   7.43509800000E-02
   6.94650600000E-02   6.35679800000E-02   5.99437200000E-02   5.67924700000E-02
   5.39902100000E-02   5.17142000000E-02   5.05787800000E-02   5.04515800000E-02
   5.09111000000E-02   5.15785500000E-02   5.23727400000E-02   5.32798200000E-02
   5.43773300000E-02   5.54821800000E-02   5.66681700000E-02   5.75709400000E-02
   5.85608500000E-02   5.94861300000E-02   6.04709800000E-02   6.14777400000E-02
   6.24342800000E-02   6.33177000000E-02   6.41435300000E-02   6.48585200000E-02
   6.54492700000E-02   6.59669100000E-02   6.71558200000E-02   6.77488900000E-02
   6.81406000000E-02   6.81267900000E-02   6.72961500000E-02   6.58032400000E-02
   6.42655600000E-02   6.30832300000E-02   6.03167400000E-02   5.78587200000E-02
   5.56216900000E-02   5.36447500000E-02   5.22112200000E-02   5.04015200000E-02
                  13                  77   0.00000000000E+00   0.00000000000E+00
   2.35631400000E-01   3.58866600000E-01   4.87632300000E-01   6.14534700000E-01
   7.44346900000E-01   8.76615900000E-01   8.99443100000E-01   9.21069000000E-01
   9.41424200000E-01   9.60803500000E-01   1.00331800000E+00   1.04546500000E+00
   1.08737800000E+00   1.22031100000E+00   1.46459100000E+00   1.68776000000E+00
   1.85375200000E+00   1.97290400000E+00   2.14310200000E+00   2.29737900000E+00
   2.43793600000E+00   2.57040800000E+00   2.68774600000E+00   2.79960900000E+00
   2.90968300000E+00   3.01725300000E+00   3.23839600000E+00   3.46871100000E+00
   3.73807600000E+00   4.11597100000E+00   4.51286900000E+00   4.85702000000E+00
   5.20342800000E+00   5.51378500000E+00   5.81225000000E+00   6.13607000000E+00
   6.87314900000E+00   7.66251400000E+00   8.37277500000E+00   9.08455300000E+00
   9.73315600000E+00   1.04004000000E+01   1.11802800000E+01   1.19350600000E+01
   1.26859400000E+01   1.34444400000E+01   1.42141100000E+01   1.50099600000E+01
   1.58039300000E+01   1.66336700000E+01   1.73902700000E+01   1.81535700000E+01
   1.89155000000E+01   1.97196700000E+01   2.05590200000E+01   2.14130500000E+01
   2.22336700000E+01   2.30681200000E+01   2.38979900000E+01   2.47175500000E+01
   2.55453000000E+01   2.76335400000E+01   2.97044400000E+01   3.17734600000E+01
   3.38640200000E+01   3.79565400000E+01   4.22486700000E+01   4.63575100000E+01
   5.06129800000E+01   5.47271300000E+01   5.90043700000E+01   6.31015300000E+01
   6.73810900000E+01   7.16724000000E+01   7.53418400000E+01                   5
                  18                  -1                  -1                   1
                 159                   6                   5                   0
                  77   1.00000000000E+00   7.00000000000E+00   7.50000000000E+00
   8.00000000000E+00   8.50000000000E+00   9.00000000000E+00   9.50000000000E+00
   1.00000000000E+01   1.05000000000E+01   1.10000000000E+01   1.15000000000E+01
   1.20000000000E+01   1.25000000000E+01   1.30000000000E+01   1.35000000000E+01
   1.40000000000E+01   1.45000000000E+01   1.50000000000E+01   1.55000000000E+01
   1.60000000000E+01   1.65000000000E+01   1.70000000000E+01   1.75000000000E+01
   1.80000000000E+01   1.85000000000E+01   1.90000000000E+01   1.95000000000E+01
   2.00000000000E+01   2.10000000000E+01   2.20000000000E+01   2.30000000000E+01
   2.40000000000E+01   2.50000000000E+01   2.60000000000E+01   2.70000000000E+01
   2.80000000000E+01   2.90000000000E+01   3.00000000000E+01   3.20000000000E+01
   3.40000000000E+01   3.60000000000E+01   3.80000000000E+01   4.00000000000E+01
   4.20000000000E+01   4.40000000000E+01   4.60000000000E+01   4.80000000000E+01
   5.00000000000E+01   5.20000000000E+01   5.40000000000E+01   5.60000000000E+01
   5.80000000000E+01   6.00000000000E+01   6.20000000000E+01   6.40000000000E+01
   6.60000000000E+01   6.80000000000E+01   7.00000000000E+01   7.20000000000E+01
   7.40000000000E+01   7.60000000000E+01   7.80000000000E+01   8.00000000000E+01
   8.50000000000E+01   9.00000000000E+01   9.50000000000E+01   1.00000000000E+02
   1.10000000000E+02   1.20000000000E+02   1.30000000000E+02   1.40000000000E+02
   1.50000000000E+02   1.60000000000E+02   1.70000000000E+02   1.80000000000E+02
   1.90000000000E+02   2.00000000000E+02   0.00000000000E+00   0.00000000000E+00
   6.76659200000E-01   9.56941000000E-01   9.66706400000E-01   9.69544400000E-01
   9.75232500000E-01   9.82023500000E-01   9.87955300000E-01   9.92365900000E-01
   9.95267700000E-01   9.97049900000E-01   9.98118600000E-01   9.98751600000E-01
   9.99122000000E-01   1.08002000000E+00   1.28585500000E+00   1.47003800000E+00
   1.60191300000E+00   1.69156900000E+00   1.75130600000E+00   1.79326300000E+00
   1.82137100000E+00   1.84137600000E+00   1.85877600000E+00   1.87135200000E+00
   1.88195700000E+00   1.89032700000E+00   1.90393100000E+00   1.92103600000E+00
   2.04032900000E+00   2.21462200000E+00   2.36698400000E+00   2.48487000000E+00
   2.55966000000E+00   2.61183100000E+00   2.64381600000E+00   2.68444900000E+00
   2.84042400000E+00   3.01924600000E+00   3.15237900000E+00   3.23728300000E+00
   3.29219100000E+00   3.36923700000E+00   3.47504800000E+00   3.59190600000E+00
   3.70044000000E+00   3.80015200000E+00   3.89457600000E+00   3.99323000000E+00
   4.08583000000E+00   4.18030500000E+00   4.25176500000E+00   4.32914000000E+00
   4.40247900000E+00   4.48197700000E+00   4.56564500000E+00   4.64875100000E+00
   4.73004900000E+00   4.81103400000E+00   4.88795900000E+00   4.95990400000E+00
   5.03079000000E+00   5.22002200000E+00   5.39128600000E+00   5.57356000000E+00
   5.74769400000E+00   6.08949400000E+00   6.42634200000E+00   6.77126200000E+00
   7.11073300000E+00   7.44539000000E+00   7.78146100000E+00   8.11359800000E+00
   8.45303400000E+00   8.85500800000E+00   9.17004700000E+00                   6
                  18                   0                  47   1.00000000000E+00
   2.40000000000E+01   2.50000000000E+01   2.60000000000E+01   2.70000000000E+01
   2.80000000000E+01   2.90000000000E+01   3.00000000000E+01   3.20000000000E+01
   3.40000000000E+01   3.60000000000E+01   3.80000000000E+01   4.00000000000E+01
   4.20000000000E+01   4.40000000000E+01   4.60000000000E+01   4.80000000000E+01
   5.00000000000E+01   5.20000000000E+01   5.40000000000E+01   5.60000000000E+01
   5.80000000000E+01   6.00000000000E+01   6.20000000000E+01   6.40000000000E+01
   6.60000000000E+01   6.80000000000E+01   7.00000000000E+01   7.20000000000E+01
   7.40000000000E+01   7.60000000000E+01   7.80000000000E+01   8.00000000000E+01
   8.50000000000E+01   9.00000000000E+01   9.50000000000E+01   1.00000000000E+02
   1.10000000000E+02   1.20000000000E+02   1.30000000000E+02   1.40000000000E+02
   1.50000000000E+02   1.60000000000E+02   1.70000000000E+02   1.80000000000E+02
   1.90000000000E+02   2.00000000000E+02   1.00000000000E+00   1.00000000000E+00
   1.00000000000E+00   1.00000000000E+00   1.00000000000E+00   1.00000000000E+00
   1.00000000000E+00   1.00000000000E+00   1.00000000000E+00   1.00000000000E+00
   1.00000000000E+00   1.00000000000E+00   1.00000000000E+00   1.00000000000E+00
   1.00000000000E+00   1.00000000000E+00   1.00000000000E+00   1.00000000000E+00
   1.00000000000E+00   1.00000000000E+00   1.00000000000E+00   1.00000000000E+00
   1.00000000000E+00   1.00000000000E+00   1.00000000000E+00   1.00000000000E+00
   1.00000000000E+00   1.00000000000E+00   1.00000000000E+00   1.00000000000E+00
   1.00000000000E+00   1.00000000000E+00   1.00000000000E+00   1.00000000000E+00
   1.00000000000E+00   1.00000000000E+00   1.00000000000E+00   1.00000000000E+00
   1.00000000000E+00   1.00000000000E+00   1.00000000000E+00   1.00000000000E+00
   1.00000000000E+00   1.00000000000E+00   1.00000000000E+00   1.00000000000E+00
   1.00000000000E+00                   0                   0                   1
               58873                   0                   4                  10
                   0                   2   1.00000000000E+00   2.00000000000E+02
   1.00000000000E+00   1.00000000000E+00                   0                  31
   1.00000000000E+00   8.00000000000E+00   1.00000000000E+01   1.20000000000E+01
   1.40000000000E+01   1.60000000000E+01   1.80000000000E+01   2.00000000000E+01
   2.20000000000E+01   2.40000000000E+01   2.60000000000E+01   2.80000000000E+01
   3.00000000000E+01   3.20000000000E+01   3.60000000000E+01   4.00000000000E+01
   4.40000000000E+01   4.80000000000E+01   5.00000000000E+01   5.20000000000E+01
   5.60000000000E+01   6.00000000000E+01   7.00000000000E+01   8.00000000000E+01
   9.00000000000E+01   1.00000000000E+02   1.20000000000E+02   1.40000000000E+02
   1.60000000000E+02   1.80000000000E+02   2.00000000000E+02                  74
                  97                 295                 729                1479
                2449                3573                4752                5986
                7253                8789               10429               12082
               13761               15466               17197               19224
               21281               23353               25440               27542
               29644               31761               34194               36627
               39384               42160               45249               48632
               52038               55444                   2                   3
   0.00000000000E+00   5.00000000000E-07   1.00000000000E-06   0.00000000000E+00
   2.00000000000E+06   0.00000000000E+00   0.00000000000E+00   5.00000000000E-01
   1.00000000000E+00                   0                   0                   0
                   0                   0                   0                   0
                   0                   0                   0                   0
                   0                   2                  28   0.00000000000E+00
   2.50000000000E-02   1.00000000000E-01   2.00000000000E-01   3.00000000000E-01
   4.00000000000E-01   5.00000000000E-01   6.00000000000E-01   7.00000000000E-01
   8.00000000000E-01   9.00000000000E-01   1.00000000000E+00   1.10000000000E+00
   1.20000000000E+00   1.30000000000E+00   1.40000000000E+00   1.50000000000E+00
   1.60000000000E+00   1.70000000000E+00   1.80000000000E+00   1.90000000000E+00
   2.00000000000E+00   2.10000000000E+00   2.20000000000E+00   2.30000000000E+00
   2.40000000000E+00   2.50000000000E+00   2.60000000000E+00   0.00000000000E+00
   2.33716700000E-01   9.32934800000E-01   1.12933800000E+00   2.57782500000E+00
   1.58423800000E+00   2.32573800000E+00   1.44968500000E+00   0.00000000000E+00
   0.00000000000E+00   0.00000000000E+00   0.00000000000E+00   0.00000000000E+00
   0.00000000000E+00   0.00000000000E+00   0.00000000000E+00   0.00000000000E+00
   0.00000000000E+00   0.00000000000E+00   0.00000000000E+00   0.00000000000E+00
   0.00000000000E+00   0.00000000000E+00   0.00000000000E+00   0.00000000000E+00
   0.00000000000E+00   0.00000000000E+00   0.00000000000E+00   0.00000000000E+00
   2.92145866000E-03   4.66708886000E-02   1.49784526000E-01   3.35142670000E-01
   5.43245814000E-01   7.38744608000E-01   9.27515752000E-01   1.00000000000E+00
   1.00000000000E+00   1.00000000000E+00   1.00000000000E+00   1.00000000000E+00
   1.00000000000E+00   1.00000000000E+00   1.00000000000E+00   1.00000000000E+00
   1.00000000000E+00   1.00000000000E+00   1.00000000000E+00   1.00000000000E+00
   1.00000000000E+00   1.00000000000E+00   1.00000000000E+00   1.00000000000E+00
   1.00000000000E+00   1.00000000000E+00   1.00000000000E+00                   0
                   0                   0                   0                   0
                   0                   0                   0                   0
                   0                   0                   0                   0
                   0                   0                   0                   0
                   0                   0                   0                   0
                   0                   0                   0                   0
                   0                   0                   0                   0
                   0                   0                   0                   0
                   0                   0                   0                   0
                   0                   0                   0                   0
                   0                   0                   0                   0
                   0                   0                   0                   0
                   0                   0                   0                   0
                   0                   0                   0                   0
                   0                   0                   0                   0
                   0                   0                   0                   0
                   0                   0                   0                   0
                   0                   0                   0                   0
                   0                   0                   0                   0
                   0                   0                   0                   0
                   0                   0                   0                   0
                   0                   0                   0                   0
                   0                   0                   0                   0
                   0                   0                   0                   0
                   0                   0                   0                   0
                   0                   0                   0                   0
                   0                   0                   0                   0
                   0                   0                   0                   2
                  48                   0                   0                   0
                   0                   0                   0                   1
                   1   7.00000000000E-01                   1                   1
   1.00000000000E+00                   1                   1                   1
                   1                   2                   2                   2
                   2                   2                   2                   2
   2.20000000000E+00   2.30000000000E+00   2.40000000000E+00   2.50000000000E+00
                   3                   3   2.80000000000E+00   2.90000000000E+00
   3.00000000000E+00                   3                   3                   3
   3.40000000000E+00   3.50000000000E+00   3.60000000000E+00   3.70000000000E+00
   3.80000000000E+00   3.90000000000E+00   4.00000000000E+00   4.10000000000E+00
   4.20000000000E+00   4.30000000000E+00   4.40000000000E+00   4.50000000000E+00
   4.60000000000E+00   0.00000000000E+00   1.26802200000E-01   4.86107200000E-01
   6.72548500000E-01   7.87989000000E-01   8.32714100000E-01   8.22171300000E-01
   7.75904100000E-01   7.10489200000E-01   6.37501000000E-01   5.64130400000E-01
   4.94484900000E-01   4.30626700000E-01   3.73351600000E-01   3.22713300000E-01
   2.78358700000E-01   2.39738100000E-01   2.06229900000E-01   1.77213200000E-01
   1.52104900000E-01   6.73801600000E-02   1.72131400000E-01   1.62795600000E-01
   1.61237700000E-01   2.13649200000E-01   8.89034500000E-02   1.07737900000E-01
   5.91506200000E-02   0.00000000000E+00   0.00000000000E+00   0.00000000000E+00
   0.00000000000E+00   0.00000000000E+00   0.00000000000E+00   0.00000000000E+00
   0.00000000000E+00   0.00000000000E+00   0.00000000000E+00   0.00000000000E+00
   0.00000000000E+00   0.00000000000E+00   0.00000000000E+00   0.00000000000E+00
   0.00000000000E+00   0.00000000000E+00   0.00000000000E+00   0.00000000000E+00
   0.00000000000E+00   0.00000000000E+00   1.58502753000E-03   2.45691304000E-02
   8.25019164000E-02   1.55528793000E-01   2.36563949000E-01   3.19308220000E-01
   3.99211992000E-01   4.73531658000E-01   5.40931169000E-01   6.01012740000E-01
   6.53943506000E-01   7.00199087000E-01   7.40398003000E-01   7.75201248000E-01
   8.05254849000E-01   8.31159689000E-01   8.53458090000E-01   8.72630245000E-01
   8.89096150000E-01   9.00070403000E-01   9.12045982000E-01   9.28792332000E-01
   9.44993997000E-01   9.63738342000E-01   9.78865975000E-01   9.88698043000E-01
   9.97042469000E-01   1.00000000000E+00   1.00000000000E+00   1.00000000000E+00
   1.00000000000E+00   1.00000000000E+00   1.00000000000E+00   1.00000000000E+00
   1.00000000000E+00   1.00000000000E+00   1.00000000000E+00                   1
                   1                   1                   1                   1
                   1                   1                   1   1.00000000000E+00
   1.00000000000E+00                   0                   0                   0
                   0                   0
