 44098.00u   97.064230  0.0000E+00   06/19/20
Ace Ru98 IAEA-PD                                                         mat4431
      0         0.      0         0.      0         0.      0         0.
      0         0.      0         0.      0         0.      0         0.
      0         0.      0         0.      0         0.      0         0.
      0         0.      0         0.      0         0.      0         0.
   311981    44098       89        1        7        2       12        0
        0        0        0        0        0        0        0        1
        1       90       90        0      179      268      269      270
      271      362      446        0        0        0        0        0
        0        0        0        0        0        0        0        0
        0        0        0        0        0        0        0        0
   9.99999000000E-01   1.00000000000E+00   1.50000000000E+00   2.00000000000E+00
   2.50000000000E+00   3.00000000000E+00   3.50000000000E+00   4.00000000000E+00
   4.50000000000E+00   5.00000000000E+00   5.50000000000E+00   6.00000000000E+00
   6.50000000000E+00   7.00000000000E+00   7.50000000000E+00   8.00000000000E+00
   8.50000000000E+00   9.00000000000E+00   9.50000000000E+00   1.00000000000E+01
   1.05000000000E+01   1.10000000000E+01   1.15000000000E+01   1.20000000000E+01
   1.25000000000E+01   1.30000000000E+01   1.35000000000E+01   1.40000000000E+01
   1.45000000000E+01   1.50000000000E+01   1.55000000000E+01   1.60000000000E+01
   1.65000000000E+01   1.70000000000E+01   1.75000000000E+01   1.80000000000E+01
   1.85000000000E+01   1.90000000000E+01   1.95000000000E+01   2.00000000000E+01
   2.10000000000E+01   2.20000000000E+01   2.30000000000E+01   2.40000000000E+01
   2.50000000000E+01   2.60000000000E+01   2.70000000000E+01   2.80000000000E+01
   2.90000000000E+01   3.00000000000E+01   3.20000000000E+01   3.40000000000E+01
   3.60000000000E+01   3.80000000000E+01   4.00000000000E+01   4.20000000000E+01
   4.40000000000E+01   4.60000000000E+01   4.80000000000E+01   5.00000000000E+01
   5.20000000000E+01   5.40000000000E+01   5.60000000000E+01   5.80000000000E+01
   6.00000000000E+01   6.20000000000E+01   6.40000000000E+01   6.60000000000E+01
   6.80000000000E+01   7.00000000000E+01   7.20000000000E+01   7.40000000000E+01
   7.60000000000E+01   7.80000000000E+01   8.00000000000E+01   8.50000000000E+01
   9.00000000000E+01   9.50000000000E+01   1.00000000000E+02   1.10000000000E+02
   1.20000000000E+02   1.30000000000E+02   1.40000000000E+02   1.50000000000E+02
   1.60000000000E+02   1.70000000000E+02   1.80000000000E+02   1.90000000000E+02
   2.00000000000E+02   0.00000000000E+00   1.19760900000E-05   3.36748400000E-05
   7.25150100000E-05   1.34440100000E-04   2.26515200000E-04   3.57349600000E-04
   5.37673100000E-04   7.81146600000E-04   1.10550900000E-03   1.53414500000E-03
   2.09801400000E-03   2.83724500000E-03   3.79990300000E-03   5.03155400000E-03
   6.54896200000E-03   8.31973300000E-03   1.03237400000E-02   1.26838600000E-02
   1.56808800000E-02   1.96618100000E-02   2.50138100000E-02   3.22078800000E-02
   4.18415600000E-02   5.46299400000E-02   7.12741000000E-02   9.20777700000E-02
   1.16215400000E-01   1.41083600000E-01   1.63011100000E-01   1.79259100000E-01
   1.88529300000E-01   1.89907700000E-01   1.83180900000E-01   1.69918300000E-01
   1.53043100000E-01   1.35381600000E-01   1.18775900000E-01   1.04068400000E-01
   9.14490600000E-02   7.16527100000E-02   5.75913300000E-02   4.74251600000E-02
   3.98815800000E-02   3.41349800000E-02   2.96517700000E-02   2.60814400000E-02
   2.31884400000E-02   2.08105100000E-02   1.88331500000E-02   1.57705500000E-02
   1.35594900000E-02   1.19392000000E-02   1.07431300000E-02   9.85810600000E-03
   9.20366600000E-03   8.72095800000E-03   8.36617700000E-03   8.10642400000E-03
   7.91686900000E-03   7.77873500000E-03   7.67781200000E-03   7.60335100000E-03
   7.54722100000E-03   7.50329000000E-03   7.46693800000E-03   7.43470600000E-03
   7.40401600000E-03   7.37297000000E-03   7.34018600000E-03   7.30468500000E-03
   7.26579400000E-03   7.22307700000E-03   7.17628400000E-03   7.12530300000E-03
   6.97973400000E-03   6.81015200000E-03   6.62027700000E-03   6.41469900000E-03
   5.97637900000E-03   5.53519600000E-03   5.12935200000E-03   4.79415600000E-03
   4.37798500000E-03   4.01861900000E-03   3.70576100000E-03   3.43140500000E-03
   3.18923300000E-03   2.97420400000E-03   0.00000000000E+00   1.00000000000E+00
   1.01530700000E+00   1.03061400000E+00   1.04592200000E+00   1.06122900000E+00
   8.13922500000E-01   4.58472700000E-01   4.65871500000E-01   4.65693100000E-01
   4.58143600000E-01   4.39289500000E-01   4.39049600000E-01   4.20502000000E-01
   3.80768200000E-01   3.19797500000E-01   3.04118300000E-01   2.81466300000E-01
   2.55728100000E-01   2.31342200000E-01   9.05686500000E+00   8.73108900000E+00
   9.29841500000E+00   1.01639500000E+01   1.02186300000E+01   1.02571300000E+01
   1.02651900000E+01   1.02295100000E+01   1.03162800000E+01   1.03668700000E+01
   1.03802700000E+01   1.03577300000E+01   1.03949400000E+01   1.04099300000E+01
   1.04102800000E+01   1.03919600000E+01   1.08384500000E+01   1.21003000000E+01
   1.33556000000E+01   1.41988900000E+01   1.55821400000E+01   1.63328100000E+01
   1.67247200000E+01   1.72913300000E+01   1.75771500000E+01   1.78893200000E+01
   1.82153100000E+01   1.85334600000E+01   1.88971500000E+01   1.93704000000E+01
   2.15878900000E+01   2.38219800000E+01   2.57330200000E+01   2.69136200000E+01
   2.80071900000E+01   2.92683900000E+01   3.05545200000E+01   3.21104000000E+01
   3.36554900000E+01   3.51019600000E+01   3.64432400000E+01   3.77760400000E+01
   3.91131500000E+01   4.04699300000E+01   4.17976500000E+01   4.31707700000E+01
   4.45072900000E+01   4.58098300000E+01   4.70798600000E+01   4.83450600000E+01
   4.96260600000E+01   5.08894300000E+01   5.21462400000E+01   5.34295700000E+01
   5.46940200000E+01   5.79422500000E+01   6.10679800000E+01   6.43015000000E+01
   6.74316500000E+01   7.37669500000E+01   7.99861300000E+01   8.64740900000E+01
   9.26986400000E+01   9.92761000000E+01   1.05696500000E+02   1.12360300000E+02
   1.18908600000E+02   1.29785500000E+02   1.38234400000E+02                   5
   0.00000000000E+00                   1                   1                  89
   0.00000000000E+00   1.19760900000E-05   3.36748400000E-05   7.25150100000E-05
   1.34440100000E-04   2.26515200000E-04   3.57349600000E-04   5.37673100000E-04
   7.81146600000E-04   1.10550900000E-03   1.53414500000E-03   2.09801400000E-03
   2.83724500000E-03   3.79990300000E-03   5.03155400000E-03   6.54896200000E-03
   8.31973300000E-03   1.03237400000E-02   1.26838600000E-02   1.56808800000E-02
   1.96618100000E-02   2.50138100000E-02   3.22078800000E-02   4.18415600000E-02
   5.46299400000E-02   7.12741000000E-02   9.20777700000E-02   1.16215400000E-01
   1.41083600000E-01   1.63011100000E-01   1.79259100000E-01   1.88529300000E-01
   1.89907700000E-01   1.83180900000E-01   1.69918300000E-01   1.53043100000E-01
   1.35381600000E-01   1.18775900000E-01   1.04068400000E-01   9.14490600000E-02
   7.16527100000E-02   5.75913300000E-02   4.74251600000E-02   3.98815800000E-02
   3.41349800000E-02   2.96517700000E-02   2.60814400000E-02   2.31884400000E-02
   2.08105100000E-02   1.88331500000E-02   1.57705500000E-02   1.35594900000E-02
   1.19392000000E-02   1.07431300000E-02   9.85810600000E-03   9.20366600000E-03
   8.72095800000E-03   8.36617700000E-03   8.10642400000E-03   7.91686900000E-03
   7.77873500000E-03   7.67781200000E-03   7.60335100000E-03   7.54722100000E-03
   7.50329000000E-03   7.46693800000E-03   7.43470600000E-03   7.40401600000E-03
   7.37297000000E-03   7.34018600000E-03   7.30468500000E-03   7.26579400000E-03
   7.22307700000E-03   7.17628400000E-03   7.12530300000E-03   6.97973400000E-03
   6.81015200000E-03   6.62027700000E-03   6.41469900000E-03   5.97637900000E-03
   5.53519600000E-03   5.12935200000E-03   4.79415600000E-03   4.37798500000E-03
   4.01861900000E-03   3.70576100000E-03   3.43140500000E-03   3.18923300000E-03
   2.97420400000E-03                   1                   1                 446
                 518                 590                 591                 592
                 593                 739                 740                 740
                 741                   2                   1               51134
               51225               51316               51317               51318
               51319               51493               51494               51494
               51495                   9                   1               65147
               65223               65299               65300               65301
               65302               65456               65457               65457
               65458                  31                   1              117812
              117873              117934              117935              117936
              117937              118061              118062              118062
              118063                  32                   1              161287
              161345              161403              161404              161405
              161406              161524              161525              161525
              161526                  33                   1              203395
              203455              203515              203516              203517
              203518              203642              203643              203643
              203644                  34                   1              247224
              247311              247398              247399              247400
              247401              247577              247578              247578
              247579                  20                  70   0.00000000000E+00
   1.92716700000E-02   2.48114600000E-02   3.19908600000E-02   4.14760200000E-02
   5.39235600000E-02   6.99199500000E-02   8.95473900000E-02   1.11888300000E-01
   1.34473600000E-01   1.54036900000E-01   1.68387000000E-01   1.76474300000E-01
   1.77555400000E-01   1.71624800000E-01   1.59538700000E-01   1.44180600000E-01
   1.29881400000E-01   1.33565800000E-01   1.35037300000E-01   1.29654300000E-01
   1.13303000000E-01   9.62092500000E-02   8.13011900000E-02   6.90183000000E-02
   5.90213600000E-02   5.09158800000E-02   4.43414500000E-02   3.90494000000E-02
   3.47354500000E-02   3.14819500000E-02   2.82640700000E-02   2.59953700000E-02
   2.37178800000E-02   2.17225600000E-02   2.01288500000E-02   1.90651100000E-02
   1.84575900000E-02   1.81743900000E-02   1.80450600000E-02   1.79170600000E-02
   1.78505200000E-02   1.77944600000E-02   1.78634000000E-02   1.80251600000E-02
   1.81948300000E-02   1.83568700000E-02   1.85306400000E-02   1.86811000000E-02
   1.88368500000E-02   1.89366100000E-02   1.90646800000E-02   1.92040600000E-02
   1.93430800000E-02   1.94225200000E-02   1.94810000000E-02   1.96149500000E-02
   1.97099900000E-02   1.96644600000E-02   1.95354000000E-02   1.91286500000E-02
   1.85497700000E-02   1.79384100000E-02   1.75027100000E-02   1.65994400000E-02
   1.58168100000E-02   1.51270900000E-02   1.45016300000E-02   1.39265800000E-02
   1.40237300000E-02                  20                  70   0.00000000000E+00
   1.95513400000E-01   5.02835400000E-01   8.08913600000E-01   1.11206500000E+00
   1.21441900000E+00   1.31335400000E+00   1.40748000000E+00   1.49778900000E+00
   1.45842500000E+00   1.42168600000E+00   1.38921600000E+00   1.36038400000E+00
   1.37421000000E+00   1.39254600000E+00   1.41101000000E+00   1.43132800000E+00
   1.43042500000E+00   1.64482500000E+00   1.86123100000E+00   1.99350000000E+00
   2.41353600000E+00   2.75066300000E+00   2.99818900000E+00   3.20380400000E+00
   3.48099500000E+00   3.73505600000E+00   3.95039400000E+00   4.16290900000E+00
   4.32968500000E+00   4.54000200000E+00   5.03376500000E+00   5.69383700000E+00
   6.22039300000E+00   6.80415200000E+00   7.34842500000E+00   7.88087900000E+00
   8.48720000000E+00   9.09597800000E+00   9.71474800000E+00   1.03391800000E+01
   1.09533400000E+01   1.15423800000E+01   1.21870600000E+01   1.28318100000E+01
   1.34781400000E+01   1.41417600000E+01   1.48215000000E+01   1.54937200000E+01
   1.61847800000E+01   1.68441200000E+01   1.75130800000E+01   1.82141600000E+01
   1.89394500000E+01   1.96313300000E+01   2.03264200000E+01   2.20368000000E+01
   2.38729200000E+01   2.56204800000E+01   2.74159000000E+01   3.09241400000E+01
   3.45879500000E+01   3.79566400000E+01   4.15680800000E+01   4.49009100000E+01
   4.84062600000E+01   5.16415500000E+01   5.49529600000E+01   5.38973000000E+01
   5.50831600000E+01                   5                  -1                   1
                   6                   5                   0                  71
   1.00000000000E+00   1.01756200000E+01   1.05000000000E+01   1.10000000000E+01
   1.15000000000E+01   1.20000000000E+01   1.25000000000E+01   1.30000000000E+01
   1.35000000000E+01   1.40000000000E+01   1.45000000000E+01   1.50000000000E+01
   1.55000000000E+01   1.60000000000E+01   1.65000000000E+01   1.70000000000E+01
   1.75000000000E+01   1.80000000000E+01   1.85000000000E+01   1.90000000000E+01
   1.95000000000E+01   2.00000000000E+01   2.10000000000E+01   2.20000000000E+01
   2.30000000000E+01   2.40000000000E+01   2.50000000000E+01   2.60000000000E+01
   2.70000000000E+01   2.80000000000E+01   2.90000000000E+01   3.00000000000E+01
   3.20000000000E+01   3.40000000000E+01   3.60000000000E+01   3.80000000000E+01
   4.00000000000E+01   4.20000000000E+01   4.40000000000E+01   4.60000000000E+01
   4.80000000000E+01   5.00000000000E+01   5.20000000000E+01   5.40000000000E+01
   5.60000000000E+01   5.80000000000E+01   6.00000000000E+01   6.20000000000E+01
   6.40000000000E+01   6.60000000000E+01   6.80000000000E+01   7.00000000000E+01
   7.20000000000E+01   7.40000000000E+01   7.60000000000E+01   7.80000000000E+01
   8.00000000000E+01   8.50000000000E+01   9.00000000000E+01   9.50000000000E+01
   1.00000000000E+02   1.10000000000E+02   1.20000000000E+02   1.30000000000E+02
   1.40000000000E+02   1.50000000000E+02   1.60000000000E+02   1.70000000000E+02
   1.80000000000E+02   1.90000000000E+02   2.00000000000E+02   0.00000000000E+00
   0.00000000000E+00   9.80157500000E-01   9.91910500000E-01   9.93261900000E-01
   9.91263700000E-01   9.87069700000E-01   9.81000800000E-01   9.72519100000E-01
   9.62766600000E-01   9.53148300000E-01   9.44947300000E-01   9.39349800000E-01
   9.36057700000E-01   9.34956300000E-01   9.36914300000E-01   9.38914200000E-01
   9.42091500000E-01   9.59372600000E-01   1.12451900000E+00   1.29758200000E+00
   1.41777600000E+00   1.58128000000E+00   1.67055100000E+00   1.71430500000E+00
   1.73058100000E+00   1.72905800000E+00   1.71712800000E+00   1.70011500000E+00
   1.68400300000E+00   1.66913000000E+00   1.67162400000E+00   1.79220600000E+00
   1.91713500000E+00   1.98655500000E+00   2.02199500000E+00   2.04185800000E+00
   2.07146900000E+00   2.11646400000E+00   2.17236500000E+00   2.22602000000E+00
   2.26315000000E+00   2.29478400000E+00   2.31764700000E+00   2.34941100000E+00
   2.38831800000E+00   2.42491400000E+00   2.45842000000E+00   2.49245100000E+00
   2.52310400000E+00   2.55485200000E+00   2.57985400000E+00   2.60992500000E+00
   2.64307800000E+00   2.67795600000E+00   2.70648700000E+00   2.73405900000E+00
   2.81027200000E+00   2.89420700000E+00   2.97033800000E+00   3.04541200000E+00
   3.20070900000E+00   3.35124000000E+00   3.49720800000E+00   3.65084300000E+00
   3.79157100000E+00   3.93588200000E+00   4.08204700000E+00   4.22614900000E+00
   4.36674900000E+00   4.71512000000E+00                   0                   1
                   0                   4                  10                   0
                   2   1.00000000000E+00   2.00000000000E+02   1.00000000000E+00
   1.00000000000E+00                   0                  30   1.00000000000E+00
   1.01756200000E+01   1.20000000000E+01   1.40000000000E+01   1.60000000000E+01
   1.80000000000E+01   2.00000000000E+01   2.20000000000E+01   2.40000000000E+01
   2.60000000000E+01   2.80000000000E+01   3.00000000000E+01   3.20000000000E+01
   3.60000000000E+01   4.00000000000E+01   4.40000000000E+01   4.80000000000E+01
   5.00000000000E+01   5.20000000000E+01   5.60000000000E+01   6.00000000000E+01
   7.00000000000E+01   8.00000000000E+01   9.00000000000E+01   1.00000000000E+02
   1.20000000000E+02   1.40000000000E+02   1.60000000000E+02   1.80000000000E+02
   2.00000000000E+02                  72                 107                 142
                 364                 806                1435                2174
                3164                4245                5391                6602
                7865                9180               10534               11966
               13678               15435               17237               19054
               20901               22778               24685               26897
               29160               31727               34332               37253
               40498               43766               47080                   2
                   3   0.00000000000E+00   5.00000000000E-07   1.00000000000E-06
   0.00000000000E+00   2.00000000000E+06   0.00000000000E+00   0.00000000000E+00
   5.00000000000E-01   1.00000000000E+00                   0                   0
                   0                   0                   0                   0
                   0                   0                   0                   0
                   0                   0                   0                   0
                   0                   0                   0                   0
                   0                   0                   0                   0
                   0                   0                   2                   3
   0.00000000000E+00   5.00000000000E-07   1.00000000000E-06   0.00000000000E+00
   2.00000000000E+06   0.00000000000E+00   0.00000000000E+00   5.00000000000E-01
   1.00000000000E+00                   0                   0                   0
                   0                   0                   0                   0
                   0                   0                   0                   0
                   0                   0                   0                   0
                   0                   0                   0                   0
                   0                   0                   0                   0
                   0                   2                  20   0.00000000000E+00
   2.50000000000E-02   1.00000000000E-01   2.00000000000E-01   3.00000000000E-01
   4.00000000000E-01   5.00000000000E-01   6.00000000000E-01   7.00000000000E-01
   8.00000000000E-01   9.00000000000E-01   1.00000000000E+00   1.10000000000E+00
   1.20000000000E+00   1.30000000000E+00   1.40000000000E+00   1.50000000000E+00
   1.60000000000E+00   1.70000000000E+00   1.80000000000E+00   0.00000000000E+00
   8.40529100000E-04   5.20379100000E-04   2.08654000000E-03   5.21792400000E-01
   1.59867500000E-01   2.01621000000E-04   1.28462200000E+00   9.58522100000E-05
   6.59614100000E-05   1.35417700000E+00   1.03626800000E-01   1.40292900000E+00
   1.33386200000E+00   1.46148500000E+00   2.61175700000E-01   8.76772100000E-07
   1.54377900000E+00   2.93764000000E-08   1.13871200000E+00   0.00000000000E+00
   1.05066138000E-05   6.15406700000E-05   1.91886636000E-04   2.63858318000E-02
   6.04688260000E-02   6.84722830000E-02   1.32713472000E-01   1.96949372000E-01
   1.96957463000E-01   2.64669619000E-01   3.37559818000E-01   4.12887618000E-01
   5.49727184000E-01   6.89494551000E-01   7.75627597000E-01   7.88686427000E-01
   8.65875431000E-01   9.43064392000E-01   1.00000000000E+00                   0
                   0                   0                   0                   0
                   0                   0                   0                   0
                   0                   0                   0                   0
                   0                   0                   0                   0
                   0                   0                   0                   0
                   0                   0                   0                   0
                   0                   0                   0                   0
                   0                   0                   0                   0
                   0                   0                   0                   0
                   0                   0                   0                   0
                   0                   0                   0                   0
                   0                   0                   0                   0
                   0                   0                   0                   0
                   0                   0                   0                   0
                   0                   0                   0                   0
                   0                   0                   0                   0
                   0                   0                   0                   0
                   0                   0                   0                   0
                   0                   0                   0                   0
                   0                   0                   0                   0
                   0                   0                   0
