 51121.00u  119.865200  0.0000E+00   02/26/20
Ace Sb121 IAEA-PD                                                        mat5125
      0         0.      0         0.      0         0.      0         0.
      0         0.      0         0.      0         0.      0         0.
      0         0.      0         0.      0         0.      0         0.
      0         0.      0         0.      0         0.      0         0.
   328867    51121       89        1        7        2       12        0
        0        0        0        0        0        0        0        1
        1       90       90        0      179      268      269      270
      271      362      446        0        0        0        0        0
        0        0        0        0        0        0        0        0
        0        0        0        0        0        0        0        0
   9.99999000000E-01   1.00000000000E+00   1.50000000000E+00   2.00000000000E+00
   2.50000000000E+00   3.00000000000E+00   3.50000000000E+00   4.00000000000E+00
   4.50000000000E+00   5.00000000000E+00   5.50000000000E+00   6.00000000000E+00
   6.50000000000E+00   7.00000000000E+00   7.50000000000E+00   8.00000000000E+00
   8.50000000000E+00   9.00000000000E+00   9.50000000000E+00   1.00000000000E+01
   1.05000000000E+01   1.10000000000E+01   1.15000000000E+01   1.20000000000E+01
   1.25000000000E+01   1.30000000000E+01   1.35000000000E+01   1.40000000000E+01
   1.45000000000E+01   1.50000000000E+01   1.55000000000E+01   1.60000000000E+01
   1.65000000000E+01   1.70000000000E+01   1.75000000000E+01   1.80000000000E+01
   1.85000000000E+01   1.90000000000E+01   1.95000000000E+01   2.00000000000E+01
   2.10000000000E+01   2.20000000000E+01   2.30000000000E+01   2.40000000000E+01
   2.50000000000E+01   2.60000000000E+01   2.70000000000E+01   2.80000000000E+01
   2.90000000000E+01   3.00000000000E+01   3.20000000000E+01   3.40000000000E+01
   3.60000000000E+01   3.80000000000E+01   4.00000000000E+01   4.20000000000E+01
   4.40000000000E+01   4.60000000000E+01   4.80000000000E+01   5.00000000000E+01
   5.20000000000E+01   5.40000000000E+01   5.60000000000E+01   5.80000000000E+01
   6.00000000000E+01   6.20000000000E+01   6.40000000000E+01   6.60000000000E+01
   6.80000000000E+01   7.00000000000E+01   7.20000000000E+01   7.40000000000E+01
   7.60000000000E+01   7.80000000000E+01   8.00000000000E+01   8.50000000000E+01
   9.00000000000E+01   9.50000000000E+01   1.00000000000E+02   1.10000000000E+02
   1.20000000000E+02   1.30000000000E+02   1.40000000000E+02   1.50000000000E+02
   1.60000000000E+02   1.70000000000E+02   1.80000000000E+02   1.90000000000E+02
   2.00000000000E+02   0.00000000000E+00   1.69053000000E-05   4.85466600000E-05
   1.06099700000E-04   1.98959800000E-04   3.38403300000E-04   5.38323100000E-04
   8.16234400000E-04   1.19467000000E-03   1.70307500000E-03   2.38011200000E-03
   3.27554400000E-03   4.44862700000E-03   5.95612600000E-03   7.82611500000E-03
   1.00511200000E-02   1.26735100000E-02   1.59044800000E-02   2.01084100000E-02
   2.57283100000E-02   3.32926100000E-02   4.34758700000E-02   5.71533600000E-02
   7.54189300000E-02   9.95223400000E-02   1.30557800000E-01   1.68480600000E-01
   2.10168000000E-01   2.47758000000E-01   2.70728200000E-01   2.72885600000E-01
   2.57188000000E-01   2.32274000000E-01   2.06075100000E-01   1.82820800000E-01
   1.62958100000E-01   1.44625500000E-01   1.26765400000E-01   1.10311200000E-01
   9.62454400000E-02   7.50115100000E-02   6.05906700000E-02   5.03589900000E-02
   4.27806000000E-02   3.69698800000E-02   3.23915800000E-02   2.87061500000E-02
   2.56890200000E-02   2.31862600000E-02   2.10889300000E-02   1.78132300000E-02
   1.54324100000E-02   1.36848400000E-02   1.23979700000E-02   1.14512100000E-02
   1.07571100000E-02   1.02508800000E-02   9.88400700000E-03   9.61998100000E-03
   9.43127700000E-03   9.29713100000E-03   9.20188800000E-03   9.13375400000E-03
   9.08385200000E-03   9.04552300000E-03   9.01378300000E-03   8.98492700000E-03
   8.95622000000E-03   8.92567100000E-03   8.89185800000E-03   8.85379200000E-03
   8.81082100000E-03   8.76254800000E-03   8.70877800000E-03   8.64946300000E-03
   8.47761100000E-03   8.27497800000E-03   8.04660400000E-03   7.79840800000E-03
   7.26760800000E-03   6.73226800000E-03   6.23935600000E-03   5.83208700000E-03
   5.32607500000E-03   4.88906400000E-03   4.50856700000E-03   4.17486700000E-03
   3.88029400000E-03   3.61872300000E-03   0.00000000000E+00   1.00000000000E+00
   1.05208900000E+00   1.10417900000E+00   1.15626900000E+00   9.93477200000E-01
   7.13714800000E-01   3.36728700000E-01   3.44380600000E-01   3.26394800000E-01
   2.71814400000E-01   1.76295900000E-01   1.58654200000E-01   1.27485000000E-01
   9.17871500000E-02   5.71556400000E-02   1.92124700000E+00   3.95275100000E+00
   7.64913400000E+00   8.68822400000E+00   8.78669100000E+00   8.88254900000E+00
   8.95521600000E+00   9.01315700000E+00   9.08146100000E+00   9.13149700000E+00
   9.16440700000E+00   9.18211600000E+00   9.20682700000E+00   9.22314500000E+00
   9.23347900000E+00   9.23644000000E+00   9.60394800000E+00   1.03538100000E+01
   1.11204800000E+01   1.17691900000E+01   1.22027600000E+01   1.25305900000E+01
   1.27905100000E+01   1.30184700000E+01   1.33820400000E+01   1.37126000000E+01
   1.40478900000E+01   1.44050900000E+01   1.47307400000E+01   1.50717200000E+01
   1.55524100000E+01   1.60566800000E+01   1.67448900000E+01   1.74402400000E+01
   1.88938800000E+01   2.02563600000E+01   2.15563900000E+01   2.27475100000E+01
   2.39019300000E+01   2.51315400000E+01   2.63044600000E+01   2.75046600000E+01
   2.86544300000E+01   2.97718000000E+01   3.09306900000E+01   3.20898500000E+01
   3.32046500000E+01   3.43502500000E+01   3.54597300000E+01   3.65417200000E+01
   3.76501000000E+01   3.87527000000E+01   3.97720100000E+01   4.08241400000E+01
   4.19274600000E+01   4.30508500000E+01   4.41568500000E+01   4.50961300000E+01
   4.61855800000E+01   4.87721800000E+01   5.13655900000E+01   5.39780900000E+01
   5.65262400000E+01   6.18096200000E+01   6.67411800000E+01   7.19302000000E+01
   7.72251000000E+01   8.24064000000E+01   8.75979300000E+01   9.25807400000E+01
   9.84077000000E+01   1.03744900000E+02   1.09141000000E+02                   5
   0.00000000000E+00                   1                   1                  89
   0.00000000000E+00   1.69053000000E-05   4.85466600000E-05   1.06099700000E-04
   1.98959800000E-04   3.38403300000E-04   5.38323100000E-04   8.16234400000E-04
   1.19467000000E-03   1.70307500000E-03   2.38011200000E-03   3.27554400000E-03
   4.44862700000E-03   5.95612600000E-03   7.82611500000E-03   1.00511200000E-02
   1.26735100000E-02   1.59044800000E-02   2.01084100000E-02   2.57283100000E-02
   3.32926100000E-02   4.34758700000E-02   5.71533600000E-02   7.54189300000E-02
   9.95223400000E-02   1.30557800000E-01   1.68480600000E-01   2.10168000000E-01
   2.47758000000E-01   2.70728200000E-01   2.72885600000E-01   2.57188000000E-01
   2.32274000000E-01   2.06075100000E-01   1.82820800000E-01   1.62958100000E-01
   1.44625500000E-01   1.26765400000E-01   1.10311200000E-01   9.62454400000E-02
   7.50115100000E-02   6.05906700000E-02   5.03589900000E-02   4.27806000000E-02
   3.69698800000E-02   3.23915800000E-02   2.87061500000E-02   2.56890200000E-02
   2.31862600000E-02   2.10889300000E-02   1.78132300000E-02   1.54324100000E-02
   1.36848400000E-02   1.23979700000E-02   1.14512100000E-02   1.07571100000E-02
   1.02508800000E-02   9.88400700000E-03   9.61998100000E-03   9.43127700000E-03
   9.29713100000E-03   9.20188800000E-03   9.13375400000E-03   9.08385200000E-03
   9.04552300000E-03   9.01378300000E-03   8.98492700000E-03   8.95622000000E-03
   8.92567100000E-03   8.89185800000E-03   8.85379200000E-03   8.81082100000E-03
   8.76254800000E-03   8.70877800000E-03   8.64946300000E-03   8.47761100000E-03
   8.27497800000E-03   8.04660400000E-03   7.79840800000E-03   7.26760800000E-03
   6.73226800000E-03   6.23935600000E-03   5.83208700000E-03   5.32607500000E-03
   4.88906400000E-03   4.50856700000E-03   4.17486700000E-03   3.88029400000E-03
   3.61872300000E-03                   1                   1                 446
                 520                 594                 595                 596
                 597                 747                 748                 748
                 749                   2                   1               52319
               52410               52501               52502               52503
               52504               52680               52681               52681
               52682                   9                   1               66343
               66424               66505               66506               66507
               66508               66672               66673               66673
               66674                  31                   1              125330
              125397              125464              125465              125466
              125467              125603              125604              125604
              125605                  32                   1              173893
              173960              174027              174028              174029
              174030              174164              174165              174165
              174166                  33                   1              222323
              222379              222435              222436              222437
              222438              222554              222555              222555
              222556                  34                   1              264537
              264621              264705              264706              264707
              264708              264882              264883              264883
              264884                  18                  72   0.00000000000E+00
   1.59892500000E-02   2.41749600000E-02   3.16984600000E-02   4.17342400000E-02
   5.52903900000E-02   7.35168400000E-02   9.76694900000E-02   1.28824700000E-01
   1.66901000000E-01   2.08741500000E-01   2.46450000000E-01   2.69476900000E-01
   2.71614400000E-01   2.55829500000E-01   2.35408300000E-01   2.31839000000E-01
   2.27200900000E-01   2.17680700000E-01   2.02185000000E-01   1.82596900000E-01
   1.61681000000E-01   1.43084900000E-01   1.13756600000E-01   9.34029400000E-02
   7.86784700000E-02   6.75580100000E-02   5.87803000000E-02   5.17860400000E-02
   4.61985600000E-02   4.20122300000E-02   3.87841900000E-02   3.61792600000E-02
   3.19523400000E-02   2.88205200000E-02   2.64069000000E-02   2.46149500000E-02
   2.34177500000E-02   2.26659300000E-02   2.22534000000E-02   2.20524900000E-02
   2.20656100000E-02   2.21597700000E-02   2.23686200000E-02   2.26237000000E-02
   2.29633800000E-02   2.33373000000E-02   2.37306700000E-02   2.41430200000E-02
   2.45104600000E-02   2.48824600000E-02   2.52795800000E-02   2.56259700000E-02
   2.59722700000E-02   2.62573600000E-02   2.65333600000E-02   2.69152800000E-02
   2.71262400000E-02   2.76067600000E-02   2.78581900000E-02   2.80944300000E-02
   2.82028600000E-02   2.78527100000E-02   2.73058700000E-02   2.67192900000E-02
   2.61380200000E-02   2.50320700000E-02   2.39866900000E-02   2.33160500000E-02
   2.24181900000E-02   2.16243900000E-02   2.08561400000E-02                  18
                  72   0.00000000000E+00   1.24158000000E-01   4.44770700000E-01
   6.00219100000E-01   7.55915000000E-01   9.13728500000E-01   1.07379000000E+00
   1.12703500000E+00   1.17939400000E+00   1.23045900000E+00   1.28020100000E+00
   1.39450400000E+00   1.50786000000E+00   1.62023500000E+00   1.73157900000E+00
   1.80089400000E+00   2.03973100000E+00   2.29809800000E+00   2.51845600000E+00
   2.78903700000E+00   3.03171200000E+00   3.24562600000E+00   3.45517100000E+00
   3.83895300000E+00   4.22186600000E+00   4.60638300000E+00   4.98702500000E+00
   5.35992000000E+00   5.73031900000E+00   6.07325600000E+00   6.48142100000E+00
   6.84334200000E+00   7.23813100000E+00   8.06968400000E+00   8.85960200000E+00
   9.62745400000E+00   1.03745900000E+01   1.11690500000E+01   1.19424000000E+01
   1.27516100000E+01   1.35404300000E+01   1.43674400000E+01   1.51914900000E+01
   1.60125900000E+01   1.68419100000E+01   1.77122200000E+01   1.85609200000E+01
   1.94249100000E+01   2.03012200000E+01   2.11542300000E+01   2.20307800000E+01
   2.29551200000E+01   2.38629700000E+01   2.47542400000E+01   2.56202200000E+01
   2.65119600000E+01   2.75493200000E+01   2.84525900000E+01   3.08051300000E+01
   3.31510900000E+01   3.54419200000E+01   3.78098900000E+01   4.23960700000E+01
   4.73329800000E+01   5.21242100000E+01   5.68001500000E+01   6.14614800000E+01
   6.61389400000E+01   7.10501000000E+01   7.51602900000E+01   7.96549100000E+01
   8.40868000000E+01                   5                  -1                   1
                   6                   5                   0                  73
   1.00000000000E+00   9.25387700000E+00   9.50000000000E+00   1.00000000000E+01
   1.05000000000E+01   1.10000000000E+01   1.15000000000E+01   1.20000000000E+01
   1.25000000000E+01   1.30000000000E+01   1.35000000000E+01   1.40000000000E+01
   1.45000000000E+01   1.50000000000E+01   1.55000000000E+01   1.60000000000E+01
   1.65000000000E+01   1.70000000000E+01   1.75000000000E+01   1.80000000000E+01
   1.85000000000E+01   1.90000000000E+01   1.95000000000E+01   2.00000000000E+01
   2.10000000000E+01   2.20000000000E+01   2.30000000000E+01   2.40000000000E+01
   2.50000000000E+01   2.60000000000E+01   2.70000000000E+01   2.80000000000E+01
   2.90000000000E+01   3.00000000000E+01   3.20000000000E+01   3.40000000000E+01
   3.60000000000E+01   3.80000000000E+01   4.00000000000E+01   4.20000000000E+01
   4.40000000000E+01   4.60000000000E+01   4.80000000000E+01   5.00000000000E+01
   5.20000000000E+01   5.40000000000E+01   5.60000000000E+01   5.80000000000E+01
   6.00000000000E+01   6.20000000000E+01   6.40000000000E+01   6.60000000000E+01
   6.80000000000E+01   7.00000000000E+01   7.20000000000E+01   7.40000000000E+01
   7.60000000000E+01   7.80000000000E+01   8.00000000000E+01   8.50000000000E+01
   9.00000000000E+01   9.50000000000E+01   1.00000000000E+02   1.10000000000E+02
   1.20000000000E+02   1.30000000000E+02   1.40000000000E+02   1.50000000000E+02
   1.60000000000E+02   1.70000000000E+02   1.80000000000E+02   1.90000000000E+02
   2.00000000000E+02   0.00000000000E+00   0.00000000000E+00   7.95152400000E-01
   9.39624900000E-01   9.52117000000E-01   9.59940300000E-01   9.67404000000E-01
   9.74779700000E-01   9.81382600000E-01   9.86725400000E-01   9.90624400000E-01
   9.93212600000E-01   9.94720700000E-01   9.95378000000E-01   9.95341600000E-01
   9.94717900000E-01   1.01349400000E+00   1.12502200000E+00   1.24275200000E+00
   1.33580800000E+00   1.39799000000E+00   1.44043200000E+00   1.46568100000E+00
   1.48666700000E+00   1.51652200000E+00   1.54154000000E+00   1.56235200000E+00
   1.57917400000E+00   1.58995100000E+00   1.59875000000E+00   1.60936100000E+00
   1.63541600000E+00   1.67272300000E+00   1.71555700000E+00   1.79374200000E+00
   1.86753200000E+00   1.92964600000E+00   1.98540200000E+00   2.04500200000E+00
   2.10706500000E+00   2.17087700000E+00   2.23112900000E+00   2.29372700000E+00
   2.34960400000E+00   2.40597000000E+00   2.45859300000E+00   2.51412300000E+00
   2.56909700000E+00   2.62347100000E+00   2.67845600000E+00   2.72795300000E+00
   2.77823200000E+00   2.83223300000E+00   2.88195900000E+00   2.93346300000E+00
   2.98012600000E+00   3.02804200000E+00   3.09059200000E+00   3.13617600000E+00
   3.25643200000E+00   3.36655800000E+00   3.49146400000E+00   3.61648900000E+00
   3.83244500000E+00   4.05596900000E+00   4.28237900000E+00   4.48176100000E+00
   4.69990900000E+00   4.90619300000E+00   5.17149900000E+00   5.36979700000E+00
   5.57287400000E+00   5.76339800000E+00                   0                   1
                   0                   4                  10                   0
                   2   1.00000000000E+00   2.00000000000E+02   1.00000000000E+00
   1.00000000000E+00                   0                  31   1.00000000000E+00
   9.25387700000E+00   1.00000000000E+01   1.20000000000E+01   1.40000000000E+01
   1.60000000000E+01   1.80000000000E+01   2.00000000000E+01   2.20000000000E+01
   2.40000000000E+01   2.60000000000E+01   2.80000000000E+01   3.00000000000E+01
   3.20000000000E+01   3.60000000000E+01   4.00000000000E+01   4.40000000000E+01
   4.80000000000E+01   5.00000000000E+01   5.20000000000E+01   5.60000000000E+01
   6.00000000000E+01   7.00000000000E+01   8.00000000000E+01   9.00000000000E+01
   1.00000000000E+02   1.20000000000E+02   1.40000000000E+02   1.60000000000E+02
   1.80000000000E+02   2.00000000000E+02                  74                  85
                  96                 125                 388                 929
                1646                2473                3388                4547
                5771                7060                8388                9768
               11187               12658               14415               16217
               18064               19926               21803               23710
               25647               27893               30190               32795
               35419               38361               41629               44920
               48234                   2                   3   0.00000000000E+00
   5.00000000000E-07   1.00000000000E-06   0.00000000000E+00   2.00000000000E+06
   0.00000000000E+00   0.00000000000E+00   5.00000000000E-01   1.00000000000E+00
                   2                   3   0.00000000000E+00   5.00000000000E-07
   1.00000000000E-06   0.00000000000E+00   2.00000000000E+06   0.00000000000E+00
   0.00000000000E+00   5.00000000000E-01   1.00000000000E+00                   2
                   9   0.00000000000E+00   2.50000000000E-02   1.00000000000E-01
   2.00000000000E-01   3.00000000000E-01   4.00000000000E-01   5.00000000000E-01
   6.00000000000E-01   7.00000000000E-01   0.00000000000E+00   2.30569800000E-01
   9.19509800000E-01   1.89847300000E-01   8.87578100000E-01   1.52226500000E+00
   2.70440100000E+00   2.58433100000E+00   2.38344300000E+00   0.00000000000E+00
   2.88212254000E-03   4.60101081000E-02   1.01477964000E-01   1.55349234000E-01
   2.75841391000E-01   4.87174694000E-01   7.51611297000E-01   1.00000000000E+00
                   2                  29   0.00000000000E+00   2.50000000000E-02
   1.00000000000E-01   2.00000000000E-01   3.00000000000E-01   4.00000000000E-01
   5.00000000000E-01   6.00000000000E-01   7.00000000000E-01   8.00000000000E-01
   9.00000000000E-01   1.00000000000E+00   1.10000000000E+00   1.20000000000E+00
   1.30000000000E+00   1.40000000000E+00   1.50000000000E+00   1.60000000000E+00
   1.70000000000E+00   1.80000000000E+00   1.90000000000E+00   2.00000000000E+00
   2.10000000000E+00   2.20000000000E+00   2.30000000000E+00   2.40000000000E+00
   2.50000000000E+00   2.60000000000E+00   2.70000000000E+00   0.00000000000E+00
   8.77470500000E-02   3.35605300000E-01   5.08972800000E-01   5.92218800000E-01
   6.24061900000E-01   6.27050700000E-01   6.13713200000E-01   5.90862500000E-01
   5.62328400000E-01   5.30318600000E-01   4.96217000000E-01   4.61013700000E-01
   4.25481200000E-01   3.90256000000E-01   3.55868300000E-01   3.22747700000E-01
   2.91224600000E-01   2.61533200000E-01   2.33817400000E-01   1.29255700000E-01
   2.60683200000E-01   2.56470900000E-01   7.00164900000E-02   1.08205800000E-01
   2.78465200000E-01   3.45436800000E-01   2.25940000000E-01   2.00623600000E-01
   0.00000000000E+00   1.09683812000E-03   1.69725512000E-02   5.92014559000E-02
   1.14261036000E-01   1.75075070000E-01   2.37630700000E-01   2.99668895000E-01
   3.59897679000E-01   4.17557224000E-01   4.72189574000E-01   5.23516354000E-01
   5.71377888000E-01   6.15702633000E-01   6.56489493000E-01   6.93795708000E-01
   7.27726507000E-01   7.58425122000E-01   7.86063012000E-01   8.10830542000E-01
   8.28984197000E-01   8.48481142000E-01   8.74338847000E-01   8.90663216000E-01
   8.99574331000E-01   9.18907880000E-01   9.50102980000E-01   9.78671820000E-01
   1.00000000000E+00                   0                   0                   0
                   0                   0                   0                   0
                   0                   0                   0                   0
                   0                   0                   0                   0
                   0                   0                   0                   0
                   0                   0                   0                   0
                   0                   0                   0                   0
                   0                   0                   0                   0
                   0                   0                   0                   0
                   0                   0                   0                   0
                   0                   0                   0                   0
                   0                   0                   0                   0
                   0                   0                   0                   0
                   0                   0                   0                   0
                   0                   0                   0                   0
                   0                   0                   0                   0
                   0                   0                   0                   0
                   0                   0                   0                   0
                   0                   0                   0                   0
                   0                   0                   0                   0
                   0                   0                   0                   0
                   0                   0                   0                   0
                   0                   0                   0                   0
                   0                   0                   0                   0
                   0                   0                   0                   0
                   0                   0                   0                   0
                   0                   0                   0                   0
                   0                   0                   0                   0
                   0                   0                   0                   0
                   0                   0                   0                   0
                   0                   0                   0                   0
                   0                   0                   0                   0
                   0                   0                   0                   0
                   0
