 51123.00u  121.848400  0.0000E+00   06/19/20
Ace Sb123 IAEA-PD                                                        mat5131
      0         0.      0         0.      0         0.      0         0.
      0         0.      0         0.      0         0.      0         0.
      0         0.      0         0.      0         0.      0         0.
      0         0.      0         0.      0         0.      0         0.
   325667    51123       89        1        7        2       12        0
        0        0        0        0        0        0        0        1
        1       90       90        0      179      268      269      270
      271      362      446        0        0        0        0        0
        0        0        0        0        0        0        0        0
        0        0        0        0        0        0        0        0
   9.99999000000E-01   1.00000000000E+00   1.50000000000E+00   2.00000000000E+00
   2.50000000000E+00   3.00000000000E+00   3.50000000000E+00   4.00000000000E+00
   4.50000000000E+00   5.00000000000E+00   5.50000000000E+00   6.00000000000E+00
   6.50000000000E+00   7.00000000000E+00   7.50000000000E+00   8.00000000000E+00
   8.50000000000E+00   9.00000000000E+00   9.50000000000E+00   1.00000000000E+01
   1.05000000000E+01   1.10000000000E+01   1.15000000000E+01   1.20000000000E+01
   1.25000000000E+01   1.30000000000E+01   1.35000000000E+01   1.40000000000E+01
   1.45000000000E+01   1.50000000000E+01   1.55000000000E+01   1.60000000000E+01
   1.65000000000E+01   1.70000000000E+01   1.75000000000E+01   1.80000000000E+01
   1.85000000000E+01   1.90000000000E+01   1.95000000000E+01   2.00000000000E+01
   2.10000000000E+01   2.20000000000E+01   2.30000000000E+01   2.40000000000E+01
   2.50000000000E+01   2.60000000000E+01   2.70000000000E+01   2.80000000000E+01
   2.90000000000E+01   3.00000000000E+01   3.20000000000E+01   3.40000000000E+01
   3.60000000000E+01   3.80000000000E+01   4.00000000000E+01   4.20000000000E+01
   4.40000000000E+01   4.60000000000E+01   4.80000000000E+01   5.00000000000E+01
   5.20000000000E+01   5.40000000000E+01   5.60000000000E+01   5.80000000000E+01
   6.00000000000E+01   6.20000000000E+01   6.40000000000E+01   6.60000000000E+01
   6.80000000000E+01   7.00000000000E+01   7.20000000000E+01   7.40000000000E+01
   7.60000000000E+01   7.80000000000E+01   8.00000000000E+01   8.50000000000E+01
   9.00000000000E+01   9.50000000000E+01   1.00000000000E+02   1.10000000000E+02
   1.20000000000E+02   1.30000000000E+02   1.40000000000E+02   1.50000000000E+02
   1.60000000000E+02   1.70000000000E+02   1.80000000000E+02   1.90000000000E+02
   2.00000000000E+02   0.00000000000E+00   1.71972000000E-05   4.94712000000E-05
   1.08251600000E-04   2.03184400000E-04   3.45856600000E-04   5.50558000000E-04
   8.35323100000E-04   1.22337400000E-03   1.74506800000E-03   2.44024000000E-03
   3.35997900000E-03   4.56452100000E-03   6.11013200000E-03   8.02272700000E-03
   1.02969300000E-02   1.29901100000E-02   1.63338100000E-02   2.07063300000E-02
   2.65641900000E-02   3.44586100000E-02   4.50993700000E-02   5.94099200000E-02
   7.85445800000E-02   1.03817000000E-01   1.36338300000E-01   1.75893500000E-01
   2.18825900000E-01   2.56464500000E-01   2.77885400000E-01   2.77542000000E-01
   2.59527700000E-01   2.33086600000E-01   2.06105200000E-01   1.82539200000E-01
   1.62604100000E-01   1.44301900000E-01   1.26507200000E-01   1.10124000000E-01
   9.61228000000E-02   7.49849900000E-02   6.06244300000E-02   5.04285200000E-02
   4.28704700000E-02   3.70706300000E-02   3.24974800000E-02   2.88138000000E-02
   2.57964600000E-02   2.32924100000E-02   2.11932800000E-02   1.79137300000E-02
   1.55296600000E-02   1.37798500000E-02   1.24917000000E-02   1.15444500000E-02
   1.08504400000E-02   1.03447100000E-02   9.97860900000E-03   9.71550200000E-03
   9.52778200000E-03   9.39462300000E-03   9.30032500000E-03   9.23306100000E-03
   9.18393400000E-03   9.14626800000E-03   9.11507300000E-03   9.08663600000E-03
   9.05822400000E-03   9.02784400000E-03   8.99407700000E-03   8.95593800000E-03
   8.91277800000E-03   8.86420800000E-03   8.81003500000E-03   8.75022000000E-03
   8.57672800000E-03   8.37197500000E-03   8.14110200000E-03   7.89011800000E-03
   7.35323500000E-03   6.81167900000E-03   6.31300900000E-03   5.90097000000E-03
   5.38900300000E-03   4.94684400000E-03   4.56186100000E-03   4.22422400000E-03
   3.92617400000E-03   3.66151500000E-03   0.00000000000E+00   1.00000000000E+00
   1.04238100000E+00   1.08476200000E+00   1.12714400000E+00   9.35028300000E-01
   6.51974300000E-01   2.94332600000E-01   3.29441900000E-01   3.25943700000E-01
   2.67642800000E-01   1.55509100000E-01   1.24758800000E-01   9.05556700000E-02
   6.42832500000E-02   4.87250700000E-02   1.98204200000E+00   4.80720300000E+00
   8.04157600000E+00   8.82470500000E+00   8.92050900000E+00   8.96844900000E+00
   8.98178000000E+00   8.96597400000E+00   9.01603400000E+00   9.04176200000E+00
   9.04399100000E+00   9.02290600000E+00   9.05999500000E+00   9.08868200000E+00
   9.10595600000E+00   9.19790400000E+00   1.00018300000E+01   1.08035900000E+01
   1.14749600000E+01   1.20010500000E+01   1.23126200000E+01   1.25639200000E+01
   1.27861900000E+01   1.29879300000E+01   1.33148000000E+01   1.36340000000E+01
   1.39264500000E+01   1.42365700000E+01   1.45205700000E+01   1.48347900000E+01
   1.54086200000E+01   1.59662900000E+01   1.66870900000E+01   1.74122900000E+01
   1.88632100000E+01   2.01240500000E+01   2.13398600000E+01   2.25706000000E+01
   2.37104200000E+01   2.49265000000E+01   2.61033500000E+01   2.72131100000E+01
   2.82978800000E+01   2.94045100000E+01   3.05691800000E+01   3.17209400000E+01
   3.28730900000E+01   3.39092300000E+01   3.50474900000E+01   3.61278300000E+01
   3.71880200000E+01   3.83303300000E+01   3.93857900000E+01   4.04203100000E+01
   4.15134200000E+01   4.25956500000E+01   4.37253700000E+01   4.47308400000E+01
   4.57212800000E+01   4.82917600000E+01   5.07429200000E+01   5.32186700000E+01
   5.58527400000E+01   6.10491500000E+01   6.59452600000E+01   7.11908000000E+01
   7.62226700000E+01   8.13879800000E+01   8.63142500000E+01   9.21644600000E+01
   9.67672900000E+01   1.01840700000E+02   1.07263400000E+02                   5
   0.00000000000E+00                   1                   1                  89
   0.00000000000E+00   1.71972000000E-05   4.94712000000E-05   1.08251600000E-04
   2.03184400000E-04   3.45856600000E-04   5.50558000000E-04   8.35323100000E-04
   1.22337400000E-03   1.74506800000E-03   2.44024000000E-03   3.35997900000E-03
   4.56452100000E-03   6.11013200000E-03   8.02272700000E-03   1.02969300000E-02
   1.29901100000E-02   1.63338100000E-02   2.07063300000E-02   2.65641900000E-02
   3.44586100000E-02   4.50993700000E-02   5.94099200000E-02   7.85445800000E-02
   1.03817000000E-01   1.36338300000E-01   1.75893500000E-01   2.18825900000E-01
   2.56464500000E-01   2.77885400000E-01   2.77542000000E-01   2.59527700000E-01
   2.33086600000E-01   2.06105200000E-01   1.82539200000E-01   1.62604100000E-01
   1.44301900000E-01   1.26507200000E-01   1.10124000000E-01   9.61228000000E-02
   7.49849900000E-02   6.06244300000E-02   5.04285200000E-02   4.28704700000E-02
   3.70706300000E-02   3.24974800000E-02   2.88138000000E-02   2.57964600000E-02
   2.32924100000E-02   2.11932800000E-02   1.79137300000E-02   1.55296600000E-02
   1.37798500000E-02   1.24917000000E-02   1.15444500000E-02   1.08504400000E-02
   1.03447100000E-02   9.97860900000E-03   9.71550200000E-03   9.52778200000E-03
   9.39462300000E-03   9.30032500000E-03   9.23306100000E-03   9.18393400000E-03
   9.14626800000E-03   9.11507300000E-03   9.08663600000E-03   9.05822400000E-03
   9.02784400000E-03   8.99407700000E-03   8.95593800000E-03   8.91277800000E-03
   8.86420800000E-03   8.81003500000E-03   8.75022000000E-03   8.57672800000E-03
   8.37197500000E-03   8.14110200000E-03   7.89011800000E-03   7.35323500000E-03
   6.81167900000E-03   6.31300900000E-03   5.90097000000E-03   5.38900300000E-03
   4.94684400000E-03   4.56186100000E-03   4.22422400000E-03   3.92617400000E-03
   3.66151500000E-03                   1                   1                 446
                 521                 596                 597                 598
                 599                 749                 750                 750
                 751                   2                   1               52636
               52727               52818               52819               52820
               52821               52997               52998               52998
               52999                   9                   1               66651
               66730               66809               66810               66811
               66812               66972               66973               66973
               66974                  31                   1              125179
              125245              125311              125312              125313
              125314              125448              125449              125449
              125450                  32                   1              172892
              172958              173024              173025              173026
              173027              173161              173162              173162
              173163                  33                   1              221018
              221071              221124              221125              221126
              221127              221239              221240              221240
              221241                  34                   1              262184
              262267              262350              262351              262352
              262353              262523              262524              262524
              262525                  17                  73   0.00000000000E+00
   1.16229600000E-03   1.98988100000E-02   2.58975200000E-02   3.37813400000E-02
   4.44002600000E-02   5.86828300000E-02   7.78023400000E-02   1.03077600000E-01
   1.35621600000E-01   1.75219200000E-01   2.18210000000E-01   2.55904000000E-01
   2.77355800000E-01   2.77003300000E-01   2.64358300000E-01   2.65794900000E-01
   2.59653600000E-01   2.47859800000E-01   2.32316200000E-01   2.12785900000E-01
   1.90917600000E-01   1.68785400000E-01   1.49482100000E-01   1.19064100000E-01
   9.78441900000E-02   8.22570400000E-02   7.05875100000E-02   6.14613300000E-02
   5.41412200000E-02   4.86655000000E-02   4.46767900000E-02   4.14415500000E-02
   3.87174900000E-02   3.41849100000E-02   3.07066600000E-02   2.81057500000E-02
   2.62351700000E-02   2.50239800000E-02   2.42624400000E-02   2.38213200000E-02
   2.36073800000E-02   2.35582300000E-02   2.36856500000E-02   2.39204400000E-02
   2.42262600000E-02   2.45872900000E-02   2.50675300000E-02   2.54230200000E-02
   2.59097400000E-02   2.63518400000E-02   2.67278200000E-02   2.71628600000E-02
   2.75602900000E-02   2.79389700000E-02   2.82853200000E-02   2.85802600000E-02
   2.88967400000E-02   2.92165100000E-02   2.96904200000E-02   2.99984100000E-02
   3.02941100000E-02   3.02691200000E-02   2.99582000000E-02   2.93752300000E-02
   2.87057300000E-02   2.82184300000E-02   2.69641600000E-02   2.58618400000E-02
   2.48008500000E-02   2.42189700000E-02   2.34075400000E-02   2.25544600000E-02
                  17                  73   0.00000000000E+00   1.78532100000E-03
   3.25609900000E-01   6.36181000000E-01   7.66056800000E-01   8.96161800000E-01
   1.02641200000E+00   1.15694900000E+00   1.22305100000E+00   1.28885100000E+00
   1.35428800000E+00   1.41933200000E+00   1.51997700000E+00   1.62018100000E+00
   1.71989800000E+00   1.85714700000E+00   2.11586000000E+00   2.37822000000E+00
   2.60710600000E+00   2.78930700000E+00   3.03199200000E+00   3.25977600000E+00
   3.46980200000E+00   3.68208800000E+00   4.09079000000E+00   4.49470200000E+00
   4.89353600000E+00   5.29382400000E+00   5.68667500000E+00   6.07218400000E+00
   6.41884300000E+00   6.85169100000E+00   7.24873200000E+00   7.65860200000E+00
   8.52494900000E+00   9.31663200000E+00   1.01091100000E+01   1.08741500000E+01
   1.17028900000E+01   1.25031600000E+01   1.33194700000E+01   1.41430400000E+01
   1.49661500000E+01   1.57944000000E+01   1.66513900000E+01   1.74966200000E+01
   1.83583700000E+01   1.92868600000E+01   2.01193400000E+01   2.10317800000E+01
   2.19239400000E+01   2.27809700000E+01   2.37135000000E+01   2.46435400000E+01
   2.55473200000E+01   2.64559800000E+01   2.73524900000E+01   2.83077900000E+01
   2.93077300000E+01   3.16385700000E+01   3.40455200000E+01   3.65064700000E+01
   3.88226300000E+01   4.35228800000E+01   4.84966200000E+01   5.32194800000E+01
   5.81614200000E+01   6.28592400000E+01   6.77712700000E+01   7.17117900000E+01
   7.69302900000E+01   8.16980200000E+01   8.61678700000E+01                   5
                  -1                   1                   6                   5
                   0                  73   1.00000000000E+00   8.96001600000E+00
   9.50000000000E+00   1.00000000000E+01   1.05000000000E+01   1.10000000000E+01
   1.15000000000E+01   1.20000000000E+01   1.25000000000E+01   1.30000000000E+01
   1.35000000000E+01   1.40000000000E+01   1.45000000000E+01   1.50000000000E+01
   1.55000000000E+01   1.60000000000E+01   1.65000000000E+01   1.70000000000E+01
   1.75000000000E+01   1.80000000000E+01   1.85000000000E+01   1.90000000000E+01
   1.95000000000E+01   2.00000000000E+01   2.10000000000E+01   2.20000000000E+01
   2.30000000000E+01   2.40000000000E+01   2.50000000000E+01   2.60000000000E+01
   2.70000000000E+01   2.80000000000E+01   2.90000000000E+01   3.00000000000E+01
   3.20000000000E+01   3.40000000000E+01   3.60000000000E+01   3.80000000000E+01
   4.00000000000E+01   4.20000000000E+01   4.40000000000E+01   4.60000000000E+01
   4.80000000000E+01   5.00000000000E+01   5.20000000000E+01   5.40000000000E+01
   5.60000000000E+01   5.80000000000E+01   6.00000000000E+01   6.20000000000E+01
   6.40000000000E+01   6.60000000000E+01   6.80000000000E+01   7.00000000000E+01
   7.20000000000E+01   7.40000000000E+01   7.60000000000E+01   7.80000000000E+01
   8.00000000000E+01   8.50000000000E+01   9.00000000000E+01   9.50000000000E+01
   1.00000000000E+02   1.10000000000E+02   1.20000000000E+02   1.30000000000E+02
   1.40000000000E+02   1.50000000000E+02   1.60000000000E+02   1.70000000000E+02
   1.80000000000E+02   1.90000000000E+02   2.00000000000E+02   0.00000000000E+00
   0.00000000000E+00   9.61001300000E-01   9.74903400000E-01   9.80345400000E-01
   9.84498500000E-01   9.87761500000E-01   9.90550100000E-01   9.92877900000E-01
   9.94743200000E-01   9.96166400000E-01   9.97185400000E-01   9.97814500000E-01
   9.98094200000E-01   9.98059000000E-01   1.01861300000E+00   1.14032700000E+00
   1.25981100000E+00   1.35784400000E+00   1.42872300000E+00   1.47458800000E+00
   1.50914400000E+00   1.53268500000E+00   1.55511600000E+00   1.58783900000E+00
   1.61394000000E+00   1.63116100000E+00   1.64653000000E+00   1.65795200000E+00
   1.66601300000E+00   1.68896500000E+00   1.73189600000E+00   1.77918700000E+00
   1.82687600000E+00   1.90830800000E+00   1.97729100000E+00   2.03962700000E+00
   2.10020800000E+00   2.16762000000E+00   2.23607900000E+00   2.30275400000E+00
   2.36579900000E+00   2.42480800000E+00   2.48595600000E+00   2.54618400000E+00
   2.60488300000E+00   2.66296200000E+00   2.72949800000E+00   2.77960600000E+00
   2.84251600000E+00   2.90006600000E+00   2.95066900000E+00   3.00878700000E+00
   3.06427100000E+00   3.11960300000E+00   3.17356900000E+00   3.22423200000E+00
   3.27998000000E+00   3.33894600000E+00   3.46174200000E+00   3.58319400000E+00
   3.72113100000E+00   3.83633300000E+00   4.07415200000E+00   4.31248000000E+00
   4.54707600000E+00   4.78199900000E+00   5.00355300000E+00   5.22794700000E+00
   5.43656400000E+00   5.73335400000E+00   5.96192100000E+00   6.15987100000E+00
                   0                   1                   0                   4
                  10                   0                   2   1.00000000000E+00
   2.00000000000E+02   1.00000000000E+00   1.00000000000E+00                   0
                  31   1.00000000000E+00   8.96001600000E+00   1.00000000000E+01
   1.20000000000E+01   1.40000000000E+01   1.60000000000E+01   1.80000000000E+01
   2.00000000000E+01   2.20000000000E+01   2.40000000000E+01   2.60000000000E+01
   2.80000000000E+01   3.00000000000E+01   3.20000000000E+01   3.60000000000E+01
   4.00000000000E+01   4.40000000000E+01   4.80000000000E+01   5.00000000000E+01
   5.20000000000E+01   5.60000000000E+01   6.00000000000E+01   7.00000000000E+01
   8.00000000000E+01   9.00000000000E+01   1.00000000000E+02   1.20000000000E+02
   1.40000000000E+02   1.60000000000E+02   1.80000000000E+02   2.00000000000E+02
                  74                  85                  96                 134
                 424                 998                1748                2597
                3534                4537                5787                7089
                8443                9836               11268               12765
               14537               16354               18216               20093
               21985               23907               25859               28122
               30419               33024               35667               38630
               41898               45212               48549                   2
                   3   0.00000000000E+00   5.00000000000E-07   1.00000000000E-06
   0.00000000000E+00   2.00000000000E+06   0.00000000000E+00   0.00000000000E+00
   5.00000000000E-01   1.00000000000E+00                   2                   3
   0.00000000000E+00   5.00000000000E-07   1.00000000000E-06   0.00000000000E+00
   2.00000000000E+06   0.00000000000E+00   0.00000000000E+00   5.00000000000E-01
   1.00000000000E+00                   2                  12   0.00000000000E+00
   2.50000000000E-02   1.00000000000E-01   2.00000000000E-01   3.00000000000E-01
   4.00000000000E-01   5.00000000000E-01   6.00000000000E-01   7.00000000000E-01
   8.00000000000E-01   9.00000000000E-01   1.00000000000E+00   0.00000000000E+00
   1.08965000000E-01   4.33068200000E-01   3.34429400000E-01   3.29869800000E-01
   8.17277600000E-01   1.71188000000E-01   2.80622100000E+00   1.06079500000E+00
   2.24827700000E+00   1.15463500000E+00   1.28778100000E+00   0.00000000000E+00
   1.36206244000E-03   2.16883065000E-02   6.00631846000E-02   9.32781431000E-02
   1.50635510000E-01   2.00058788000E-01   3.48929231000E-01   5.42280022000E-01
   7.07733614000E-01   8.77879206000E-01   1.00000000000E+00                   2
                  32   0.00000000000E+00   2.50000000000E-02   1.00000000000E-01
   2.00000000000E-01   3.00000000000E-01   4.00000000000E-01   5.00000000000E-01
   6.00000000000E-01   7.00000000000E-01   8.00000000000E-01   9.00000000000E-01
   1.00000000000E+00   1.10000000000E+00   1.20000000000E+00   1.30000000000E+00
   1.40000000000E+00   1.50000000000E+00   1.60000000000E+00   1.70000000000E+00
   1.80000000000E+00   1.90000000000E+00   2.00000000000E+00   2.10000000000E+00
   2.20000000000E+00   2.30000000000E+00   2.40000000000E+00   2.50000000000E+00
   2.60000000000E+00   2.70000000000E+00   2.80000000000E+00   2.90000000000E+00
   3.00000000000E+00   0.00000000000E+00   7.26116000000E-02   2.81769000000E-01
   4.34931300000E-01   5.17123100000E-01   5.57331300000E-01   5.72959200000E-01
   5.73779700000E-01   5.65139100000E-01   5.50052300000E-01   5.30280700000E-01
   5.06986400000E-01   4.81053800000E-01   4.53235800000E-01   4.24215200000E-01
   3.94616600000E-01   3.64998700000E-01   3.35843000000E-01   3.07543200000E-01
   2.80404100000E-01   2.54643100000E-01   2.30398300000E-01   2.07738900000E-01
   1.03388700000E-01   8.43853400000E-02   1.39822900000E-01   2.90057100000E-02
   3.09899200000E-01   1.03601000000E-01   2.35885700000E-01   1.08520900000E-01
   1.18726100000E-01   0.00000000000E+00   9.07645002000E-04   1.41969175000E-02
   5.00319326000E-02   9.76346527000E-02   1.51357373000E-01   2.07871898000E-01
   2.65208843000E-01   3.22154783000E-01   3.77914353000E-01   4.31931004000E-01
   4.83794359000E-01   5.33196369000E-01   5.79910849000E-01   6.23783399000E-01
   6.64724989000E-01   7.02705754000E-01   7.37747839000E-01   7.69917149000E-01
   7.99314515000E-01   8.26066875000E-01   8.50318945000E-01   8.72225805000E-01
   8.87782185000E-01   8.97170887000E-01   9.08381299000E-01   9.16822729000E-01
   9.33767975000E-01   9.54442985000E-01   9.71417320000E-01   9.88637650000E-01
   1.00000000000E+00                   0                   0                   0
                   0                   0                   0                   0
                   0                   0                   0                   0
                   0                   0                   0                   0
                   0                   0                   0                   0
                   0                   0                   0                   0
                   0                   0                   0                   0
                   0                   0                   0                   0
                   0                   0                   0                   0
                   0                   0                   0                   0
                   0                   0                   0                   0
                   0                   0                   0                   0
                   0                   0                   0                   0
                   0                   0                   0                   0
                   0                   0                   0                   0
                   0                   0                   0                   0
                   0                   0                   0                   0
                   0                   0                   0                   0
                   0                   0                   0                   0
                   0                   0                   0                   0
                   0                   0                   0                   0
                   0                   0                   0                   0
                   0                   0                   0                   0
                   0                   0                   0                   0
                   0                   0                   0                   0
                   0                   0                   0                   0
                   0                   0                   0                   0
                   0                   0                   0                   0
                   0                   0                   0                   0
                   0                   0                   0                   0
                   0                   0                   0                   0
                   0                   0                   0                   0
                   0                   0                   0                   0
                   0
