 21045.00u   44.569710  0.0000E+00   02/26/20
Ace Sc45 IAEA-PD                                                         mat2125
      0         0.      0         0.      0         0.      0         0.
      0         0.      0         0.      0         0.      0         0.
      0         0.      0         0.      0         0.      0         0.
      0         0.      0         0.      0         0.      0         0.
   300007    21045       89        1        7        2       12        0
        0        0        0        0        0        0        0        1
        1       90       90        0      179      268      269      270
      271      362      446        0        0        0        0        0
        0        0        0        0        0        0        0        0
        0        0        0        0        0        0        0        0
   9.99999000000E-01   1.00000000000E+00   1.50000000000E+00   2.00000000000E+00
   2.50000000000E+00   3.00000000000E+00   3.50000000000E+00   4.00000000000E+00
   4.50000000000E+00   5.00000000000E+00   5.50000000000E+00   6.00000000000E+00
   6.50000000000E+00   7.00000000000E+00   7.50000000000E+00   8.00000000000E+00
   8.50000000000E+00   9.00000000000E+00   9.50000000000E+00   1.00000000000E+01
   1.05000000000E+01   1.10000000000E+01   1.15000000000E+01   1.20000000000E+01
   1.25000000000E+01   1.30000000000E+01   1.35000000000E+01   1.40000000000E+01
   1.45000000000E+01   1.50000000000E+01   1.55000000000E+01   1.60000000000E+01
   1.65000000000E+01   1.70000000000E+01   1.75000000000E+01   1.80000000000E+01
   1.85000000000E+01   1.90000000000E+01   1.95000000000E+01   2.00000000000E+01
   2.10000000000E+01   2.20000000000E+01   2.30000000000E+01   2.40000000000E+01
   2.50000000000E+01   2.60000000000E+01   2.70000000000E+01   2.80000000000E+01
   2.90000000000E+01   3.00000000000E+01   3.20000000000E+01   3.40000000000E+01
   3.60000000000E+01   3.80000000000E+01   4.00000000000E+01   4.20000000000E+01
   4.40000000000E+01   4.60000000000E+01   4.80000000000E+01   5.00000000000E+01
   5.20000000000E+01   5.40000000000E+01   5.60000000000E+01   5.80000000000E+01
   6.00000000000E+01   6.20000000000E+01   6.40000000000E+01   6.60000000000E+01
   6.80000000000E+01   7.00000000000E+01   7.20000000000E+01   7.40000000000E+01
   7.60000000000E+01   7.80000000000E+01   8.00000000000E+01   8.50000000000E+01
   9.00000000000E+01   9.50000000000E+01   1.00000000000E+02   1.10000000000E+02
   1.20000000000E+02   1.30000000000E+02   1.40000000000E+02   1.50000000000E+02
   1.60000000000E+02   1.70000000000E+02   1.80000000000E+02   1.90000000000E+02
   2.00000000000E+02   0.00000000000E+00   2.98976200000E-06   7.65918200000E-06
   1.53814700000E-05   2.69950700000E-05   4.34899500000E-05   6.60558400000E-05
   9.61473200000E-05   1.35576400000E-04   1.86648800000E-04   2.52359300000E-04
   3.36661100000E-04   4.44831900000E-04   5.83976600000E-04   7.63739700000E-04
   9.97297200000E-04   1.30261200000E-03   1.70348800000E-03   2.22850200000E-03
   2.90239900000E-03   3.72122900000E-03   4.61896900000E-03   5.49337100000E-03
   6.33964800000E-03   7.32260800000E-03   8.67884800000E-03   1.06334000000E-02
   1.34032800000E-02   1.71947400000E-02   2.20983300000E-02   2.78157100000E-02
   3.33517400000E-02   3.72948300000E-02   3.90318700000E-02   3.94673500000E-02
   4.01142300000E-02   4.18179100000E-02   4.40567800000E-02   4.50731000000E-02
   4.35504100000E-02   3.65338500000E-02   3.18589600000E-02   2.97522700000E-02
   2.73151200000E-02   2.35586000000E-02   1.94554800000E-02   1.59054900000E-02
   1.31365200000E-02   1.10476900000E-02   9.47482100000E-03   7.35371900000E-03
   6.05498000000E-03   5.21887500000E-03   4.66056800000E-03   4.27853200000E-03
   4.01317200000E-03   3.82742900000E-03   3.69713700000E-03   3.60592600000E-03
   3.54237300000E-03   3.49832700000E-03   3.46787600000E-03   3.44668700000E-03
   3.43155800000E-03   3.42011900000E-03   3.41061300000E-03   3.40174400000E-03
   3.39256400000E-03   3.38238900000E-03   3.37073200000E-03   3.35726600000E-03
   3.34177600000E-03   3.32414200000E-03   3.30431000000E-03   3.28228300000E-03
   3.21796000000E-03   3.14163700000E-03   3.05533400000E-03   2.96136600000E-03
   2.76011000000E-03   2.55694500000E-03   2.36979900000E-03   2.21512500000E-03
   2.02295300000E-03   1.85697200000E-03   1.71244700000E-03   1.58569300000E-03
   1.47379800000E-03   1.37443800000E-03   0.00000000000E+00   1.00000000000E+00
   9.89694900000E-01   9.79390700000E-01   9.69086400000E-01   9.58782100000E-01
   6.86389600000E-01   3.56681400000E-01   3.39306300000E-01   3.29575200000E-01
   3.24123800000E-01   3.19031900000E-01   3.17024800000E-01   3.09790700000E-01
   2.95910700000E-01   3.27280400000E-01   1.35092200000E+00   2.79789900000E+00
   4.42812400000E+00   6.01686400000E+00   7.73842700000E+00   8.86631600000E+00
   1.00362800000E+01   1.10380600000E+01   1.11303700000E+01   1.12326900000E+01
   1.12632100000E+01   1.13297700000E+01   1.13808600000E+01   1.14138700000E+01
   1.14361300000E+01   1.14451800000E+01   1.14873300000E+01   1.15235200000E+01
   1.15226700000E+01   1.15413800000E+01   1.15897400000E+01   1.16363700000E+01
   1.17985700000E+01   1.20860900000E+01   1.32556400000E+01   1.43422700000E+01
   1.54784400000E+01   1.63946400000E+01   1.71689300000E+01   1.79053800000E+01
   1.84888300000E+01   1.91310000000E+01   1.96848800000E+01   2.02661700000E+01
   2.14192700000E+01   2.27888800000E+01   2.40676600000E+01   2.53951800000E+01
   2.66748200000E+01   2.79295300000E+01   2.91654000000E+01   3.03185800000E+01
   3.15253100000E+01   3.27494000000E+01   3.40591100000E+01   3.53607700000E+01
   3.65983000000E+01   3.77600500000E+01   3.89165900000E+01   4.00363800000E+01
   4.13135400000E+01   4.25031200000E+01   4.36625600000E+01   4.48026100000E+01
   4.60318100000E+01   4.71612900000E+01   4.82950200000E+01   4.95451100000E+01
   5.05637200000E+01   5.35154500000E+01   5.62557900000E+01   5.90632300000E+01
   6.18870200000E+01   6.86061000000E+01   7.76686000000E+01   8.40182300000E+01
   9.02559300000E+01   9.66461000000E+01   1.03032800000E+02   1.14283400000E+02
   1.21023900000E+02   1.27818900000E+02   1.34602300000E+02                   5
   0.00000000000E+00                   1                   1                  89
   0.00000000000E+00   2.98976200000E-06   7.65918200000E-06   1.53814700000E-05
   2.69950700000E-05   4.34899500000E-05   6.60558400000E-05   9.61473200000E-05
   1.35576400000E-04   1.86648800000E-04   2.52359300000E-04   3.36661100000E-04
   4.44831900000E-04   5.83976600000E-04   7.63739700000E-04   9.97297200000E-04
   1.30261200000E-03   1.70348800000E-03   2.22850200000E-03   2.90239900000E-03
   3.72122900000E-03   4.61896900000E-03   5.49337100000E-03   6.33964800000E-03
   7.32260800000E-03   8.67884800000E-03   1.06334000000E-02   1.34032800000E-02
   1.71947400000E-02   2.20983300000E-02   2.78157100000E-02   3.33517400000E-02
   3.72948300000E-02   3.90318700000E-02   3.94673500000E-02   4.01142300000E-02
   4.18179100000E-02   4.40567800000E-02   4.50731000000E-02   4.35504100000E-02
   3.65338500000E-02   3.18589600000E-02   2.97522700000E-02   2.73151200000E-02
   2.35586000000E-02   1.94554800000E-02   1.59054900000E-02   1.31365200000E-02
   1.10476900000E-02   9.47482100000E-03   7.35371900000E-03   6.05498000000E-03
   5.21887500000E-03   4.66056800000E-03   4.27853200000E-03   4.01317200000E-03
   3.82742900000E-03   3.69713700000E-03   3.60592600000E-03   3.54237300000E-03
   3.49832700000E-03   3.46787600000E-03   3.44668700000E-03   3.43155800000E-03
   3.42011900000E-03   3.41061300000E-03   3.40174400000E-03   3.39256400000E-03
   3.38238900000E-03   3.37073200000E-03   3.35726600000E-03   3.34177600000E-03
   3.32414200000E-03   3.30431000000E-03   3.28228300000E-03   3.21796000000E-03
   3.14163700000E-03   3.05533400000E-03   2.96136600000E-03   2.76011000000E-03
   2.55694500000E-03   2.36979900000E-03   2.21512500000E-03   2.02295300000E-03
   1.85697200000E-03   1.71244700000E-03   1.58569300000E-03   1.47379800000E-03
   1.37443800000E-03                   1                   1                 446
                 516                 586                 587                 588
                 589                 731                 732                 732
                 733                   2                   1               49510
               49601               49692               49693               49694
               49695               49869               49870               49870
               49871                   9                   1               63535
               63614               63693               63694               63695
               63696               63854               63855               63855
               63856                  31                   1              119765
              119826              119887              119888              119889
              119890              120012              120013              120013
              120014                  32                   1              163655
              163713              163771              163772              163773
              163774              163890              163891              163891
              163892                  33                   1              205857
              205909              205961              205962              205963
              205964              206068              206069              206069
              206070                  34                   1              243274
              243351              243428              243429              243430
              243431              243585              243586              243586
              243587                  22                  68   0.00000000000E+00
   6.42627700000E-04   4.62729500000E-03   5.91333200000E-03   7.19067100000E-03
   8.88306300000E-03   1.11857800000E-02   1.43126600000E-02   1.83448100000E-02
   2.30055600000E-02   2.75254600000E-02   3.08613800000E-02   3.23221000000E-02
   3.31825900000E-02   3.38385100000E-02   3.53672300000E-02   3.73807700000E-02
   3.82392000000E-02   3.69727400000E-02   3.10340200000E-02   2.82563700000E-02
   2.77426000000E-02   2.68342000000E-02   2.41408500000E-02   2.06262500000E-02
   1.73145300000E-02   1.45182500000E-02   1.23556000000E-02   1.06541100000E-02
   8.39768200000E-03   7.13934200000E-03   6.40724900000E-03   5.94424700000E-03
   5.65155100000E-03   5.43279900000E-03   5.32995900000E-03   5.26661600000E-03
   5.24306700000E-03   5.24960200000E-03   5.30056400000E-03   5.35168200000E-03
   5.43918200000E-03   5.49721200000E-03   5.56770700000E-03   5.67686000000E-03
   5.73804500000E-03   5.81656100000E-03   5.90230600000E-03   5.97985400000E-03
   6.03082500000E-03   6.10093000000E-03   6.15491200000E-03   6.17432500000E-03
   6.24712700000E-03   6.29516600000E-03   6.34067800000E-03   6.35724600000E-03
   6.33390300000E-03   6.66398800000E-03   6.49634300000E-03   6.29731700000E-03
   6.13844600000E-03   5.83987500000E-03   5.55828700000E-03   5.30589000000E-03
   5.55208400000E-03   5.32564900000E-03   5.12672900000E-03                  22
                  68   0.00000000000E+00   8.42013700000E-03   2.04577000000E-01
   4.58597900000E-01   7.08807500000E-01   9.54947200000E-01   1.19401700000E+00
   1.33264000000E+00   1.47039800000E+00   1.60577500000E+00   1.74287500000E+00
   1.83925100000E+00   1.93239800000E+00   2.05517600000E+00   2.15553600000E+00
   2.28364400000E+00   2.41390700000E+00   2.53655700000E+00   2.66127600000E+00
   2.87712200000E+00   3.22774700000E+00   3.56795300000E+00   3.94289200000E+00
   4.33884700000E+00   4.72292000000E+00   5.10427800000E+00   5.44076000000E+00
   5.80038400000E+00   6.12811900000E+00   6.77029900000E+00   7.38332100000E+00
   8.09692400000E+00   8.79663000000E+00   9.50893400000E+00   1.01877800000E+01
   1.09351700000E+01   1.16753900000E+01   1.24167200000E+01   1.31660000000E+01
   1.39167500000E+01   1.46313700000E+01   1.54293600000E+01   1.62135200000E+01
   1.70361000000E+01   1.79130300000E+01   1.86544600000E+01   1.94702900000E+01
   2.03352000000E+01   2.12007200000E+01   2.19756200000E+01   2.28508400000E+01
   2.36993800000E+01   2.44456900000E+01   2.54386100000E+01   2.75160800000E+01
   2.98011700000E+01   3.20016200000E+01   3.42101600000E+01   3.76069500000E+01
   3.85104800000E+01   4.21374700000E+01   4.58808800000E+01   4.95217400000E+01
   5.31364400000E+01   5.18994000000E+01   5.51397900000E+01   5.82916100000E+01
   6.16005800000E+01                   5                  -1                   1
                   6                   5                   0                  69
   1.00000000000E+00   1.13272300000E+01   1.15000000000E+01   1.20000000000E+01
   1.25000000000E+01   1.30000000000E+01   1.35000000000E+01   1.40000000000E+01
   1.45000000000E+01   1.50000000000E+01   1.55000000000E+01   1.60000000000E+01
   1.65000000000E+01   1.70000000000E+01   1.75000000000E+01   1.80000000000E+01
   1.85000000000E+01   1.90000000000E+01   1.95000000000E+01   2.00000000000E+01
   2.10000000000E+01   2.20000000000E+01   2.30000000000E+01   2.40000000000E+01
   2.50000000000E+01   2.60000000000E+01   2.70000000000E+01   2.80000000000E+01
   2.90000000000E+01   3.00000000000E+01   3.20000000000E+01   3.40000000000E+01
   3.60000000000E+01   3.80000000000E+01   4.00000000000E+01   4.20000000000E+01
   4.40000000000E+01   4.60000000000E+01   4.80000000000E+01   5.00000000000E+01
   5.20000000000E+01   5.40000000000E+01   5.60000000000E+01   5.80000000000E+01
   6.00000000000E+01   6.20000000000E+01   6.40000000000E+01   6.60000000000E+01
   6.80000000000E+01   7.00000000000E+01   7.20000000000E+01   7.40000000000E+01
   7.60000000000E+01   7.80000000000E+01   8.00000000000E+01   8.50000000000E+01
   9.00000000000E+01   9.50000000000E+01   1.00000000000E+02   1.10000000000E+02
   1.20000000000E+02   1.30000000000E+02   1.40000000000E+02   1.50000000000E+02
   1.60000000000E+02   1.70000000000E+02   1.80000000000E+02   1.90000000000E+02
   2.00000000000E+02   0.00000000000E+00   0.00000000000E+00   1.16982400000E-01
   7.29897800000E-01   8.07544500000E-01   8.28528300000E-01   8.35392500000E-01
   8.34555400000E-01   8.32386000000E-01   8.30144600000E-01   8.27070700000E-01
   8.25308100000E-01   8.27497500000E-01   8.28095100000E-01   8.40760500000E-01
   8.43553800000E-01   8.45743600000E-01   8.48468000000E-01   8.48381900000E-01
   8.48964200000E-01   8.49459300000E-01   8.86920700000E-01   9.32453200000E-01
   9.82393600000E-01   1.02471500000E+00   1.06017700000E+00   1.08858800000E+00
   1.10518200000E+00   1.11838800000E+00   1.12446600000E+00   1.14196400000E+00
   1.17908600000E+00   1.22770700000E+00   1.27543400000E+00   1.32090900000E+00
   1.35374200000E+00   1.39256900000E+00   1.42451200000E+00   1.45401400000E+00
   1.48194500000E+00   1.51517100000E+00   1.54321600000E+00   1.57809000000E+00
   1.60195800000E+00   1.62792800000E+00   1.66446900000E+00   1.68679500000E+00
   1.71450300000E+00   1.74501100000E+00   1.77405200000E+00   1.79635000000E+00
   1.82565500000E+00   1.85157900000E+00   1.86856700000E+00   1.90328700000E+00
   1.95626000000E+00   2.01827200000E+00   2.08070400000E+00   2.13884500000E+00
   2.41439200000E+00   2.54066600000E+00   2.65732100000E+00   2.77115100000E+00
   2.88680700000E+00   2.99319900000E+00   3.09842600000E+00   3.50136100000E+00
   3.61355400000E+00   3.73005500000E+00                   0                   1
                   0                   4                  10                   0
                   2   1.00000000000E+00   2.00000000000E+02   1.00000000000E+00
   1.00000000000E+00                   0                  30   1.00000000000E+00
   1.13272300000E+01   1.20000000000E+01   1.40000000000E+01   1.60000000000E+01
   1.80000000000E+01   2.00000000000E+01   2.20000000000E+01   2.40000000000E+01
   2.60000000000E+01   2.80000000000E+01   3.00000000000E+01   3.20000000000E+01
   3.60000000000E+01   4.00000000000E+01   4.40000000000E+01   4.80000000000E+01
   5.00000000000E+01   5.20000000000E+01   5.60000000000E+01   6.00000000000E+01
   7.00000000000E+01   8.00000000000E+01   9.00000000000E+01   1.00000000000E+02
   1.20000000000E+02   1.40000000000E+02   1.60000000000E+02   1.80000000000E+02
   2.00000000000E+02                  72                 107                 142
                 243                 564                1072                1828
                2701                3678                4733                5866
                7051                8288                9577               10944
               12596               14293               16050               17822
               19609               21441               23303               25481
               27710               30239               32806               35706
               38928               42173               45464                   2
                   3   0.00000000000E+00   5.00000000000E-07   1.00000000000E-06
   0.00000000000E+00   2.00000000000E+06   0.00000000000E+00   0.00000000000E+00
   5.00000000000E-01   1.00000000000E+00                   0                   0
                   0                   0                   0                   0
                   0                   0                   0                   0
                   0                   0                   0                   0
                   0                   0                   0                   0
                   0                   0                   0                   0
                   0                   0                   2                   3
   0.00000000000E+00   5.00000000000E-07   1.00000000000E-06   0.00000000000E+00
   2.00000000000E+06   0.00000000000E+00   0.00000000000E+00   5.00000000000E-01
   1.00000000000E+00                   0                   0                   0
                   0                   0                   0                   0
                   0                   0                   0                   0
                   0                   0                   0                   0
                   0                   0                   0                   0
                   0                   0                   0                   0
                   0                   2                   9   0.00000000000E+00
   2.50000000000E-02   1.00000000000E-01   2.00000000000E-01   3.00000000000E-01
   4.00000000000E-01   5.00000000000E-01   6.00000000000E-01   7.00000000000E-01
   0.00000000000E+00   6.35842300000E-01   2.54336800000E+00   1.34662700000E+00
   3.94165300000E+00   1.23579400000E+00   2.25894000000E-02   2.20879600000E-01
   1.37817800000E+00   0.00000000000E+00   7.94802863000E-03   1.27168413000E-01
   3.21668160000E-01   5.86082156000E-01   8.44954502000E-01   9.07873671000E-01
   9.20047121000E-01   1.00000000000E+00                   0                   0
                   0                   0                   0                   0
                   0                   0                   0                   0
                   0                   0                   0                   0
                   0                   0                   0                   0
                   0                   0                   0                   0
                   0                   0                   0                   0
                   0                   0                   0                   0
                   0                   0                   0                   0
                   0                   0                   0                   0
                   0                   0                   0                   0
                   0                   0                   0                   0
                   0                   0                   0                   0
                   0                   0                   0                   0
                   0                   0                   0                   0
                   0                   0                   0                   0
                   0                   0                   0                   0
                   0                   0                   0                   0
                   0                   0                   2   2.90000000000E+01
   0.00000000000E+00                   0                   0                   0
                   0                   0                   1                   1
                   1                   1                   1                   1
   1.10000000000E+00   1.20000000000E+00                   1                   1
   1.50000000000E+00                   2   1.70000000000E+00   1.80000000000E+00
   1.90000000000E+00   2.00000000000E+00   2.10000000000E+00   2.20000000000E+00
   2.30000000000E+00   2.40000000000E+00   2.50000000000E+00   2.60000000000E+00
   2.70000000000E+00   0.00000000000E+00   4.09101500000E-02   1.63587100000E-01
   2.09308900000E-01   2.39159200000E-01   2.61491200000E-01   2.79603800000E-01
   2.95152300000E-01   4.06042000000E-01   2.30776900000E-01   4.92521800000E-01
   4.23774100000E-01   6.36619100000E-01   3.90043900000E-01   3.19826200000E-01
   1.98032900000E-01   6.34995300000E-01   8.04422000000E-01   7.17289200000E-01
   2.89833900000E-01   5.66968300000E-01   4.17285300000E-01                   0
