 62147.00u  145.652800  0.0000E+00   05/27/20
Ace Sm147 IAEA-PD                                                        mat6234
      0         0.      0         0.      0         0.      0         0.
      0         0.      0         0.      0         0.      0         0.
      0         0.      0         0.      0         0.      0         0.
      0         0.      0         0.      0         0.      0         0.
   372852    62147       89        1        7        2       12        0
        0        0        0        0        0        0        0        1
        1       90       90        0      179      268      269      270
      271      362      446        0        0        0        0        0
        0        0        0        0        0        0        0        0
        0        0        0        0        0        0        0        0
   9.99999000000E-01   1.00000000000E+00   1.50000000000E+00   2.00000000000E+00
   2.50000000000E+00   3.00000000000E+00   3.50000000000E+00   4.00000000000E+00
   4.50000000000E+00   5.00000000000E+00   5.50000000000E+00   6.00000000000E+00
   6.50000000000E+00   7.00000000000E+00   7.50000000000E+00   8.00000000000E+00
   8.50000000000E+00   9.00000000000E+00   9.50000000000E+00   1.00000000000E+01
   1.05000000000E+01   1.10000000000E+01   1.15000000000E+01   1.20000000000E+01
   1.25000000000E+01   1.30000000000E+01   1.35000000000E+01   1.40000000000E+01
   1.45000000000E+01   1.50000000000E+01   1.55000000000E+01   1.60000000000E+01
   1.65000000000E+01   1.70000000000E+01   1.75000000000E+01   1.80000000000E+01
   1.85000000000E+01   1.90000000000E+01   1.95000000000E+01   2.00000000000E+01
   2.10000000000E+01   2.20000000000E+01   2.30000000000E+01   2.40000000000E+01
   2.50000000000E+01   2.60000000000E+01   2.70000000000E+01   2.80000000000E+01
   2.90000000000E+01   3.00000000000E+01   3.20000000000E+01   3.40000000000E+01
   3.60000000000E+01   3.80000000000E+01   4.00000000000E+01   4.20000000000E+01
   4.40000000000E+01   4.60000000000E+01   4.80000000000E+01   5.00000000000E+01
   5.20000000000E+01   5.40000000000E+01   5.60000000000E+01   5.80000000000E+01
   6.00000000000E+01   6.20000000000E+01   6.40000000000E+01   6.60000000000E+01
   6.80000000000E+01   7.00000000000E+01   7.20000000000E+01   7.40000000000E+01
   7.60000000000E+01   7.80000000000E+01   8.00000000000E+01   8.50000000000E+01
   9.00000000000E+01   9.50000000000E+01   1.00000000000E+02   1.10000000000E+02
   1.20000000000E+02   1.30000000000E+02   1.40000000000E+02   1.50000000000E+02
   1.60000000000E+02   1.70000000000E+02   1.80000000000E+02   1.90000000000E+02
   2.00000000000E+02   0.00000000000E+00   2.52175900000E-05   7.26565300000E-05
   1.59492400000E-04   3.00775200000E-04   5.15192200000E-04   8.26642200000E-04
   1.26645700000E-03   1.87652200000E-03   2.71340700000E-03   3.85281900000E-03
   5.39117700000E-03   7.43691700000E-03   1.00895100000E-02   1.34510700000E-02
   1.77526200000E-02   2.34982600000E-02   3.13861700000E-02   4.19607900000E-02
   5.49733400000E-02   6.89491600000E-02   8.26226500000E-02   9.73825300000E-02
   1.16886400000E-01   1.45118700000E-01   1.85261400000E-01   2.37668900000E-01
   2.95487300000E-01   3.42646700000E-01   3.63366400000E-01   3.54395800000E-01
   3.23941000000E-01   2.83754300000E-01   2.43092800000E-01   2.06781300000E-01
   1.76278200000E-01   1.51339800000E-01   1.31125600000E-01   1.14720000000E-01
   1.01321200000E-01   8.08646600000E-02   6.64114000000E-02   5.58177400000E-02
   4.77998200000E-02   4.15650000000E-02   3.66068100000E-02   3.25908400000E-02
   2.92893300000E-02   2.65427600000E-02   2.42364100000E-02   2.06268100000E-02
   1.79980000000E-02   1.60655300000E-02   1.46410000000E-02   1.35925200000E-02
   1.28241900000E-02   1.22647300000E-02   1.18605200000E-02   1.15710300000E-02
   1.13655500000E-02   1.12208400000E-02   1.11192800000E-02   1.10475800000E-02
   1.09957000000E-02   1.09561000000E-02   1.09231300000E-02   1.08926000000E-02
   1.08614200000E-02   1.08273400000E-02   1.07887600000E-02   1.07446000000E-02
   1.06941400000E-02   1.06369600000E-02   1.05728800000E-02   1.05018700000E-02
   1.02950900000E-02   1.00503000000E-02   9.77381300000E-03   9.47296900000E-03
   8.82895900000E-03   8.17903700000E-03   7.58045600000E-03   7.08581700000E-03
   6.47112300000E-03   5.94022500000E-03   5.47796700000E-03   5.07255000000E-03
   4.71466200000E-03   4.39686500000E-03   0.00000000000E+00   1.00000000000E+00
   5.09089100000E-01   1.81789200000E-02   9.78766800000E-02   1.70420700000E-01
   2.01627100000E-01   1.77100300000E-01   1.65962700000E-01   1.28862400000E-01
   7.90913300000E-02   2.60186700000E-02   1.52084300000E+00   2.97355300000E+00
   5.14090800000E+00   5.79885800000E+00   5.98132900000E+00   5.89432300000E+00
   5.99612600000E+00   6.09628300000E+00   6.15389200000E+00   6.19899200000E+00
   6.24927500000E+00   6.30529000000E+00   6.33835600000E+00   6.36785000000E+00
   6.38857100000E+00   6.39592700000E+00   6.52497300000E+00   6.85491900000E+00
   7.96009800000E+00   9.19724400000E+00   1.02843200000E+01   1.11260300000E+01
   1.17739400000E+01   1.23225100000E+01   1.27073700000E+01   1.30426700000E+01
   1.33185700000E+01   1.35519300000E+01   1.38311100000E+01   1.40097800000E+01
   1.42963800000E+01   1.47597100000E+01   1.56569700000E+01   1.64458800000E+01
   1.73082300000E+01   1.81080400000E+01   1.86712100000E+01   1.92931700000E+01
   1.99777600000E+01   2.06173300000E+01   2.14066600000E+01   2.28824100000E+01
   2.45322900000E+01   2.61912100000E+01   2.76548100000E+01   2.88698000000E+01
   3.00199300000E+01   3.12064800000E+01   3.24506000000E+01   3.37170100000E+01
   3.49345600000E+01   3.60697700000E+01   3.72399700000E+01   3.84426000000E+01
   3.97001800000E+01   4.09686700000E+01   4.22373900000E+01   4.34335300000E+01
   4.47131700000E+01   4.59061200000E+01   4.71199200000E+01   4.83275000000E+01
   4.94227700000E+01   5.24797300000E+01   5.54244100000E+01   5.84583100000E+01
   6.13005400000E+01   6.73591000000E+01   7.31829800000E+01   7.92170800000E+01
   8.50981400000E+01   9.14816900000E+01   9.72964900000E+01   1.03527900000E+02
   1.09617300000E+02   1.15828100000E+02   1.21922200000E+02                   5
   0.00000000000E+00                   1                   1                  89
   0.00000000000E+00   2.52175900000E-05   7.26565300000E-05   1.59492400000E-04
   3.00775200000E-04   5.15192200000E-04   8.26642200000E-04   1.26645700000E-03
   1.87652200000E-03   2.71340700000E-03   3.85281900000E-03   5.39117700000E-03
   7.43691700000E-03   1.00895100000E-02   1.34510700000E-02   1.77526200000E-02
   2.34982600000E-02   3.13861700000E-02   4.19607900000E-02   5.49733400000E-02
   6.89491600000E-02   8.26226500000E-02   9.73825300000E-02   1.16886400000E-01
   1.45118700000E-01   1.85261400000E-01   2.37668900000E-01   2.95487300000E-01
   3.42646700000E-01   3.63366400000E-01   3.54395800000E-01   3.23941000000E-01
   2.83754300000E-01   2.43092800000E-01   2.06781300000E-01   1.76278200000E-01
   1.51339800000E-01   1.31125600000E-01   1.14720000000E-01   1.01321200000E-01
   8.08646600000E-02   6.64114000000E-02   5.58177400000E-02   4.77998200000E-02
   4.15650000000E-02   3.66068100000E-02   3.25908400000E-02   2.92893300000E-02
   2.65427600000E-02   2.42364100000E-02   2.06268100000E-02   1.79980000000E-02
   1.60655300000E-02   1.46410000000E-02   1.35925200000E-02   1.28241900000E-02
   1.22647300000E-02   1.18605200000E-02   1.15710300000E-02   1.13655500000E-02
   1.12208400000E-02   1.11192800000E-02   1.10475800000E-02   1.09957000000E-02
   1.09561000000E-02   1.09231300000E-02   1.08926000000E-02   1.08614200000E-02
   1.08273400000E-02   1.07887600000E-02   1.07446000000E-02   1.06941400000E-02
   1.06369600000E-02   1.05728800000E-02   1.05018700000E-02   1.02950900000E-02
   1.00503000000E-02   9.77381300000E-03   9.47296900000E-03   8.82895900000E-03
   8.17903700000E-03   7.58045600000E-03   7.08581700000E-03   6.47112300000E-03
   5.94022500000E-03   5.47796700000E-03   5.07255000000E-03   4.71466200000E-03
   4.39686500000E-03                   1                   1                 446
                 528                 610                 611                 612
                 613                 777                 778                 778
                 779                   2                   1               61569
               61660               61751               61752               61753
               61754               61932               61933               61933
               61934                   9                   1               76685
               76764               76843               76844               76845
               76846               77010               77011               77011
               77012                  31                   1              136195
              136265              136335              136336              136337
              136338              136486              136487              136487
              136488                  32                   1              190459
              190525              190591              190592              190593
              190594              190730              190731              190731
              190732                  33                   1              240420
              240489              240558              240559              240560
              240561              240711              240712              240712
              240713                  34                   1              295728
              295819              295910              295911              295912
              295913              296093              296094              296094
              296095                  10                  80   0.00000000000E+00
   0.00000000000E+00   3.30445200000E-39   8.60718300000E-04   2.33552500000E-03
   9.73205900000E-03   1.60927300000E-02   2.15597000000E-02   2.93614700000E-02
   3.96209900000E-02   5.22844100000E-02   6.60843500000E-02   7.99121400000E-02
   9.49986700000E-02   1.14831600000E-01   1.43331600000E-01   1.83674900000E-01
   2.36237200000E-01   2.94198500000E-01   3.41510100000E-01   3.74479200000E-01
   4.18482600000E-01   4.33900200000E-01   4.12367900000E-01   3.76987800000E-01
   3.38139100000E-01   2.99747200000E-01   2.65311200000E-01   2.34813600000E-01
   2.08388400000E-01   1.85989100000E-01   1.50251300000E-01   1.24149600000E-01
   1.05640300000E-01   9.32978400000E-02   8.46057200000E-02   7.87731000000E-02
   7.37539800000E-02   6.88428100000E-02   6.41974900000E-02   5.97044800000E-02
   5.17179900000E-02   4.54606300000E-02   4.11404300000E-02   3.85638200000E-02
   3.72693000000E-02   3.65316700000E-02   3.59272700000E-02   3.54871600000E-02
   3.52830400000E-02   3.54084700000E-02   3.57638200000E-02   3.62227600000E-02
   3.68186300000E-02   3.73163100000E-02   3.78245700000E-02   3.83394500000E-02
   3.88893800000E-02   3.94976300000E-02   4.00586900000E-02   4.06246100000E-02
   4.10792000000E-02   4.14902300000E-02   4.18212300000E-02   4.21362100000E-02
   4.25262700000E-02   4.31036800000E-02   4.35426800000E-02   4.35497100000E-02
   4.34798600000E-02   4.27633500000E-02   4.16881500000E-02   4.05042300000E-02
   3.96064100000E-02   3.77207300000E-02   3.63460100000E-02   3.48176100000E-02
   3.34649400000E-02   3.21497900000E-02   3.09829500000E-02                  10
                  80   0.00000000000E+00   0.00000000000E+00   5.76644600000E-38
   2.77808800000E-02   8.93502500000E-02   3.84876000000E-01   6.14525100000E-01
   7.12707800000E-01   8.19183500000E-01   9.20210900000E-01   1.02092900000E+00
   1.03092800000E+00   1.04244600000E+00   1.05355200000E+00   1.06315000000E+00
   1.10071800000E+00   1.13688900000E+00   1.17187500000E+00   1.20596100000E+00
   1.21700500000E+00   1.26851100000E+00   1.46503500000E+00   1.67495900000E+00
   1.86805200000E+00   2.04761100000E+00   2.21624500000E+00   2.36397400000E+00
   2.50403200000E+00   2.62612100000E+00   2.73313600000E+00   2.83193300000E+00
   3.07821600000E+00   3.30999500000E+00   3.54779400000E+00   3.86175800000E+00
   4.14824300000E+00   4.51326900000E+00   4.87588300000E+00   5.19869500000E+00
   5.52325800000E+00   5.80243700000E+00   6.42410600000E+00   6.97877000000E+00
   7.58938700000E+00   8.16693700000E+00   8.87708100000E+00   9.58839600000E+00
   1.02359500000E+01   1.09079300000E+01   1.15779800000E+01   1.22615200000E+01
   1.29679300000E+01   1.36747800000E+01   1.44201100000E+01   1.51400000000E+01
   1.58655800000E+01   1.65633500000E+01   1.72887200000E+01   1.80584100000E+01
   1.88292700000E+01   1.96283600000E+01   2.03757600000E+01   2.11295300000E+01
   2.18714400000E+01   2.26348400000E+01   2.34714200000E+01   2.53585000000E+01
   2.73692000000E+01   2.92701600000E+01   3.13072500000E+01   3.50808200000E+01
   3.90666700000E+01   4.28299200000E+01   4.67660200000E+01   5.01762500000E+01
   5.41443600000E+01   5.77102200000E+01   6.14229100000E+01   6.49640800000E+01
   6.86562700000E+01                   5                  -1                   1
                   6                   5                   0                  80
   1.00000000000E+00   5.50000000000E+00   6.00000000000E+00   6.50000000000E+00
   7.00000000000E+00   7.50000000000E+00   8.00000000000E+00   8.50000000000E+00
   9.00000000000E+00   9.50000000000E+00   1.00000000000E+01   1.05000000000E+01
   1.10000000000E+01   1.15000000000E+01   1.20000000000E+01   1.25000000000E+01
   1.30000000000E+01   1.35000000000E+01   1.40000000000E+01   1.45000000000E+01
   1.50000000000E+01   1.55000000000E+01   1.60000000000E+01   1.65000000000E+01
   1.70000000000E+01   1.75000000000E+01   1.80000000000E+01   1.85000000000E+01
   1.90000000000E+01   1.95000000000E+01   2.00000000000E+01   2.10000000000E+01
   2.20000000000E+01   2.30000000000E+01   2.40000000000E+01   2.50000000000E+01
   2.60000000000E+01   2.70000000000E+01   2.80000000000E+01   2.90000000000E+01
   3.00000000000E+01   3.20000000000E+01   3.40000000000E+01   3.60000000000E+01
   3.80000000000E+01   4.00000000000E+01   4.20000000000E+01   4.40000000000E+01
   4.60000000000E+01   4.80000000000E+01   5.00000000000E+01   5.20000000000E+01
   5.40000000000E+01   5.60000000000E+01   5.80000000000E+01   6.00000000000E+01
   6.20000000000E+01   6.40000000000E+01   6.60000000000E+01   6.80000000000E+01
   7.00000000000E+01   7.20000000000E+01   7.40000000000E+01   7.60000000000E+01
   7.80000000000E+01   8.00000000000E+01   8.50000000000E+01   9.00000000000E+01
   9.50000000000E+01   1.00000000000E+02   1.10000000000E+02   1.20000000000E+02
   1.30000000000E+02   1.40000000000E+02   1.50000000000E+02   1.60000000000E+02
   1.70000000000E+02   1.80000000000E+02   1.90000000000E+02   2.00000000000E+02
   0.00000000000E+00   0.00000000000E+00   6.12937000000E-37   1.15735900000E-01
   2.31480500000E-01   7.23515600000E-01   9.06498900000E-01   9.17502000000E-01
   9.35490700000E-01   9.44238400000E-01   9.51086700000E-01   9.58450400000E-01
   9.67194100000E-01   9.75520700000E-01   9.82420500000E-01   9.87685300000E-01
   9.91436400000E-01   9.93976100000E-01   9.95638400000E-01   9.96682900000E-01
   1.03058300000E+00   1.18083400000E+00   1.33944200000E+00   1.45325700000E+00
   1.55079800000E+00   1.63525000000E+00   1.70042100000E+00   1.75308300000E+00
   1.79075300000E+00   1.81649600000E+00   1.83563900000E+00   1.85805900000E+00
   1.86940200000E+00   1.89259400000E+00   1.95184500000E+00   2.03550400000E+00
   2.15187000000E+00   2.26302800000E+00   2.35044000000E+00   2.41864400000E+00
   2.46342100000E+00   2.50731900000E+00   2.52587100000E+00   2.56078900000E+00
   2.63396100000E+00   2.74189800000E+00   2.84865300000E+00   2.92931600000E+00
   2.99204100000E+00   3.04925700000E+00   3.11542100000E+00   3.18726800000E+00
   3.25765300000E+00   3.33273300000E+00   3.39371800000E+00   3.45237500000E+00
   3.50993300000E+00   3.57025700000E+00   3.63650700000E+00   3.69977200000E+00
   3.76545700000E+00   3.82324100000E+00   3.87971600000E+00   3.93169000000E+00
   3.98531100000E+00   4.04940000000E+00   4.18681900000E+00   4.33247600000E+00
   4.45575400000E+00   4.58988700000E+00   4.84353300000E+00   5.09695100000E+00
   5.34324500000E+00   5.58953300000E+00   5.82908600000E+00   6.11862500000E+00
   6.35593600000E+00   6.59726200000E+00   6.81910800000E+00   7.04660000000E+00
                   0                   1                   0                   4
                  10                   0                   2   1.00000000000E+00
   2.00000000000E+02   1.00000000000E+00   1.00000000000E+00                   0
                  32   1.00000000000E+00   6.00000000000E+00   8.00000000000E+00
   1.00000000000E+01   1.20000000000E+01   1.40000000000E+01   1.60000000000E+01
   1.80000000000E+01   2.00000000000E+01   2.20000000000E+01   2.40000000000E+01
   2.60000000000E+01   2.80000000000E+01   3.00000000000E+01   3.20000000000E+01
   3.60000000000E+01   4.00000000000E+01   4.40000000000E+01   4.80000000000E+01
   5.00000000000E+01   5.20000000000E+01   5.60000000000E+01   6.00000000000E+01
   7.00000000000E+01   8.00000000000E+01   9.00000000000E+01   1.00000000000E+02
   1.20000000000E+02   1.40000000000E+02   1.60000000000E+02   1.80000000000E+02
   2.00000000000E+02                  76                  87                 158
                 289                 858                1773                2908
                4175                5497                6852                8479
               10132               11824               13529               15247
               16991               18748               20820               22907
               25009               27111               29228               31345
               33477               35927               38394               41170
               43965               47075               50481               53910
               57339                   2                   3   0.00000000000E+00
   5.00000000000E-07   1.00000000000E-06   0.00000000000E+00   2.00000000000E+06
   0.00000000000E+00   0.00000000000E+00   5.00000000000E-01   1.00000000000E+00
                   2                  23   0.00000000000E+00   2.50000000000E-02
   1.00000000000E-01   2.00000000000E-01   3.00000000000E-01   4.00000000000E-01
   5.00000000000E-01   6.00000000000E-01   7.00000000000E-01   8.00000000000E-01
   9.00000000000E-01   1.00000000000E+00   1.10000000000E+00   1.20000000000E+00
   1.30000000000E+00   1.40000000000E+00   1.50000000000E+00   1.60000000000E+00
   1.70000000000E+00   1.80000000000E+00   1.90000000000E+00   2.00000000000E+00
   2.10000000000E+00   0.00000000000E+00   2.42258600000E+00   9.69034300000E+00
   3.03048600000E-01   6.51341800000E-03   9.44315000000E-05   8.43166000000E-07
   5.03133000000E-09   1.74513000000E-11   1.00000000000E-12   1.00000000000E-12
   1.00000000000E-12   1.00000000000E-12   1.00000000000E-12   0.00000000000E+00
   0.00000000000E+00   0.00000000000E+00   0.00000000000E+00   0.00000000000E+00
   0.00000000000E+00   0.00000000000E+00   0.00000000000E+00   0.00000000000E+00
   0.00000000000E+00   3.02823237000E-02   4.84517142000E-01   9.84186701000E-01
   9.99664801000E-01   9.99995194000E-01   9.99999957000E-01   1.00000000000E+00
   1.00000000000E+00   1.00000000000E+00   1.00000000000E+00   1.00000000000E+00
   1.00000000000E+00   1.00000000000E+00   1.00000000000E+00   1.00000000000E+00
   1.00000000000E+00   1.00000000000E+00   1.00000000000E+00   1.00000000000E+00
   1.00000000000E+00   1.00000000000E+00   1.00000000000E+00                   2
                  43   0.00000000000E+00   2.50000000000E-02   1.00000000000E-01
   2.00000000000E-01   3.00000000000E-01   4.00000000000E-01   5.00000000000E-01
   6.00000000000E-01   7.00000000000E-01   8.00000000000E-01   9.00000000000E-01
   1.00000000000E+00   1.10000000000E+00   1.20000000000E+00   1.30000000000E+00
   1.40000000000E+00   1.50000000000E+00   1.60000000000E+00   1.70000000000E+00
   1.80000000000E+00   1.90000000000E+00   2.00000000000E+00   2.10000000000E+00
   2.20000000000E+00   2.30000000000E+00   2.40000000000E+00   2.50000000000E+00
   2.60000000000E+00   2.70000000000E+00   2.80000000000E+00   2.90000000000E+00
   3.00000000000E+00   3.10000000000E+00   3.20000000000E+00   3.30000000000E+00
   3.40000000000E+00   3.50000000000E+00   3.60000000000E+00   3.70000000000E+00
   3.80000000000E+00   3.90000000000E+00   4.00000000000E+00   4.10000000000E+00
   0.00000000000E+00   5.15826200000E-02   2.03798700000E-01   2.42572000000E-03
   4.52751300000E+00   2.02100800000E-03   1.71377900000E-03   1.45454500000E-03
   1.21516600000E-03   9.68757000000E-04   4.42669000000E+00   3.59057000000E-04
   2.28331000000E-04   1.36373000000E-04   7.30332000000E-05   3.24971000000E-05
   6.21554000000E-06   7.37837000000E-07   8.31046600000E-01   0.00000000000E+00
   0.00000000000E+00   0.00000000000E+00   0.00000000000E+00   0.00000000000E+00
   0.00000000000E+00   0.00000000000E+00   0.00000000000E+00   0.00000000000E+00
   0.00000000000E+00   0.00000000000E+00   0.00000000000E+00   0.00000000000E+00
   0.00000000000E+00   0.00000000000E+00   0.00000000000E+00   0.00000000000E+00
   0.00000000000E+00   0.00000000000E+00   0.00000000000E+00   0.00000000000E+00
   0.00000000000E+00   0.00000000000E+00   0.00000000000E+00   0.00000000000E+00
   6.44782751000E-04   1.02215823000E-02   2.05328033000E-02   2.47029739000E-01
   4.73506440000E-01   4.73693179000E-01   4.73851596000E-01   4.73985081000E-01
   4.74094277000E-01   6.95477215000E-01   9.16829668000E-01   9.16859038000E-01
   9.16877273000E-01   9.16887743000E-01   9.16893020000E-01   9.16894955000E-01
   9.16895303000E-01   9.58447670000E-01   1.00000000000E+00   1.00000000000E+00
   1.00000000000E+00   1.00000000000E+00   1.00000000000E+00   1.00000000000E+00
   1.00000000000E+00   1.00000000000E+00   1.00000000000E+00   1.00000000000E+00
   1.00000000000E+00   1.00000000000E+00   1.00000000000E+00   1.00000000000E+00
   1.00000000000E+00   1.00000000000E+00   1.00000000000E+00   1.00000000000E+00
   1.00000000000E+00   1.00000000000E+00   1.00000000000E+00   1.00000000000E+00
   1.00000000000E+00   1.00000000000E+00                   2                  63
   0.00000000000E+00   2.50000000000E-02   1.00000000000E-01   2.00000000000E-01
   3.00000000000E-01   4.00000000000E-01   5.00000000000E-01   6.00000000000E-01
   7.00000000000E-01   8.00000000000E-01   9.00000000000E-01   1.00000000000E+00
   1.10000000000E+00   1.20000000000E+00   1.30000000000E+00   1.40000000000E+00
   1.50000000000E+00   1.60000000000E+00   1.70000000000E+00   1.80000000000E+00
   1.90000000000E+00   2.00000000000E+00   2.10000000000E+00   2.20000000000E+00
   2.30000000000E+00   2.40000000000E+00   2.50000000000E+00   2.60000000000E+00
   2.70000000000E+00   2.80000000000E+00   2.90000000000E+00   3.00000000000E+00
   3.10000000000E+00   3.20000000000E+00   3.30000000000E+00   3.40000000000E+00
   3.50000000000E+00   3.60000000000E+00   3.70000000000E+00   3.80000000000E+00
   3.90000000000E+00   4.00000000000E+00   4.10000000000E+00   4.20000000000E+00
   4.30000000000E+00   4.40000000000E+00   4.50000000000E+00   4.60000000000E+00
   4.70000000000E+00   4.80000000000E+00   4.90000000000E+00   5.00000000000E+00
   5.10000000000E+00   5.20000000000E+00   5.30000000000E+00   5.40000000000E+00
   5.50000000000E+00   5.60000000000E+00   5.70000000000E+00   5.80000000000E+00
   5.90000000000E+00   6.00000000000E+00   6.10000000000E+00   0.00000000000E+00
   1.01533000000E-01   3.89524500000E-01   4.41526000000E-01   4.74608400000E-01
   5.07234500000E-01   5.37568600000E-01   5.59137900000E-01   5.62218400000E-01
   5.50429400000E-01   2.73458000000E-01   7.62545200000E-01   1.44283200000E+00
   3.27836800000E-01   2.51099000000E-01   1.12169600000E+00   2.37263600000E-01
   1.90345200000E-01   1.49746600000E-03   1.79102300000E-01   8.48351000000E-04
   2.63663400000E-01   4.99018000000E-04   3.72813000000E-04   5.24298600000E-01
   1.99417000000E-04   1.47504000000E-04   1.04543000000E-04   7.10530000000E-05
   4.66144000000E-05   3.17365200000E-01   1.95265000000E-05   1.15291000000E-05
   6.23860000000E-06   2.97485000000E-06   1.16300000000E-06   3.17499000000E-07
   3.63405000000E-08   8.03426000000E-02   0.00000000000E+00   0.00000000000E+00
   0.00000000000E+00   0.00000000000E+00   0.00000000000E+00   0.00000000000E+00
   0.00000000000E+00   0.00000000000E+00   0.00000000000E+00   0.00000000000E+00
   0.00000000000E+00   0.00000000000E+00   0.00000000000E+00   0.00000000000E+00
   0.00000000000E+00   0.00000000000E+00   0.00000000000E+00   0.00000000000E+00
   0.00000000000E+00   0.00000000000E+00   0.00000000000E+00   0.00000000000E+00
   0.00000000000E+00   0.00000000000E+00   0.00000000000E+00   1.26916249000E-03
   1.96838185000E-02   6.12363431000E-02   1.07043063000E-01   1.56135207000E-01
   2.08375362000E-01   2.63210686000E-01   3.19278500000E-01   3.74910890000E-01
   4.16105259000E-01   4.67905419000E-01   5.78174278000E-01   6.66707717000E-01
   6.95654507000E-01   7.64294256000E-01   8.32242235000E-01   8.53622675000E-01
   8.63214808000E-01   8.72244796000E-01   8.81242329000E-01   8.94467916000E-01
   9.07676037000E-01   9.07719629000E-01   9.33953199000E-01   9.60178100000E-01
   9.60195446000E-01   9.60208048000E-01   9.60216828000E-01   9.60222711000E-01
   9.76093302000E-01   9.91962538000E-01   9.91964091000E-01   9.91964979000E-01
   9.91965440000E-01   9.91965647000E-01   9.91965721000E-01   9.91965738000E-01
   9.95982870000E-01   1.00000000000E+00   1.00000000000E+00   1.00000000000E+00
   1.00000000000E+00   1.00000000000E+00   1.00000000000E+00   1.00000000000E+00
   1.00000000000E+00   1.00000000000E+00   1.00000000000E+00   1.00000000000E+00
   1.00000000000E+00   1.00000000000E+00   1.00000000000E+00   1.00000000000E+00
   1.00000000000E+00   1.00000000000E+00   1.00000000000E+00   1.00000000000E+00
   1.00000000000E+00   1.00000000000E+00   1.00000000000E+00   1.00000000000E+00
   1.00000000000E+00                   0                   0                   0
                   0                   0                   0                   0
                   0                   0                   0                   0
                   0                   0                   0                   0
                   0                   0                   0                   0
                   0                   0                   0                   0
                   0                   0                   0                   0
                   0                   0                   0                   0
                   0                   0                   0                   0
                   0                   0                   0                   0
                   0                   0                   0                   0
                   0                   0                   0                   0
                   0                   0                   0                   0
                   0                   0                   0                   0
                   0                   0                   0                   0
                   0                   0                   0                   0
                   0                   0                   0                   0
                   0                   0                   0                   0
                   0                   0                   0                   0
                   0                   0                   0                   0
                   0                   0                   0                   0
                   0                   0                   0                   0
                   0                   0                   0                   0
                   0                   0                   0                   0
                   0                   0                   0                   0
                   0                   0                   0                   0
                   0                   0                   0                   0
                   0                   0                   0                   0
                   0                   0                   0                   0
                   0                   0                   0                   0
                   0                   0                   0                   0
                   0                   0                   0                   0
                   0                   0                   0                   0
                   0                   0                   0
