 62144.00u  142.675700  0.0000E+00   02/26/20
Ace Sm144 IAEA-PD                                                        mat6225
      0         0.      0         0.      0         0.      0         0.
      0         0.      0         0.      0         0.      0         0.
      0         0.      0         0.      0         0.      0         0.
      0         0.      0         0.      0         0.      0         0.
   323608    62144       89        1        7        2       12        0
        0        0        0        0        0        0        0        1
        1       90       90        0      179      268      269      270
      271      362      446        0        0        0        0        0
        0        0        0        0        0        0        0        0
        0        0        0        0        0        0        0        0
   9.99999000000E-01   1.00000000000E+00   1.50000000000E+00   2.00000000000E+00
   2.50000000000E+00   3.00000000000E+00   3.50000000000E+00   4.00000000000E+00
   4.50000000000E+00   5.00000000000E+00   5.50000000000E+00   6.00000000000E+00
   6.50000000000E+00   7.00000000000E+00   7.50000000000E+00   8.00000000000E+00
   8.50000000000E+00   9.00000000000E+00   9.50000000000E+00   1.00000000000E+01
   1.05000000000E+01   1.10000000000E+01   1.15000000000E+01   1.20000000000E+01
   1.25000000000E+01   1.30000000000E+01   1.35000000000E+01   1.40000000000E+01
   1.45000000000E+01   1.50000000000E+01   1.55000000000E+01   1.60000000000E+01
   1.65000000000E+01   1.70000000000E+01   1.75000000000E+01   1.80000000000E+01
   1.85000000000E+01   1.90000000000E+01   1.95000000000E+01   2.00000000000E+01
   2.10000000000E+01   2.20000000000E+01   2.30000000000E+01   2.40000000000E+01
   2.50000000000E+01   2.60000000000E+01   2.70000000000E+01   2.80000000000E+01
   2.90000000000E+01   3.00000000000E+01   3.20000000000E+01   3.40000000000E+01
   3.60000000000E+01   3.80000000000E+01   4.00000000000E+01   4.20000000000E+01
   4.40000000000E+01   4.60000000000E+01   4.80000000000E+01   5.00000000000E+01
   5.20000000000E+01   5.40000000000E+01   5.60000000000E+01   5.80000000000E+01
   6.00000000000E+01   6.20000000000E+01   6.40000000000E+01   6.60000000000E+01
   6.80000000000E+01   7.00000000000E+01   7.20000000000E+01   7.40000000000E+01
   7.60000000000E+01   7.80000000000E+01   8.00000000000E+01   8.50000000000E+01
   9.00000000000E+01   9.50000000000E+01   1.00000000000E+02   1.10000000000E+02
   1.20000000000E+02   1.30000000000E+02   1.40000000000E+02   1.50000000000E+02
   1.60000000000E+02   1.70000000000E+02   1.80000000000E+02   1.90000000000E+02
   2.00000000000E+02   0.00000000000E+00   2.30565500000E-05   6.65278000000E-05
   1.46025100000E-04   2.75025600000E-04   4.69993000000E-04   7.51610000000E-04
   1.14648400000E-03   1.68949900000E-03   2.42684800000E-03   3.41912100000E-03
   4.74172400000E-03   6.47609500000E-03   8.68787200000E-03   1.14256400000E-02
   1.48198400000E-02   1.92393400000E-02   2.53472300000E-02   3.41627300000E-02
   4.73782400000E-02   6.81024900000E-02   1.01806600000E-01   1.52084500000E-01
   1.97113700000E-01   2.16743800000E-01   2.44561800000E-01   2.95731400000E-01
   3.60437500000E-01   4.14855700000E-01   4.32583700000E-01   4.07305700000E-01
   3.56188400000E-01   2.99715200000E-01   2.49114900000E-01   2.07584500000E-01
   1.74623300000E-01   1.48668500000E-01   1.28143800000E-01   1.11754800000E-01
   9.85118400000E-02   7.84748000000E-02   6.44039700000E-02   5.41122100000E-02
   4.63248300000E-02   4.02661700000E-02   3.54446600000E-02   3.15371300000E-02
   2.83239500000E-02   2.56513600000E-02   2.34086200000E-02   1.99053100000E-02
   1.73643500000E-02   1.55068400000E-02   1.41467600000E-02   1.31533400000E-02
   1.24315800000E-02   1.19110800000E-02   1.15391800000E-02   1.12763000000E-02
   1.10926500000E-02   1.09657900000E-02   1.08788400000E-02   1.08191300000E-02
   1.07771200000E-02   1.07457100000E-02   1.07195900000E-02   1.06948400000E-02
   1.06686000000E-02   1.06388100000E-02   1.06040100000E-02   1.05632200000E-02
   1.05158300000E-02   1.04614800000E-02   1.04000600000E-02   1.03315700000E-02
   1.01307500000E-02   9.89165100000E-03   9.62078400000E-03   9.32554100000E-03
   8.69264700000E-03   8.05336600000E-03   7.46434100000E-03   6.97750600000E-03
   6.37233900000E-03   5.84963300000E-03   5.39448400000E-03   4.99528700000E-03
   4.64288000000E-03   4.32994400000E-03   0.00000000000E+00   1.00000000000E+00
   9.97538000000E-01   9.95076500000E-01   9.92615100000E-01   9.90153700000E-01
   9.87692300000E-01   5.82545800000E-01   6.24065400000E-01   6.53454400000E-01
   6.70024900000E-01   6.55699700000E-01   6.16694200000E-01   5.34863200000E-01
   4.31244500000E-01   3.34259900000E-01   2.14861300000E-01   1.33940900000E-01
   1.00942400000E-01   1.20452700000E-01   2.63873900000E-01   6.40096800000E+00
   6.27275100000E+00   5.65555000000E+00   5.94474300000E+00   6.72193900000E+00
   7.77107600000E+00   8.79551000000E+00   9.37489500000E+00   9.77191700000E+00
   1.00545800000E+01   1.02612100000E+01   1.03670100000E+01   1.04392200000E+01
   1.04989100000E+01   1.05608100000E+01   1.06087900000E+01   1.06770800000E+01
   1.09279200000E+01   1.15272500000E+01   1.29023700000E+01   1.39107500000E+01
   1.46767700000E+01   1.54151600000E+01   1.61826900000E+01   1.68766700000E+01
   1.73816600000E+01   1.78452200000E+01   1.81249300000E+01   1.84081500000E+01
   1.91105300000E+01   2.11008600000E+01   2.31243100000E+01   2.48750100000E+01
   2.64704600000E+01   2.76285600000E+01   2.88045000000E+01   3.00512400000E+01
   3.12765700000E+01   3.26605200000E+01   3.40411200000E+01   3.52589600000E+01
   3.65479900000E+01   3.78441100000E+01   3.91900000000E+01   4.06126900000E+01
   4.19812500000E+01   4.32980300000E+01   4.45847900000E+01   4.58506300000E+01
   4.71588400000E+01   4.84443700000E+01   4.97231200000E+01   5.09582400000E+01
   5.22024500000E+01   5.52848000000E+01   5.83963700000E+01   6.15343800000E+01
   6.46128300000E+01   7.08921600000E+01   7.69671300000E+01   8.32474200000E+01
   8.93489800000E+01   9.56320000000E+01   1.01859100000E+02   1.08233500000E+02
   1.14611000000E+02   1.21070000000E+02   1.27464800000E+02                   5
   0.00000000000E+00                   1                   1                  89
   0.00000000000E+00   2.30565500000E-05   6.65278000000E-05   1.46025100000E-04
   2.75025600000E-04   4.69993000000E-04   7.51610000000E-04   1.14648400000E-03
   1.68949900000E-03   2.42684800000E-03   3.41912100000E-03   4.74172400000E-03
   6.47609500000E-03   8.68787200000E-03   1.14256400000E-02   1.48198400000E-02
   1.92393400000E-02   2.53472300000E-02   3.41627300000E-02   4.73782400000E-02
   6.81024900000E-02   1.01806600000E-01   1.52084500000E-01   1.97113700000E-01
   2.16743800000E-01   2.44561800000E-01   2.95731400000E-01   3.60437500000E-01
   4.14855700000E-01   4.32583700000E-01   4.07305700000E-01   3.56188400000E-01
   2.99715200000E-01   2.49114900000E-01   2.07584500000E-01   1.74623300000E-01
   1.48668500000E-01   1.28143800000E-01   1.11754800000E-01   9.85118400000E-02
   7.84748000000E-02   6.44039700000E-02   5.41122100000E-02   4.63248300000E-02
   4.02661700000E-02   3.54446600000E-02   3.15371300000E-02   2.83239500000E-02
   2.56513600000E-02   2.34086200000E-02   1.99053100000E-02   1.73643500000E-02
   1.55068400000E-02   1.41467600000E-02   1.31533400000E-02   1.24315800000E-02
   1.19110800000E-02   1.15391800000E-02   1.12763000000E-02   1.10926500000E-02
   1.09657900000E-02   1.08788400000E-02   1.08191300000E-02   1.07771200000E-02
   1.07457100000E-02   1.07195900000E-02   1.06948400000E-02   1.06686000000E-02
   1.06388100000E-02   1.06040100000E-02   1.05632200000E-02   1.05158300000E-02
   1.04614800000E-02   1.04000600000E-02   1.03315700000E-02   1.01307500000E-02
   9.89165100000E-03   9.62078400000E-03   9.32554100000E-03   8.69264700000E-03
   8.05336600000E-03   7.46434100000E-03   6.97750600000E-03   6.37233900000E-03
   5.84963300000E-03   5.39448400000E-03   4.99528700000E-03   4.64288000000E-03
   4.32994400000E-03                   1                   1                 446
                 517                 588                 589                 590
                 591                 735                 736                 736
                 737                   2                   1               50385
               50476               50567               50568               50569
               50570               50742               50743               50743
               50744                   9                   1               64411
               64491               64571               64572               64573
               64574               64736               64737               64737
               64738                  31                   1              121285
              121350              121415              121416              121417
              121418              121548              121549              121549
              121550                  32                   1              166705
              166764              166823              166824              166825
              166826              166948              166949              166949
              166950                  33                   1              209333
              209398              209463              209464              209465
              209466              209600              209601              209601
              209602                  34                   1              256830
              256921              257012              257013              257014
              257015              257187              257188              257188
              257189                  21                  69   0.00000000000E+00
   6.25141600000E-02   8.95638200000E-02   1.02263500000E-01   1.32648900000E-01
   1.64996400000E-01   2.18770200000E-01   2.93596300000E-01   3.62605800000E-01
   3.95661600000E-01   3.83316000000E-01   3.41139000000E-01   2.90260100000E-01
   2.42949000000E-01   2.03348300000E-01   1.71537300000E-01   1.46252000000E-01
   1.26143900000E-01   1.12901000000E-01   1.06907400000E-01   9.61010200000E-02
   8.65332400000E-02   7.72708800000E-02   6.91297100000E-02   6.29370700000E-02
   5.74615000000E-02   5.25627800000E-02   4.80375600000E-02   4.39710500000E-02
   4.03740600000E-02   3.48338700000E-02   3.24404100000E-02   3.09752700000E-02
   2.99543500000E-02   2.89990000000E-02   2.81570200000E-02   2.76626300000E-02
   2.74753800000E-02   2.75952300000E-02   2.80165400000E-02   2.85158500000E-02
   2.89476900000E-02   2.93541000000E-02   2.98598900000E-02   3.04165100000E-02
   3.10096000000E-02   3.16345300000E-02   3.22139100000E-02   3.27119800000E-02
   3.31472600000E-02   3.35269300000E-02   3.39064400000E-02   3.42466300000E-02
   3.45754200000E-02   3.48913300000E-02   3.54246800000E-02   3.57500800000E-02
   3.59165300000E-02   3.58816800000E-02   3.54585200000E-02   3.46845900000E-02
   3.38025500000E-02   3.31922500000E-02   3.17279300000E-02   3.03949800000E-02
   2.91924900000E-02   2.80660500000E-02   2.70250900000E-02   2.60846700000E-02
                  21                  69   0.00000000000E+00   2.52804400000E-01
   4.94852800000E-01   6.58298400000E-01   7.24543700000E-01   7.41374800000E-01
   7.50034100000E-01   7.56634800000E-01   8.37919000000E-01   9.04061300000E-01
   9.58222400000E-01   1.00368100000E+00   1.06980800000E+00   1.13261000000E+00
   1.19319500000E+00   1.25222200000E+00   1.29034200000E+00   1.32752600000E+00
   1.39969400000E+00   1.54361800000E+00   1.81503100000E+00   2.07164900000E+00
   2.33568300000E+00   2.58084100000E+00   2.80156600000E+00   3.00780200000E+00
   3.23641600000E+00   3.43999900000E+00   3.66917300000E+00   3.88529800000E+00
   4.33675800000E+00   4.88300000000E+00   5.49171300000E+00   6.10989900000E+00
   6.66228300000E+00   7.24374900000E+00   7.83701100000E+00   8.42391100000E+00
   9.05778100000E+00   9.69506300000E+00   1.03474400000E+01   1.10082100000E+01
   1.16527300000E+01   1.23081100000E+01   1.29914100000E+01   1.36754200000E+01
   1.43907000000E+01   1.51061800000E+01   1.58061800000E+01   1.64996000000E+01
   1.71768800000E+01   1.78801700000E+01   1.85905400000E+01   1.93238200000E+01
   2.00806400000E+01   2.18591200000E+01   2.36963600000E+01   2.55202600000E+01
   2.73779600000E+01   3.09444000000E+01   3.46984000000E+01   3.82214300000E+01
   4.19745500000E+01   4.54873000000E+01   4.90920400000E+01   5.25490300000E+01
   5.60340800000E+01   5.93832300000E+01   6.28378400000E+01                   5
                  -1                   1                   6                   5
                   0                  70   1.00000000000E+00   1.05197000000E+01
   1.10000000000E+01   1.15000000000E+01   1.20000000000E+01   1.25000000000E+01
   1.30000000000E+01   1.35000000000E+01   1.40000000000E+01   1.45000000000E+01
   1.50000000000E+01   1.55000000000E+01   1.60000000000E+01   1.65000000000E+01
   1.70000000000E+01   1.75000000000E+01   1.80000000000E+01   1.85000000000E+01
   1.90000000000E+01   1.95000000000E+01   2.00000000000E+01   2.10000000000E+01
   2.20000000000E+01   2.30000000000E+01   2.40000000000E+01   2.50000000000E+01
   2.60000000000E+01   2.70000000000E+01   2.80000000000E+01   2.90000000000E+01
   3.00000000000E+01   3.20000000000E+01   3.40000000000E+01   3.60000000000E+01
   3.80000000000E+01   4.00000000000E+01   4.20000000000E+01   4.40000000000E+01
   4.60000000000E+01   4.80000000000E+01   5.00000000000E+01   5.20000000000E+01
   5.40000000000E+01   5.60000000000E+01   5.80000000000E+01   6.00000000000E+01
   6.20000000000E+01   6.40000000000E+01   6.60000000000E+01   6.80000000000E+01
   7.00000000000E+01   7.20000000000E+01   7.40000000000E+01   7.60000000000E+01
   7.80000000000E+01   8.00000000000E+01   8.50000000000E+01   9.00000000000E+01
   9.50000000000E+01   1.00000000000E+02   1.10000000000E+02   1.20000000000E+02
   1.30000000000E+02   1.40000000000E+02   1.50000000000E+02   1.60000000000E+02
   1.70000000000E+02   1.80000000000E+02   1.90000000000E+02   2.00000000000E+02
   0.00000000000E+00   0.00000000000E+00   6.14048200000E-01   5.88908300000E-01
   5.18804600000E-01   6.12007800000E-01   6.74661400000E-01   7.39759800000E-01
   8.14555400000E-01   8.74052800000E-01   9.14647500000E-01   9.41101500000E-01
   9.57748800000E-01   9.68453100000E-01   9.75248800000E-01   9.79592900000E-01
   9.82327700000E-01   9.83745700000E-01   9.84393300000E-01   1.01025600000E+00
   1.08522400000E+00   1.22461000000E+00   1.34360100000E+00   1.42797500000E+00
   1.49228200000E+00   1.56302600000E+00   1.62116100000E+00   1.66669500000E+00
   1.69600500000E+00   1.71418000000E+00   1.72475200000E+00   1.74997900000E+00
   1.86821900000E+00   1.99752300000E+00   2.11740000000E+00   2.20468700000E+00
   2.26495900000E+00   2.32242800000E+00   2.38105100000E+00   2.44718800000E+00
   2.52568500000E+00   2.60043700000E+00   2.66091700000E+00   2.71316600000E+00
   2.77067400000E+00   2.83057200000E+00   2.89279700000E+00   2.95792500000E+00
   3.01950700000E+00   3.07477800000E+00   3.12591700000E+00   3.17393100000E+00
   3.22432400000E+00   3.27359300000E+00   3.32454000000E+00   3.37715700000E+00
   3.49674800000E+00   3.61416700000E+00   3.73322300000E+00   3.84767800000E+00
   4.07914000000E+00   4.30684400000E+00   4.52853800000E+00   4.75703600000E+00
   4.97900800000E+00   5.19604900000E+00   5.41154400000E+00   5.61850600000E+00
   5.82076000000E+00   6.02425100000E+00                   0                   1
                   0                   4                  10                   0
                   2   1.00000000000E+00   2.00000000000E+02   1.00000000000E+00
   1.00000000000E+00                   0                  30   1.00000000000E+00
   1.05197000000E+01   1.20000000000E+01   1.40000000000E+01   1.60000000000E+01
   1.80000000000E+01   2.00000000000E+01   2.20000000000E+01   2.40000000000E+01
   2.60000000000E+01   2.80000000000E+01   3.00000000000E+01   3.20000000000E+01
   3.60000000000E+01   4.00000000000E+01   4.40000000000E+01   4.80000000000E+01
   5.00000000000E+01   5.20000000000E+01   5.60000000000E+01   6.00000000000E+01
   7.00000000000E+01   8.00000000000E+01   9.00000000000E+01   1.00000000000E+02
   1.20000000000E+02   1.40000000000E+02   1.60000000000E+02   1.80000000000E+02
   2.00000000000E+02                  72                  95                 118
                 239                 574                1159                1865
                2670                3712                4832                6017
                7267                8556                9897               11303
               13000               14742               16529               18331
               20163               22025               23917               26129
               28392               30959               33564               36485
               39730               42998               46312                   2
                   3   0.00000000000E+00   5.00000000000E-07   1.00000000000E-06
   0.00000000000E+00   2.00000000000E+06   0.00000000000E+00   0.00000000000E+00
   5.00000000000E-01   1.00000000000E+00                   0                   0
                   0                   0                   0                   0
                   0                   0                   0                   0
                   0                   0                   2                   3
   0.00000000000E+00   5.00000000000E-07   1.00000000000E-06   0.00000000000E+00
   2.00000000000E+06   0.00000000000E+00   0.00000000000E+00   5.00000000000E-01
   1.00000000000E+00                   0                   0                   0
                   0                   0                   0                   0
                   0                   0                   0                   0
                   0                   2                  17   0.00000000000E+00
   2.50000000000E-02   1.00000000000E-01   2.00000000000E-01   3.00000000000E-01
   4.00000000000E-01   5.00000000000E-01   6.00000000000E-01   7.00000000000E-01
   8.00000000000E-01   9.00000000000E-01   1.00000000000E+00   1.10000000000E+00
   1.20000000000E+00   1.30000000000E+00   1.40000000000E+00   1.50000000000E+00
   0.00000000000E+00   2.23349900000E-02   8.93385700000E-02   1.88853300000E-01
   6.12805000000E-02   1.09963100000E+00   4.01284300000E-02   3.08790400000E-02
   3.69902700000E-02   1.58061500000E-02   1.02193100000E-02   5.98650800000E-03
   3.01741300000E-03   1.18178100000E-03   3.19061000000E-04   5.37365600000E+00
   6.08542600000E+00   0.00000000000E+00   2.79187403000E-04   4.46694595000E-03
   1.83765404000E-02   3.08832311000E-02   8.89288115000E-02   1.45916789000E-01
   1.49467163000E-01   1.52860628000E-01   1.55500450000E-01   1.56801723000E-01
   1.57612014000E-01   1.58062210000E-01   1.58272170000E-01   1.58347212000E-01
   4.27045942000E-01   1.00000000000E+00                   0                   0
                   0                   0                   0                   0
                   0                   0                   0                   0
                   0                   0                   0                   0
                   0                   0                   0                   0
                   0                   0                   0                   0
                   0                   0                   0                   0
                   0                   0                   0                   0
                   0                   0                   0                   0
                   0                   0                   0                   0
                   0                   0                   0                   0
                   0                   0                   0                   0
                   0                   0                   0                   0
                   0                   0                   0                   0
                   0                   0                   0                   0
                   0                   0                   0                   0
                   0                   0                   0                   0
                   0                   0                   2                  37
                   0                   0                   0                   0
                   0                   0                   1                   1
                   1                   1                   1   1.00000000000E+00
   1.10000000000E+00                   1                   1   1.40000000000E+00
                   2                   2   1.70000000000E+00   1.80000000000E+00
                   2                   2                   2                   2
                   2                   2                   3                   3
                   3                   3                   3   3.00000000000E+00
   3.10000000000E+00   3.20000000000E+00   3.30000000000E+00   3.40000000000E+00
   3.50000000000E+00                   0                   0                   1
                   1   6.91451500000E-01                   1                   1
   7.23321700000E-01                   1                   1                   1
                   1                   0                   0                   0
                   0                   0                   0                   0
                   1                   0                   0                   0
                   0                   0                   0                   0
                   0                   0                   0
