 62148.00u  146.644200  0.0000E+00   02/26/20
Ace Sm148 IAEA-PD                                                        mat6237
      0         0.      0         0.      0         0.      0         0.
      0         0.      0         0.      0         0.      0         0.
      0         0.      0         0.      0         0.      0         0.
      0         0.      0         0.      0         0.      0         0.
   361426    62148       89        1        7        2       12        0
        0        0        0        0        0        0        0        1
        1       90       90        0      179      268      269      270
      271      362      446        0        0        0        0        0
        0        0        0        0        0        0        0        0
        0        0        0        0        0        0        0        0
   9.99999000000E-01   1.00000000000E+00   1.50000000000E+00   2.00000000000E+00
   2.50000000000E+00   3.00000000000E+00   3.50000000000E+00   4.00000000000E+00
   4.50000000000E+00   5.00000000000E+00   5.50000000000E+00   6.00000000000E+00
   6.50000000000E+00   7.00000000000E+00   7.50000000000E+00   8.00000000000E+00
   8.50000000000E+00   9.00000000000E+00   9.50000000000E+00   1.00000000000E+01
   1.05000000000E+01   1.10000000000E+01   1.15000000000E+01   1.20000000000E+01
   1.25000000000E+01   1.30000000000E+01   1.35000000000E+01   1.40000000000E+01
   1.45000000000E+01   1.50000000000E+01   1.55000000000E+01   1.60000000000E+01
   1.65000000000E+01   1.70000000000E+01   1.75000000000E+01   1.80000000000E+01
   1.85000000000E+01   1.90000000000E+01   1.95000000000E+01   2.00000000000E+01
   2.10000000000E+01   2.20000000000E+01   2.30000000000E+01   2.40000000000E+01
   2.50000000000E+01   2.60000000000E+01   2.70000000000E+01   2.80000000000E+01
   2.90000000000E+01   3.00000000000E+01   3.20000000000E+01   3.40000000000E+01
   3.60000000000E+01   3.80000000000E+01   4.00000000000E+01   4.20000000000E+01
   4.40000000000E+01   4.60000000000E+01   4.80000000000E+01   5.00000000000E+01
   5.20000000000E+01   5.40000000000E+01   5.60000000000E+01   5.80000000000E+01
   6.00000000000E+01   6.20000000000E+01   6.40000000000E+01   6.60000000000E+01
   6.80000000000E+01   7.00000000000E+01   7.20000000000E+01   7.40000000000E+01
   7.60000000000E+01   7.80000000000E+01   8.00000000000E+01   8.50000000000E+01
   9.00000000000E+01   9.50000000000E+01   1.00000000000E+02   1.10000000000E+02
   1.20000000000E+02   1.30000000000E+02   1.40000000000E+02   1.50000000000E+02
   1.60000000000E+02   1.70000000000E+02   1.80000000000E+02   1.90000000000E+02
   2.00000000000E+02   0.00000000000E+00   2.64640200000E-05   7.63743800000E-05
   1.67843100000E-04   3.16789200000E-04   5.42987400000E-04   8.71742000000E-04
   1.33625400000E-03   1.98095000000E-03   2.86587800000E-03   4.07139900000E-03
   5.69961900000E-03   7.86430200000E-03   1.06663900000E-02   1.41988900000E-02
   1.86470800000E-02   2.43329300000E-02   3.14558200000E-02   3.98525300000E-02
   4.95151800000E-02   6.14466400000E-02   7.74893100000E-02   9.96899000000E-02
   1.30149600000E-01   1.70764700000E-01   2.21650900000E-01   2.77769400000E-01
   3.26217100000E-01   3.50715800000E-01   3.44106400000E-01   3.13964600000E-01
   2.73907000000E-01   2.34047900000E-01   1.99002300000E-01   1.69850400000E-01
   1.46131500000E-01   1.26933900000E-01   1.11344300000E-01   9.85898600000E-02
   8.80573500000E-02   7.16377000000E-02   5.97485000000E-02   5.08393600000E-02
   4.39656800000E-02   3.85320900000E-02   3.41505600000E-02   3.05601400000E-02
   2.75801600000E-02   2.50820800000E-02   2.29720500000E-02   1.96515100000E-02
   1.72260100000E-02   1.54458900000E-02   1.41406800000E-02   1.31881300000E-02
   1.24980100000E-02   1.20027000000E-02   1.16512600000E-02   1.14052200000E-02
   1.12355500000E-02   1.11203500000E-02   1.10431500000E-02   1.09915900000E-02
   1.09563800000E-02   1.09306200000E-02   1.09091600000E-02   1.08882100000E-02
   1.08650200000E-02   1.08376200000E-02   1.08046300000E-02   1.07651400000E-02
   1.07185800000E-02   1.06646600000E-02   1.06032900000E-02   1.05345300000E-02
   1.03317800000E-02   1.00893100000E-02   9.81398800000E-03   9.51349700000E-03
   8.86868100000E-03   8.21691400000E-03   7.61619800000E-03   7.11963100000E-03
   6.50223700000E-03   5.96894100000E-03   5.50455400000E-03   5.09724400000E-03
   4.73766600000E-03   4.41835700000E-03   0.00000000000E+00   1.00000000000E+00
   1.06657500000E+00   1.13315000000E+00   1.19972500000E+00   1.04666600000E+00
   7.68220200000E-01   3.77866300000E-01   4.02634800000E-01   3.95038200000E-01
   3.40857300000E-01   2.33996400000E-01   1.83057400000E-01   1.15625800000E-01
   4.72487700000E-02  -1.04158200000E-02   6.60891700000E+00   7.26794800000E+00
   7.40827300000E+00   8.00641800000E+00   8.08212900000E+00   8.10229500000E+00
   8.05349500000E+00   7.96405600000E+00   7.98933800000E+00   8.01876200000E+00
   8.05058300000E+00   8.07662600000E+00   8.31913800000E+00   9.08441400000E+00
   9.94871700000E+00   1.08466100000E+01   1.16908100000E+01   1.22004200000E+01
   1.26007800000E+01   1.30295000000E+01   1.31246200000E+01   1.32555500000E+01
   1.34025500000E+01   1.35507700000E+01   1.37571500000E+01   1.39314400000E+01
   1.40746200000E+01   1.42868000000E+01   1.55260500000E+01   1.68812900000E+01
   1.79977500000E+01   1.89617400000E+01   1.95831700000E+01   2.01476800000E+01
   2.11733400000E+01   2.25031700000E+01   2.37457400000E+01   2.50187800000E+01
   2.63447700000E+01   2.75975200000E+01   2.88957100000E+01   3.02669400000E+01
   3.16142700000E+01   3.29135000000E+01   3.41756800000E+01   3.54505000000E+01
   3.66711600000E+01   3.78219300000E+01   3.89202100000E+01   4.00900200000E+01
   4.12806000000E+01   4.24775100000E+01   4.36908400000E+01   4.48815000000E+01
   4.61182900000E+01   4.72963000000E+01   4.84712100000E+01   4.95762100000E+01
   5.07294700000E+01   5.35570400000E+01   5.63770100000E+01   5.92899500000E+01
   6.22379100000E+01   6.81381300000E+01   7.38227500000E+01   7.98132700000E+01
   8.55755700000E+01   9.18432700000E+01   9.74677300000E+01   1.03622900000E+02
   1.09587300000E+02   1.15686300000E+02   1.21810200000E+02                   5
   0.00000000000E+00                   1                   1                  89
   0.00000000000E+00   2.64640200000E-05   7.63743800000E-05   1.67843100000E-04
   3.16789200000E-04   5.42987400000E-04   8.71742000000E-04   1.33625400000E-03
   1.98095000000E-03   2.86587800000E-03   4.07139900000E-03   5.69961900000E-03
   7.86430200000E-03   1.06663900000E-02   1.41988900000E-02   1.86470800000E-02
   2.43329300000E-02   3.14558200000E-02   3.98525300000E-02   4.95151800000E-02
   6.14466400000E-02   7.74893100000E-02   9.96899000000E-02   1.30149600000E-01
   1.70764700000E-01   2.21650900000E-01   2.77769400000E-01   3.26217100000E-01
   3.50715800000E-01   3.44106400000E-01   3.13964600000E-01   2.73907000000E-01
   2.34047900000E-01   1.99002300000E-01   1.69850400000E-01   1.46131500000E-01
   1.26933900000E-01   1.11344300000E-01   9.85898600000E-02   8.80573500000E-02
   7.16377000000E-02   5.97485000000E-02   5.08393600000E-02   4.39656800000E-02
   3.85320900000E-02   3.41505600000E-02   3.05601400000E-02   2.75801600000E-02
   2.50820800000E-02   2.29720500000E-02   1.96515100000E-02   1.72260100000E-02
   1.54458900000E-02   1.41406800000E-02   1.31881300000E-02   1.24980100000E-02
   1.20027000000E-02   1.16512600000E-02   1.14052200000E-02   1.12355500000E-02
   1.11203500000E-02   1.10431500000E-02   1.09915900000E-02   1.09563800000E-02
   1.09306200000E-02   1.09091600000E-02   1.08882100000E-02   1.08650200000E-02
   1.08376200000E-02   1.08046300000E-02   1.07651400000E-02   1.07185800000E-02
   1.06646600000E-02   1.06032900000E-02   1.05345300000E-02   1.03317800000E-02
   1.00893100000E-02   9.81398800000E-03   9.51349700000E-03   8.86868100000E-03
   8.21691400000E-03   7.61619800000E-03   7.11963100000E-03   6.50223700000E-03
   5.96894100000E-03   5.50455400000E-03   5.09724400000E-03   4.73766600000E-03
   4.41835700000E-03                   1                   1                 446
                 524                 602                 603                 604
                 605                 765                 766                 766
                 767                   2                   1               58119
               58210               58301               58302               58303
               58304               58480               58481               58481
               58482                   9                   1               73325
               73403               73481               73482               73483
               73484               73644               73645               73645
               73646                  31                   1              132420
              132486              132552              132553              132554
              132555              132695              132696              132696
              132697                  32                   1              182642
              182708              182774              182775              182776
              182777              182919              182920              182920
              182921                  33                   1              233944
              234008              234072              234073              234074
              234075              234213              234214              234214
              234215                  34                   1              284107
              284198              284289              284290              284291
              284292              284472              284473              284473
              284474                  14                  76   0.00000000000E+00
   0.00000000000E+00   1.08867600000E-38   2.28065700000E-02   3.04145000000E-02
   3.89604500000E-02   4.84161900000E-02   5.99421500000E-02   7.53581200000E-02
   9.68457500000E-02   1.26621000000E-01   1.66639900000E-01   2.17083000000E-01
   2.73023300000E-01   3.21680700000E-01   3.46785300000E-01   3.83065800000E-01
   3.93377900000E-01   3.89689100000E-01   3.65576000000E-01   3.29817300000E-01
   2.91712500000E-01   2.57244000000E-01   2.27280900000E-01   2.01835600000E-01
   1.80288400000E-01   1.62104300000E-01   1.32984900000E-01   1.11359200000E-01
   9.49030500000E-02   8.28635200000E-02   7.70109300000E-02   7.29055400000E-02
   6.85912600000E-02   6.39474700000E-02   5.92383000000E-02   5.48904500000E-02
   4.76316600000E-02   4.28621200000E-02   3.96120000000E-02   3.71473100000E-02
   3.53016300000E-02   3.40623100000E-02   3.33091800000E-02   3.29861900000E-02
   3.29700000000E-02   3.32341300000E-02   3.36777700000E-02   3.42358200000E-02
   3.48863900000E-02   3.54980800000E-02   3.61870600000E-02   3.68804100000E-02
   3.75888400000E-02   3.83087500000E-02   3.90246300000E-02   3.97226000000E-02
   4.03073300000E-02   4.08813200000E-02   4.13768500000E-02   4.18877800000E-02
   4.22877300000E-02   4.31377300000E-02   4.36531800000E-02   4.40531400000E-02
   4.41429100000E-02   4.37334900000E-02   4.28159300000E-02   4.17161900000E-02
   4.09700600000E-02   3.91237600000E-02   3.78331200000E-02   3.62557300000E-02
   3.48373100000E-02   3.35477400000E-02   3.23319000000E-02                  14
                  76   0.00000000000E+00   0.00000000000E+00   5.51400200000E-38
   2.90024200000E-01   5.07063400000E-01   7.22862100000E-01   9.33220000000E-01
   1.03845100000E+00   1.14232100000E+00   1.24808400000E+00   1.35703300000E+00
   1.35659500000E+00   1.35694700000E+00   1.35723200000E+00   1.35701400000E+00
   1.31983200000E+00   1.43987300000E+00   1.56876800000E+00   1.72248900000E+00
   1.95750500000E+00   2.14750200000E+00   2.29841000000E+00   2.43065200000E+00
   2.55706200000E+00   2.67450400000E+00   2.78458000000E+00   2.89030800000E+00
   3.08749400000E+00   3.27348500000E+00   3.46863300000E+00   3.69393700000E+00
   3.99091200000E+00   4.34169300000E+00   4.69247700000E+00   4.97949500000E+00
   5.26324400000E+00   5.51816600000E+00   6.05442900000E+00   6.59350400000E+00
   7.18561500000E+00   7.75473500000E+00   8.30342500000E+00   8.89196200000E+00
   9.49980500000E+00   1.01044000000E+01   1.07389700000E+01   1.13966500000E+01
   1.20770800000E+01   1.27736600000E+01   1.34978500000E+01   1.42243800000E+01
   1.49900700000E+01   1.57066600000E+01   1.64469400000E+01   1.72141700000E+01
   1.80055200000E+01   1.88177600000E+01   1.95871600000E+01   2.03826000000E+01
   2.11716100000E+01   2.20027000000E+01   2.28105700000E+01   2.47979000000E+01
   2.68083700000E+01   2.88219400000E+01   3.08358600000E+01   3.47467700000E+01
   3.88037400000E+01   4.26048500000E+01   4.66689200000E+01   5.01425000000E+01
   5.42375400000E+01   5.79176900000E+01   6.17140000000E+01   6.53599600000E+01
   6.90107700000E+01                   5                  -1                   1
                   6                   5                   0                  78
   1.00000000000E+00   6.50000000000E+00   7.00000000000E+00   7.50000000000E+00
   8.00000000000E+00   8.50000000000E+00   9.00000000000E+00   9.50000000000E+00
   1.00000000000E+01   1.05000000000E+01   1.10000000000E+01   1.15000000000E+01
   1.20000000000E+01   1.25000000000E+01   1.30000000000E+01   1.35000000000E+01
   1.40000000000E+01   1.45000000000E+01   1.50000000000E+01   1.55000000000E+01
   1.60000000000E+01   1.65000000000E+01   1.70000000000E+01   1.75000000000E+01
   1.80000000000E+01   1.85000000000E+01   1.90000000000E+01   1.95000000000E+01
   2.00000000000E+01   2.10000000000E+01   2.20000000000E+01   2.30000000000E+01
   2.40000000000E+01   2.50000000000E+01   2.60000000000E+01   2.70000000000E+01
   2.80000000000E+01   2.90000000000E+01   3.00000000000E+01   3.20000000000E+01
   3.40000000000E+01   3.60000000000E+01   3.80000000000E+01   4.00000000000E+01
   4.20000000000E+01   4.40000000000E+01   4.60000000000E+01   4.80000000000E+01
   5.00000000000E+01   5.20000000000E+01   5.40000000000E+01   5.60000000000E+01
   5.80000000000E+01   6.00000000000E+01   6.20000000000E+01   6.40000000000E+01
   6.60000000000E+01   6.80000000000E+01   7.00000000000E+01   7.20000000000E+01
   7.40000000000E+01   7.60000000000E+01   7.80000000000E+01   8.00000000000E+01
   8.50000000000E+01   9.00000000000E+01   9.50000000000E+01   1.00000000000E+02
   1.10000000000E+02   1.20000000000E+02   1.30000000000E+02   1.40000000000E+02
   1.50000000000E+02   1.60000000000E+02   1.70000000000E+02   1.80000000000E+02
   1.90000000000E+02   2.00000000000E+02   0.00000000000E+00   0.00000000000E+00
   0.00000000000E+00   0.00000000000E+00   5.83832000000E-37   9.37271800000E-01
   9.66895800000E-01   9.77615500000E-01   9.77805000000E-01   9.75515500000E-01
   9.72497000000E-01   9.71470000000E-01   9.72888100000E-01   9.75845100000E-01
   9.79391500000E-01   9.82913500000E-01   9.86093900000E-01   9.88792900000E-01
   1.11321900000E+00   1.25293700000E+00   1.42270600000E+00   1.56197100000E+00
   1.65735400000E+00   1.71746700000E+00   1.76036000000E+00   1.79054500000E+00
   1.81271600000E+00   1.82867100000E+00   1.84089500000E+00   1.85635400000E+00
   1.86379900000E+00   1.86672400000E+00   1.88473200000E+00   1.99861800000E+00
   2.13482700000E+00   2.24446800000E+00   2.31860400000E+00   2.36177800000E+00
   2.38944500000E+00   2.42381700000E+00   2.48822100000E+00   2.56456600000E+00
   2.62698200000E+00   2.67677300000E+00   2.72541900000E+00   2.77514100000E+00
   2.83112600000E+00   2.89078200000E+00   2.95794400000E+00   3.02848100000E+00
   3.10018600000E+00   3.17391700000E+00   3.23994600000E+00   3.31061400000E+00
   3.38068300000E+00   3.45225200000E+00   3.52587900000E+00   3.60084900000E+00
   3.67644200000E+00   3.74424600000E+00   3.81406100000E+00   3.87981000000E+00
   3.95045100000E+00   4.01420200000E+00   4.17524700000E+00   4.32667600000E+00
   4.48881100000E+00   4.64003000000E+00   4.93122800000E+00   5.21070700000E+00
   5.47729900000E+00   5.75452000000E+00   6.01696900000E+00   6.33833000000E+00
   6.58649700000E+00   6.83453800000E+00   7.08106900000E+00   7.31763000000E+00
                   0                   1                   0                   4
                  10                   0                   2   1.00000000000E+00
   2.00000000000E+02   1.00000000000E+00   1.00000000000E+00                   0
                  31   1.00000000000E+00   8.00000000000E+00   1.00000000000E+01
   1.20000000000E+01   1.40000000000E+01   1.60000000000E+01   1.80000000000E+01
   2.00000000000E+01   2.20000000000E+01   2.40000000000E+01   2.60000000000E+01
   2.80000000000E+01   3.00000000000E+01   3.20000000000E+01   3.60000000000E+01
   4.00000000000E+01   4.40000000000E+01   4.80000000000E+01   5.00000000000E+01
   5.20000000000E+01   5.60000000000E+01   6.00000000000E+01   7.00000000000E+01
   8.00000000000E+01   9.00000000000E+01   1.00000000000E+02   1.20000000000E+02
   1.40000000000E+02   1.60000000000E+02   1.80000000000E+02   2.00000000000E+02
                  74                  85                 156                 545
                1114                2029                3087                4233
                5434                6892                8402                9951
               11526               13140               14767               16420
               18372               20369               22381               24393
               26420               28462               30519               32901
               35317               38036               40774               43821
               47181               50564               53947                   2
                   3   0.00000000000E+00   5.00000000000E-07   1.00000000000E-06
   0.00000000000E+00   2.00000000000E+06   0.00000000000E+00   0.00000000000E+00
   5.00000000000E-01   1.00000000000E+00                   2                  23
   0.00000000000E+00   2.50000000000E-02   1.00000000000E-01   2.00000000000E-01
   3.00000000000E-01   4.00000000000E-01   5.00000000000E-01   6.00000000000E-01
   7.00000000000E-01   8.00000000000E-01   9.00000000000E-01   1.00000000000E+00
   1.10000000000E+00   1.20000000000E+00   1.30000000000E+00   1.40000000000E+00
   1.50000000000E+00   1.60000000000E+00   1.70000000000E+00   1.80000000000E+00
   1.90000000000E+00   2.00000000000E+00   2.10000000000E+00   0.00000000000E+00
   2.41428400000E+00   9.65713400000E+00   3.35960100000E-01   6.81974700000E-03
   8.49675000000E-05   7.25205000000E-07   3.80904000000E-09   1.15788000000E-11
   1.00000000000E-12   1.00000000000E-12   1.00000000000E-12   1.00000000000E-12
   1.00000000000E-12   0.00000000000E+00   0.00000000000E+00   0.00000000000E+00
   0.00000000000E+00   0.00000000000E+00   0.00000000000E+00   0.00000000000E+00
   0.00000000000E+00   0.00000000000E+00   0.00000000000E+00   3.01785506000E-02
   4.82856735000E-01   9.82511450000E-01   9.99650443000E-01   9.99995679000E-01
   9.99999963000E-01   1.00000000000E+00   1.00000000000E+00   1.00000000000E+00
   1.00000000000E+00   1.00000000000E+00   1.00000000000E+00   1.00000000000E+00
   1.00000000000E+00   1.00000000000E+00   1.00000000000E+00   1.00000000000E+00
   1.00000000000E+00   1.00000000000E+00   1.00000000000E+00   1.00000000000E+00
   1.00000000000E+00                   2                  43   0.00000000000E+00
   2.50000000000E-02   1.00000000000E-01   2.00000000000E-01   3.00000000000E-01
   4.00000000000E-01   5.00000000000E-01   6.00000000000E-01   7.00000000000E-01
   8.00000000000E-01   9.00000000000E-01   1.00000000000E+00   1.10000000000E+00
   1.20000000000E+00   1.30000000000E+00   1.40000000000E+00   1.50000000000E+00
   1.60000000000E+00   1.70000000000E+00   1.80000000000E+00   1.90000000000E+00
   2.00000000000E+00   2.10000000000E+00   2.20000000000E+00   2.30000000000E+00
   2.40000000000E+00   2.50000000000E+00   2.60000000000E+00   2.70000000000E+00
   2.80000000000E+00   2.90000000000E+00   3.00000000000E+00   3.10000000000E+00
   3.20000000000E+00   3.30000000000E+00   3.40000000000E+00   3.50000000000E+00
   3.60000000000E+00   3.70000000000E+00   3.80000000000E+00   3.90000000000E+00
   4.00000000000E+00   4.10000000000E+00   0.00000000000E+00   4.92817300000E-02
   1.83542700000E-01   1.10419700000E-01   4.24373200000E-01   8.13865200000E-01
   1.40107000000E+00   3.04268000000E-01   4.37830800000E-01   1.71581900000E+00
   6.66299500000E-01   2.47912200000E-01   1.21772800000E+00   9.75360000000E-05
   4.84988000000E-05   2.15659000000E-05   8.41763000000E-06   2.55784000000E-06
   1.99810100000E+00   7.28353000000E-08   4.76893800000E-01   0.00000000000E+00
   0.00000000000E+00   0.00000000000E+00   0.00000000000E+00   0.00000000000E+00
   0.00000000000E+00   0.00000000000E+00   0.00000000000E+00   0.00000000000E+00
   0.00000000000E+00   0.00000000000E+00   0.00000000000E+00   0.00000000000E+00
   0.00000000000E+00   0.00000000000E+00   0.00000000000E+00   0.00000000000E+00
   0.00000000000E+00   0.00000000000E+00   0.00000000000E+00   0.00000000000E+00
   0.00000000000E+00   0.00000000000E+00   6.16021639000E-04   9.34693796000E-03
   2.40450583000E-02   5.07847039000E-02   1.12696625000E-01   2.23443388000E-01
   3.08710290000E-01   3.45815230000E-01   4.53497723000E-01   5.72603651000E-01
   6.18314237000E-01   6.91596248000E-01   7.52487526000E-01   7.52494828000E-01
   7.52498331000E-01   7.52499831000E-01   7.52500379000E-01   8.52405559000E-01
   9.52310615000E-01   9.76155309000E-01   1.00000000000E+00   1.00000000000E+00
   1.00000000000E+00   1.00000000000E+00   1.00000000000E+00   1.00000000000E+00
   1.00000000000E+00   1.00000000000E+00   1.00000000000E+00   1.00000000000E+00
   1.00000000000E+00   1.00000000000E+00   1.00000000000E+00   1.00000000000E+00
   1.00000000000E+00   1.00000000000E+00   1.00000000000E+00   1.00000000000E+00
   1.00000000000E+00   1.00000000000E+00   1.00000000000E+00   1.00000000000E+00
                   0                   0                   0                   0
                   0                   0                   0                   0
                   0                   0                   0                   0
                   0                   0                   0                   0
                   0                   0                   0                   0
                   0                   0                   0                   0
                   0                   0                   0                   0
                   0                   0                   0                   0
                   0                   0                   0                   0
                   0                   0                   0                   0
                   0                   0                   0                   0
                   0                   0                   0                   0
                   0                   0                   0                   0
                   0                   0                   0                   0
                   0                   0                   0                   0
                   0                   0                   0                   0
                   0                   0                   0                   0
                   0                   0                   0                   0
                   0                   0                   0                   0
                   0                   0                   0                   0
                   0                   0                   0                   0
                   0                   0                   0                   0
                   0                   0                   0                   0
                   0                   0                   0                   0
                   0                   0                   0                   0
                   0                   0                   0                   0
                   0                   0                   0                   0
                   0                   0                   0                   0
                   0                   0                   0                   0
                   0                   0                   0                   0
                   0                   0                   0                   0
                   0                   0                   0                   0
                   0                   0                   0                   0
                   0                   0
