 62149.00u  147.637900  0.0000E+00   02/26/20
Ace Sm149 IAEA-PD                                                        mat6240
      0         0.      0         0.      0         0.      0         0.
      0         0.      0         0.      0         0.      0         0.
      0         0.      0         0.      0         0.      0         0.
      0         0.      0         0.      0         0.      0         0.
   377579    62149       89        1        7        2       12        0
        0        0        0        0        0        0        0        1
        1       90       90        0      179      268      269      270
      271      362      446        0        0        0        0        0
        0        0        0        0        0        0        0        0
        0        0        0        0        0        0        0        0
   9.99999000000E-01   1.00000000000E+00   1.50000000000E+00   2.00000000000E+00
   2.50000000000E+00   3.00000000000E+00   3.50000000000E+00   4.00000000000E+00
   4.50000000000E+00   5.00000000000E+00   5.50000000000E+00   6.00000000000E+00
   6.50000000000E+00   7.00000000000E+00   7.50000000000E+00   8.00000000000E+00
   8.50000000000E+00   9.00000000000E+00   9.50000000000E+00   1.00000000000E+01
   1.05000000000E+01   1.10000000000E+01   1.15000000000E+01   1.20000000000E+01
   1.25000000000E+01   1.30000000000E+01   1.35000000000E+01   1.40000000000E+01
   1.45000000000E+01   1.50000000000E+01   1.55000000000E+01   1.60000000000E+01
   1.65000000000E+01   1.70000000000E+01   1.75000000000E+01   1.80000000000E+01
   1.85000000000E+01   1.90000000000E+01   1.95000000000E+01   2.00000000000E+01
   2.10000000000E+01   2.20000000000E+01   2.30000000000E+01   2.40000000000E+01
   2.50000000000E+01   2.60000000000E+01   2.70000000000E+01   2.80000000000E+01
   2.90000000000E+01   3.00000000000E+01   3.20000000000E+01   3.40000000000E+01
   3.60000000000E+01   3.80000000000E+01   4.00000000000E+01   4.20000000000E+01
   4.40000000000E+01   4.60000000000E+01   4.80000000000E+01   5.00000000000E+01
   5.20000000000E+01   5.40000000000E+01   5.60000000000E+01   5.80000000000E+01
   6.00000000000E+01   6.20000000000E+01   6.40000000000E+01   6.60000000000E+01
   6.80000000000E+01   7.00000000000E+01   7.20000000000E+01   7.40000000000E+01
   7.60000000000E+01   7.80000000000E+01   8.00000000000E+01   8.50000000000E+01
   9.00000000000E+01   9.50000000000E+01   1.00000000000E+02   1.10000000000E+02
   1.20000000000E+02   1.30000000000E+02   1.40000000000E+02   1.50000000000E+02
   1.60000000000E+02   1.70000000000E+02   1.80000000000E+02   1.90000000000E+02
   2.00000000000E+02   0.00000000000E+00   2.65918500000E-05   7.66990400000E-05
   1.68539900000E-04   3.18181400000E-04   5.45656700000E-04   8.76692300000E-04
   1.34514900000E-03   1.99644600000E-03   2.89206700000E-03   4.11433900000E-03
   5.76786200000E-03   7.96965300000E-03   1.08277000000E-02   1.44608300000E-02
   1.91433100000E-02   2.54561100000E-02   3.42082100000E-02   4.61119400000E-02
   6.11881400000E-02   7.83944900000E-02   9.71219100000E-02   1.19565500000E-01
   1.49604900000E-01   1.88359400000E-01   2.29564900000E-01   2.62525700000E-01
   2.85123700000E-01   3.03021100000E-01   3.15839700000E-01   3.16234000000E-01
   2.99878700000E-01   2.70694400000E-01   2.36528600000E-01   2.03516900000E-01
   1.74558400000E-01   1.50312000000E-01   1.30401400000E-01   1.14129100000E-01
   1.00791300000E-01   8.03849300000E-02   6.59636700000E-02   5.54027000000E-02
   4.74189200000E-02   4.12183600000E-02   3.62937200000E-02   3.23101300000E-02
   2.90396800000E-02   2.63227300000E-02   2.40444600000E-02   2.04861400000E-02
   1.79016900000E-02   1.60065800000E-02   1.46128700000E-02   1.35894100000E-02
   1.28412300000E-02   1.22979200000E-02   1.19066700000E-02   1.16276200000E-02
   1.14305900000E-02   1.12927300000E-02   1.11967600000E-02   1.11296400000E-02
   1.10815000000E-02   1.10449600000E-02   1.10144900000E-02   1.09859800000E-02
   1.09564100000E-02   1.09235800000E-02   1.08859600000E-02   1.08424900000E-02
   1.07924700000E-02   1.07355400000E-02   1.06715000000E-02   1.06003800000E-02
   1.03927100000E-02   1.01463000000E-02   9.86767600000E-03   9.56429600000E-03
   8.91451000000E-03   8.25853100000E-03   7.65427600000E-03   7.15491200000E-03
   6.53427600000E-03   5.99823200000E-03   5.53148400000E-03   5.12212400000E-03
   4.76075100000E-03   4.43985600000E-03   0.00000000000E+00   1.00000000000E+00
   7.10054100000E-01   1.88863500000E-01   2.40858600000E-01   2.57018300000E-01
   2.21188400000E-01   1.23539800000E-01   1.40488400000E-01   1.26920700000E-01
   9.06890700000E-02   5.82156700000E-01   2.41292800000E+00   4.79324600000E+00
   5.17840300000E+00   5.61640200000E+00   5.66099000000E+00   5.71956600000E+00
   5.73407600000E+00   5.73285000000E+00   5.75406300000E+00   5.78150800000E+00
   5.80816700000E+00   5.82551400000E+00   5.85620200000E+00   5.87233600000E+00
   5.87150700000E+00   5.85265200000E+00   6.87283000000E+00   8.30553600000E+00
   9.62146400000E+00   1.06285700000E+01   1.12683000000E+01   1.17880300000E+01
   1.22337200000E+01   1.26382000000E+01   1.28251000000E+01   1.29725400000E+01
   1.30887400000E+01   1.31706500000E+01   1.33723400000E+01   1.36504800000E+01
   1.45655400000E+01   1.54773100000E+01   1.63684300000E+01   1.71920200000E+01
   1.77035000000E+01   1.82219400000E+01   1.85321600000E+01   1.88478800000E+01
   1.98261700000E+01   2.15760200000E+01   2.33180900000E+01   2.46210100000E+01
   2.57721700000E+01   2.69536000000E+01   2.80217800000E+01   2.92765300000E+01
   3.05260100000E+01   3.16138000000E+01   3.25111800000E+01   3.35245400000E+01
   3.46630000000E+01   3.58739200000E+01   3.71059100000E+01   3.83984000000E+01
   3.96252600000E+01   4.08111300000E+01   4.19565600000E+01   4.30759900000E+01
   4.42594400000E+01   4.54046500000E+01   4.65327800000E+01   4.77251300000E+01
   4.88592600000E+01   5.16950700000E+01   5.45604400000E+01   5.74771600000E+01
   6.02727400000E+01   6.61357100000E+01   7.18703100000E+01   7.77506300000E+01
   8.35688600000E+01   8.97762200000E+01   9.54281600000E+01   1.01440500000E+02
   1.07404100000E+02   1.13518600000E+02   1.19519000000E+02                   5
   0.00000000000E+00                   1                   1                  89
   0.00000000000E+00   2.65918500000E-05   7.66990400000E-05   1.68539900000E-04
   3.18181400000E-04   5.45656700000E-04   8.76692300000E-04   1.34514900000E-03
   1.99644600000E-03   2.89206700000E-03   4.11433900000E-03   5.76786200000E-03
   7.96965300000E-03   1.08277000000E-02   1.44608300000E-02   1.91433100000E-02
   2.54561100000E-02   3.42082100000E-02   4.61119400000E-02   6.11881400000E-02
   7.83944900000E-02   9.71219100000E-02   1.19565500000E-01   1.49604900000E-01
   1.88359400000E-01   2.29564900000E-01   2.62525700000E-01   2.85123700000E-01
   3.03021100000E-01   3.15839700000E-01   3.16234000000E-01   2.99878700000E-01
   2.70694400000E-01   2.36528600000E-01   2.03516900000E-01   1.74558400000E-01
   1.50312000000E-01   1.30401400000E-01   1.14129100000E-01   1.00791300000E-01
   8.03849300000E-02   6.59636700000E-02   5.54027000000E-02   4.74189200000E-02
   4.12183600000E-02   3.62937200000E-02   3.23101300000E-02   2.90396800000E-02
   2.63227300000E-02   2.40444600000E-02   2.04861400000E-02   1.79016900000E-02
   1.60065800000E-02   1.46128700000E-02   1.35894100000E-02   1.28412300000E-02
   1.22979200000E-02   1.19066700000E-02   1.16276200000E-02   1.14305900000E-02
   1.12927300000E-02   1.11967600000E-02   1.11296400000E-02   1.10815000000E-02
   1.10449600000E-02   1.10144900000E-02   1.09859800000E-02   1.09564100000E-02
   1.09235800000E-02   1.08859600000E-02   1.08424900000E-02   1.07924700000E-02
   1.07355400000E-02   1.06715000000E-02   1.06003800000E-02   1.03927100000E-02
   1.01463000000E-02   9.86767600000E-03   9.56429600000E-03   8.91451000000E-03
   8.25853100000E-03   7.65427600000E-03   7.15491200000E-03   6.53427600000E-03
   5.99823200000E-03   5.53148400000E-03   5.12212400000E-03   4.76075100000E-03
   4.43985600000E-03                   1                   1                 446
                 528                 610                 611                 612
                 613                 777                 778                 778
                 779                   2                   1               63443
               63534               63625               63626               63627
               63628               63808               63809               63809
               63810                   9                   1               78639
               78717               78795               78796               78797
               78798               78958               78959               78959
               78960                  31                   1              137851
              137921              137991              137992              137993
              137994              138140              138141              138141
              138142                  32                   1              193059
              193126              193193              193194              193195
              193196              193336              193337              193337
              193338                  33                   1              244961
              245028              245095              245096              245097
              245098              245242              245243              245243
              245244                  34                   1              299428
              299519              299610              299611              299612
              299613              299793              299794              299794
              299795                  10                  80   0.00000000000E+00
   0.00000000000E+00   5.48517200000E-04   2.69488200000E-03   8.68611100000E-03
   1.36216800000E-02   1.84009800000E-02   2.46542600000E-02   3.32374400000E-02
   4.49500900000E-02   5.99316000000E-02   7.71718900000E-02   9.60260000000E-02
   1.18622000000E-01   1.48799400000E-01   1.87677200000E-01   2.29002800000E-01
   2.62079100000E-01   2.84768600000E-01   3.29963000000E-01   3.97563900000E-01
   4.55182500000E-01   4.74462700000E-01   4.56112500000E-01   4.14165800000E-01
   3.64982300000E-01   3.18243900000E-01   2.77342500000E-01   2.42516400000E-01
   2.13505500000E-01   1.89282700000E-01   1.51886900000E-01   1.27189200000E-01
   1.12821900000E-01   1.03537400000E-01   9.54896300000E-02   8.76082900000E-02
   8.01280600000E-02   7.33564400000E-02   6.72692100000E-02   6.19563500000E-02
   5.42552100000E-02   5.02489500000E-02   4.73137900000E-02   4.46777100000E-02
   4.24421100000E-02   4.10725500000E-02   4.04650400000E-02   4.04608800000E-02
   4.05575900000E-02   4.07324800000E-02   4.08846900000E-02   4.11545500000E-02
   4.15202900000E-02   4.21150200000E-02   4.28453100000E-02   4.35305000000E-02
   4.42096200000E-02   4.47966400000E-02   4.53470700000E-02   4.58827300000E-02
   4.63793100000E-02   4.68880900000E-02   4.73391700000E-02   4.76868800000E-02
   4.80543500000E-02   4.87069500000E-02   4.90592200000E-02   4.91070800000E-02
   4.89774900000E-02   4.81561700000E-02   4.68536700000E-02   4.54764600000E-02
   4.43108000000E-02   4.21659000000E-02   4.05825400000E-02   3.88819500000E-02
   3.73224500000E-02   3.58251600000E-02   3.44869100000E-02                  10
                  80   0.00000000000E+00   0.00000000000E+00   8.61828700000E-03
   8.75457100000E-02   3.42687600000E-01   5.60901500000E-01   7.34116700000E-01
   8.13742700000E-01   8.90671100000E-01   9.68137500000E-01   1.04767200000E+00
   1.05540400000E+00   1.06248500000E+00   1.06859800000E+00   1.07377100000E+00
   1.11625600000E+00   1.15820000000E+00   1.19972800000E+00   1.24095400000E+00
   1.33478300000E+00   1.52194700000E+00   1.71630400000E+00   1.86014300000E+00
   2.07906300000E+00   2.26247100000E+00   2.42158200000E+00   2.56788200000E+00
   2.69387900000E+00   2.81107800000E+00   2.92402400000E+00   3.03206300000E+00
   3.23511500000E+00   3.48954800000E+00   3.78294400000E+00   4.16071400000E+00
   4.56951700000E+00   4.92267900000E+00   5.25650600000E+00   5.55697100000E+00
   5.84648900000E+00   6.12148500000E+00   6.76823300000E+00   7.47449400000E+00
   8.18818500000E+00   8.91932300000E+00   9.57071600000E+00   1.02425400000E+01
   1.09905500000E+01   1.17491000000E+01   1.24689400000E+01   1.31902600000E+01
   1.39199800000E+01   1.46554200000E+01   1.54061300000E+01   1.61415100000E+01
   1.69318100000E+01   1.77074700000E+01   1.84960200000E+01   1.92652800000E+01
   2.00409500000E+01   2.08354500000E+01   2.16036900000E+01   2.24073900000E+01
   2.32153800000E+01   2.40050200000E+01   2.48380000000E+01   2.68364400000E+01
   2.88817600000E+01   3.08783600000E+01   3.29592900000E+01   3.68967400000E+01
   4.09851300000E+01   4.48918100000E+01   4.88484800000E+01   5.23807700000E+01
   5.64727000000E+01   6.02399600000E+01   6.40707000000E+01   6.77155800000E+01
   7.14942500000E+01                   5                  -1                   1
                   6                   5                   0                  80
   1.00000000000E+00   5.50000000000E+00   6.00000000000E+00   6.50000000000E+00
   7.00000000000E+00   7.50000000000E+00   8.00000000000E+00   8.50000000000E+00
   9.00000000000E+00   9.50000000000E+00   1.00000000000E+01   1.05000000000E+01
   1.10000000000E+01   1.15000000000E+01   1.20000000000E+01   1.25000000000E+01
   1.30000000000E+01   1.35000000000E+01   1.40000000000E+01   1.45000000000E+01
   1.50000000000E+01   1.55000000000E+01   1.60000000000E+01   1.65000000000E+01
   1.70000000000E+01   1.75000000000E+01   1.80000000000E+01   1.85000000000E+01
   1.90000000000E+01   1.95000000000E+01   2.00000000000E+01   2.10000000000E+01
   2.20000000000E+01   2.30000000000E+01   2.40000000000E+01   2.50000000000E+01
   2.60000000000E+01   2.70000000000E+01   2.80000000000E+01   2.90000000000E+01
   3.00000000000E+01   3.20000000000E+01   3.40000000000E+01   3.60000000000E+01
   3.80000000000E+01   4.00000000000E+01   4.20000000000E+01   4.40000000000E+01
   4.60000000000E+01   4.80000000000E+01   5.00000000000E+01   5.20000000000E+01
   5.40000000000E+01   5.60000000000E+01   5.80000000000E+01   6.00000000000E+01
   6.20000000000E+01   6.40000000000E+01   6.60000000000E+01   6.80000000000E+01
   7.00000000000E+01   7.20000000000E+01   7.40000000000E+01   7.60000000000E+01
   7.80000000000E+01   8.00000000000E+01   8.50000000000E+01   9.00000000000E+01
   9.50000000000E+01   1.00000000000E+02   1.10000000000E+02   1.20000000000E+02
   1.30000000000E+02   1.40000000000E+02   1.50000000000E+02   1.60000000000E+02
   1.70000000000E+02   1.80000000000E+02   1.90000000000E+02   2.00000000000E+02
   0.00000000000E+00   0.00000000000E+00   9.50988800000E-02   3.38143000000E-01
   8.02212000000E-01   9.41970800000E-01   9.61222500000E-01   9.68500700000E-01
   9.71621700000E-01   9.74803700000E-01   9.79464300000E-01   9.84404500000E-01
   9.88716100000E-01   9.92108900000E-01   9.94615800000E-01   9.96378200000E-01
   9.97551500000E-01   9.98298800000E-01   9.98754600000E-01   1.08891100000E+00
   1.25875200000E+00   1.43938500000E+00   1.58218200000E+00   1.68497200000E+00
   1.75101800000E+00   1.79337600000E+00   1.82313700000E+00   1.84511200000E+00
   1.85976800000E+00   1.87073700000E+00   1.87796700000E+00   1.88949500000E+00
   1.92817000000E+00   2.03639700000E+00   2.18346200000E+00   2.31667700000E+00
   2.41386900000E+00   2.47996700000E+00   2.52607600000E+00   2.55555600000E+00
   2.57674100000E+00   2.64838600000E+00   2.80693900000E+00   2.95589600000E+00
   3.05742200000E+00   3.12317500000E+00   3.19849000000E+00   3.29039700000E+00
   3.39816900000E+00   3.48803900000E+00   3.56346300000E+00   3.62044300000E+00
   3.67557700000E+00   3.73060500000E+00   3.80048000000E+00   3.87917300000E+00
   3.95211200000E+00   4.02418500000E+00   4.08862400000E+00   4.15130100000E+00
   4.21485400000E+00   4.27755200000E+00   4.34451900000E+00   4.40957500000E+00
   4.46862000000E+00   4.53326700000E+00   4.68664600000E+00   4.83518300000E+00
   4.97656000000E+00   5.12086700000E+00   5.40199900000E+00   5.67336600000E+00
   5.94131400000E+00   6.19306000000E+00   6.45303300000E+00   6.76575000000E+00
   7.02920800000E+00   7.28651800000E+00   7.52510700000E+00   7.76757400000E+00
                   0                   1                   0                   4
                  10                   0                   2   1.00000000000E+00
   2.00000000000E+02   1.00000000000E+00   1.00000000000E+00                   0
                  32   1.00000000000E+00   6.00000000000E+00   8.00000000000E+00
   1.00000000000E+01   1.20000000000E+01   1.40000000000E+01   1.60000000000E+01
   1.80000000000E+01   2.00000000000E+01   2.20000000000E+01   2.40000000000E+01
   2.60000000000E+01   2.80000000000E+01   3.00000000000E+01   3.20000000000E+01
   3.60000000000E+01   4.00000000000E+01   4.40000000000E+01   4.80000000000E+01
   5.00000000000E+01   5.20000000000E+01   5.60000000000E+01   6.00000000000E+01
   7.00000000000E+01   8.00000000000E+01   9.00000000000E+01   1.00000000000E+02
   1.20000000000E+02   1.40000000000E+02   1.60000000000E+02   1.80000000000E+02
   2.00000000000E+02                  76                  87                 155
                 451                1011                1915                3039
                4306                5760                7236                8993
               10763               12559               14368               16190
               18025               19860               22007               24169
               26346               28508               30685               32862
               35054               37555               40056               42870
               45703               48834               52286               55738
               59190                   2                   3   0.00000000000E+00
   5.00000000000E-07   1.00000000000E-06   0.00000000000E+00   2.00000000000E+06
   0.00000000000E+00   0.00000000000E+00   5.00000000000E-01   1.00000000000E+00
                   2                  22   0.00000000000E+00   2.50000000000E-02
   1.00000000000E-01   2.00000000000E-01   3.00000000000E-01   4.00000000000E-01
   5.00000000000E-01   6.00000000000E-01   7.00000000000E-01   8.00000000000E-01
   9.00000000000E-01   1.00000000000E+00   1.10000000000E+00   1.20000000000E+00
   1.30000000000E+00   1.40000000000E+00   1.50000000000E+00   1.60000000000E+00
   1.70000000000E+00   1.80000000000E+00   1.90000000000E+00   2.00000000000E+00
   0.00000000000E+00   2.50013700000E+00   9.99992200000E+00   0.00000000000E+00
   0.00000000000E+00   0.00000000000E+00   0.00000000000E+00   0.00000000000E+00
   0.00000000000E+00   0.00000000000E+00   0.00000000000E+00   0.00000000000E+00
   0.00000000000E+00   0.00000000000E+00   0.00000000000E+00   0.00000000000E+00
   0.00000000000E+00   0.00000000000E+00   0.00000000000E+00   0.00000000000E+00
   0.00000000000E+00   0.00000000000E+00   0.00000000000E+00   3.12517117000E-02
   5.00003913000E-01   1.00000000000E+00   1.00000000000E+00   1.00000000000E+00
   1.00000000000E+00   1.00000000000E+00   1.00000000000E+00   1.00000000000E+00
   1.00000000000E+00   1.00000000000E+00   1.00000000000E+00   1.00000000000E+00
   1.00000000000E+00   1.00000000000E+00   1.00000000000E+00   1.00000000000E+00
   1.00000000000E+00   1.00000000000E+00   1.00000000000E+00   1.00000000000E+00
                   2                  42   0.00000000000E+00   2.50000000000E-02
   1.00000000000E-01   2.00000000000E-01   3.00000000000E-01   4.00000000000E-01
   5.00000000000E-01   6.00000000000E-01   7.00000000000E-01   8.00000000000E-01
   9.00000000000E-01   1.00000000000E+00   1.10000000000E+00   1.20000000000E+00
   1.30000000000E+00   1.40000000000E+00   1.50000000000E+00   1.60000000000E+00
   1.70000000000E+00   1.80000000000E+00   1.90000000000E+00   2.00000000000E+00
   2.10000000000E+00   2.20000000000E+00   2.30000000000E+00   2.40000000000E+00
   2.50000000000E+00   2.60000000000E+00   2.70000000000E+00   2.80000000000E+00
   2.90000000000E+00   3.00000000000E+00   3.10000000000E+00   3.20000000000E+00
   3.30000000000E+00   3.40000000000E+00   3.50000000000E+00   3.60000000000E+00
   3.70000000000E+00   3.80000000000E+00   3.90000000000E+00   4.00000000000E+00
   0.00000000000E+00   1.35895800000E-01   5.35671100000E-01   1.13953800000E+00
   5.53599400000E-03   1.02345700000E+00   1.31184200000E+00   3.17061600000E-03
   2.01908000000E+00   1.16395200000E-03   1.70892200000E+00   6.37032600000E-01
   4.50038000000E-04   2.34183000000E-04   1.39598000000E-04   8.62877000000E-05
   4.18271000000E-05   1.37012400000E+00   1.08683000000E-05   4.29100000000E-06
   1.21436000000E-06   1.41794000000E-07   2.42505000000E-01   0.00000000000E+00
   0.00000000000E+00   0.00000000000E+00   0.00000000000E+00   0.00000000000E+00
   0.00000000000E+00   0.00000000000E+00   0.00000000000E+00   0.00000000000E+00
   0.00000000000E+00   0.00000000000E+00   0.00000000000E+00   0.00000000000E+00
   0.00000000000E+00   0.00000000000E+00   0.00000000000E+00   0.00000000000E+00
   0.00000000000E+00   0.00000000000E+00   0.00000000000E+00   1.69869755000E-03
   2.68824570000E-02   1.10642914000E-01   1.67896616000E-01   2.19346267000E-01
   3.36111220000E-01   4.01861853000E-01   5.02974386000E-01   6.03986587000E-01
   6.89490887000E-01   8.06788620000E-01   8.38662753000E-01   8.38696964000E-01
   8.38715653000E-01   8.38726947000E-01   8.38733353000E-01   9.07241646000E-01
   9.75748391000E-01   9.75749149000E-01   9.75749424000E-01   9.75749492000E-01
   9.87874750000E-01   1.00000000000E+00   1.00000000000E+00   1.00000000000E+00
   1.00000000000E+00   1.00000000000E+00   1.00000000000E+00   1.00000000000E+00
   1.00000000000E+00   1.00000000000E+00   1.00000000000E+00   1.00000000000E+00
   1.00000000000E+00   1.00000000000E+00   1.00000000000E+00   1.00000000000E+00
   1.00000000000E+00   1.00000000000E+00   1.00000000000E+00   1.00000000000E+00
                   0                   0                   0                   0
                   0                   0                   0                   0
                   0                   0                   0                   0
                   0                   0                   0                   0
                   0                   0                   0                   0
                   0                   0                   0                   0
                   0                   0                   0                   0
                   0                   0                   0                   0
                   0                   0                   0                   0
                   0                   0                   0                   0
                   0                   0                   0                   0
                   0                   0                   0                   0
                   0                   0                   0                   0
                   0                   0                   0                   0
                   0                   0                   0                   0
                   0                   0                   0                   0
                   0                   0                   0                   0
                   0                   0                   0                   0
                   0                   0                   0                   0
                   0                   0                   0                   0
                   0                   0                   0                   0
                   0                   0                   0                   0
                   0                   0                   0                   0
                   0                   0                   0                   0
                   0                   0                   0                   0
                   0                   0                   0                   0
                   0                   0                   0                   0
                   0                   0                   0                   0
                   0                   0                   0                   0
                   0                   0                   0                   0
                   0                   0                   0                   0
                   0                   0                   0                   0
                   0                   0                   0                   0
                   0                   0                   0                   0
