 62154.00u  152.600000  0.0000E+00   02/26/20
Ace Sm154 IAEA-PD                                                        mat6255
      0         0.      0         0.      0         0.      0         0.
      0         0.      0         0.      0         0.      0         0.
      0         0.      0         0.      0         0.      0         0.
      0         0.      0         0.      0         0.      0         0.
   324730    62154       89        1        7        2       12        0
        0        0        0        0        0        0        0        1
        1       90       90        0      179      268      269      270
      271      362      446        0        0        0        0        0
        0        0        0        0        0        0        0        0
        0        0        0        0        0        0        0        0
   9.99999000000E-01   1.00000000000E+00   1.50000000000E+00   2.00000000000E+00
   2.50000000000E+00   3.00000000000E+00   3.50000000000E+00   4.00000000000E+00
   4.50000000000E+00   5.00000000000E+00   5.50000000000E+00   6.00000000000E+00
   6.50000000000E+00   7.00000000000E+00   7.50000000000E+00   8.00000000000E+00
   8.50000000000E+00   9.00000000000E+00   9.50000000000E+00   1.00000000000E+01
   1.05000000000E+01   1.10000000000E+01   1.15000000000E+01   1.20000000000E+01
   1.25000000000E+01   1.30000000000E+01   1.35000000000E+01   1.40000000000E+01
   1.45000000000E+01   1.50000000000E+01   1.55000000000E+01   1.60000000000E+01
   1.65000000000E+01   1.70000000000E+01   1.75000000000E+01   1.80000000000E+01
   1.85000000000E+01   1.90000000000E+01   1.95000000000E+01   2.00000000000E+01
   2.10000000000E+01   2.20000000000E+01   2.30000000000E+01   2.40000000000E+01
   2.50000000000E+01   2.60000000000E+01   2.70000000000E+01   2.80000000000E+01
   2.90000000000E+01   3.00000000000E+01   3.20000000000E+01   3.40000000000E+01
   3.60000000000E+01   3.80000000000E+01   4.00000000000E+01   4.20000000000E+01
   4.40000000000E+01   4.60000000000E+01   4.80000000000E+01   5.00000000000E+01
   5.20000000000E+01   5.40000000000E+01   5.60000000000E+01   5.80000000000E+01
   6.00000000000E+01   6.20000000000E+01   6.40000000000E+01   6.60000000000E+01
   6.80000000000E+01   7.00000000000E+01   7.20000000000E+01   7.40000000000E+01
   7.60000000000E+01   7.80000000000E+01   8.00000000000E+01   8.50000000000E+01
   9.00000000000E+01   9.50000000000E+01   1.00000000000E+02   1.10000000000E+02
   1.20000000000E+02   1.30000000000E+02   1.40000000000E+02   1.50000000000E+02
   1.60000000000E+02   1.70000000000E+02   1.80000000000E+02   1.90000000000E+02
   2.00000000000E+02   0.00000000000E+00   3.08426900000E-05   8.84876500000E-05
   1.94123900000E-04   3.66837900000E-04   6.31083700000E-04   1.01920000000E-03
   1.57510400000E-03   2.35969000000E-03   3.45837900000E-03   4.99006400000E-03
   7.11277700000E-03   1.00139700000E-02   1.38745900000E-02   1.88194000000E-02
   2.48438300000E-02   3.19241300000E-02   4.09068400000E-02   5.39052000000E-02
   7.35894200000E-02   1.02837100000E-01   1.43596500000E-01   1.92526000000E-01
   2.35107200000E-01   2.52836300000E-01   2.45424900000E-01   2.30061800000E-01
   2.21205700000E-01   2.23792900000E-01   2.35494100000E-01   2.48338300000E-01
   2.51873500000E-01   2.40390300000E-01   2.16979200000E-01   1.88964500000E-01
   1.62008700000E-01   1.38626600000E-01   1.19274600000E-01   1.03535900000E-01
   9.07661000000E-02   7.15420900000E-02   5.82454400000E-02   4.86766000000E-02
   4.15425600000E-02   3.60647300000E-02   3.17569400000E-02   2.83040000000E-02
   2.54941600000E-02   2.31804400000E-02   2.12577000000E-02   1.82952100000E-02
   1.61851700000E-02   1.46697600000E-02   1.35801300000E-02   1.28000000000E-02
   1.22464100000E-02   1.18587700000E-02   1.15922500000E-02   1.14133800000E-02
   1.12970800000E-02   1.12245400000E-02   1.11816100000E-02   1.11577200000E-02
   1.11449700000E-02   1.11374700000E-02   1.11308800000E-02   1.11220500000E-02
   1.11086900000E-02   1.10892300000E-02   1.10625800000E-02   1.10280800000E-02
   1.09853600000E-02   1.09342800000E-02   1.08748900000E-02   1.08073800000E-02
   1.06050500000E-02   1.03600400000E-02   1.00800300000E-02   9.77330400000E-03
   9.11322300000E-03   8.44478400000E-03   7.82817800000E-03   7.31827900000E-03
   6.68394100000E-03   6.13593100000E-03   5.65868100000E-03   5.24005600000E-03
   4.87046900000E-03   4.54225600000E-03   0.00000000000E+00   1.00000000000E+00
   5.77148000000E-01   1.54296500000E-01   2.43642300000E-01   2.83930900000E-01
   2.96028200000E-01   2.70255400000E-01   3.10385000000E-01   3.07150900000E-01
   2.62656700000E-01   1.86607800000E-01   2.01022700000E-01   2.16751900000E-01
   2.35502000000E-01   2.32305800000E+00   5.92028700000E+00   6.33370300000E+00
   6.98578800000E+00   7.90631200000E+00   7.97088700000E+00   8.00052700000E+00
   7.98917400000E+00   7.93529100000E+00   7.98673200000E+00   8.01333600000E+00
   8.01589800000E+00   8.07317800000E+00   9.32644700000E+00   1.05731400000E+01
   1.14368900000E+01   1.20680400000E+01   1.22452200000E+01   1.24217300000E+01
   1.26113300000E+01   1.27995000000E+01   1.28845100000E+01   1.29544700000E+01
   1.30077700000E+01   1.30457400000E+01   1.31436600000E+01   1.32045200000E+01
   1.36630000000E+01   1.43995100000E+01   1.56476000000E+01   1.67490000000E+01
   1.73757700000E+01   1.79828900000E+01   1.84445200000E+01   1.89021500000E+01
   2.00462800000E+01   2.12654200000E+01   2.24839600000E+01   2.34153300000E+01
   2.44089900000E+01   2.56229800000E+01   2.68525200000E+01   2.79906800000E+01
   2.91079100000E+01   3.02488100000E+01   3.14252200000E+01   3.25264300000E+01
   3.36257500000E+01   3.46916500000E+01   3.57882400000E+01   3.68757300000E+01
   3.79862900000E+01   3.90490600000E+01   4.00972600000E+01   4.11782100000E+01
   4.22505700000E+01   4.32925200000E+01   4.43277100000E+01   4.53695200000E+01
   4.64129400000E+01   4.90337600000E+01   5.15687600000E+01   5.40950800000E+01
   5.66196000000E+01   6.16925300000E+01   6.66079500000E+01   7.15157200000E+01
   7.65728000000E+01   8.16533800000E+01   8.67538100000E+01   9.19992700000E+01
   9.70570200000E+01   1.02170200000E+02   1.07365100000E+02                   5
   0.00000000000E+00                   1                   1                  89
   0.00000000000E+00   3.08426900000E-05   8.84876500000E-05   1.94123900000E-04
   3.66837900000E-04   6.31083700000E-04   1.01920000000E-03   1.57510400000E-03
   2.35969000000E-03   3.45837900000E-03   4.99006400000E-03   7.11277700000E-03
   1.00139700000E-02   1.38745900000E-02   1.88194000000E-02   2.48438300000E-02
   3.19241300000E-02   4.09068400000E-02   5.39052000000E-02   7.35894200000E-02
   1.02837100000E-01   1.43596500000E-01   1.92526000000E-01   2.35107200000E-01
   2.52836300000E-01   2.45424900000E-01   2.30061800000E-01   2.21205700000E-01
   2.23792900000E-01   2.35494100000E-01   2.48338300000E-01   2.51873500000E-01
   2.40390300000E-01   2.16979200000E-01   1.88964500000E-01   1.62008700000E-01
   1.38626600000E-01   1.19274600000E-01   1.03535900000E-01   9.07661000000E-02
   7.15420900000E-02   5.82454400000E-02   4.86766000000E-02   4.15425600000E-02
   3.60647300000E-02   3.17569400000E-02   2.83040000000E-02   2.54941600000E-02
   2.31804400000E-02   2.12577000000E-02   1.82952100000E-02   1.61851700000E-02
   1.46697600000E-02   1.35801300000E-02   1.28000000000E-02   1.22464100000E-02
   1.18587700000E-02   1.15922500000E-02   1.14133800000E-02   1.12970800000E-02
   1.12245400000E-02   1.11816100000E-02   1.11577200000E-02   1.11449700000E-02
   1.11374700000E-02   1.11308800000E-02   1.11220500000E-02   1.11086900000E-02
   1.10892300000E-02   1.10625800000E-02   1.10280800000E-02   1.09853600000E-02
   1.09342800000E-02   1.08748900000E-02   1.08073800000E-02   1.06050500000E-02
   1.03600400000E-02   1.00800300000E-02   9.77330400000E-03   9.11322300000E-03
   8.44478400000E-03   7.82817800000E-03   7.31827900000E-03   6.68394100000E-03
   6.13593100000E-03   5.65868100000E-03   5.24005600000E-03   4.87046900000E-03
   4.54225600000E-03                   1                   1                 446
                 523                 600                 601                 602
                 603                 757                 758                 758
                 759                   2                   1               54174
               54265               54356               54357               54358
               54359               54537               54538               54538
               54539                   9                   1               68258
               68332               68406               68407               68408
               68409               68559               68560               68560
               68561                  31                   1              121613
              121677              121741              121742              121743
              121744              121872              121873              121873
              121874                  32                   1              167491
              167555              167619              167620              167621
              167622              167752              167753              167753
              167754                  33                   1              213667
              213723              213779              213780              213781
              213782              213902              213903              213903
              213904                  34                   1              256850
              256937              257024              257025              257026
              257027              257207              257208              257208
              257209                  15                  75   0.00000000000E+00
   1.52179600000E-03   3.14119600000E-02   4.04552900000E-02   5.33938500000E-02
   7.29798400000E-02   1.02129100000E-01   1.42808900000E-01   1.91719000000E-01
   2.34379200000E-01   2.52271800000E-01   2.45033700000E-01   2.29797200000E-01
   2.25525400000E-01   2.70117100000E-01   3.37387700000E-01   3.95393800000E-01
   4.25688100000E-01   4.19333200000E-01   3.85504600000E-01   3.40117800000E-01
   2.94056000000E-01   2.53110300000E-01   2.18815200000E-01   1.90815200000E-01
   1.67866400000E-01   1.33014700000E-01   1.08706800000E-01   9.17892200000E-02
   8.29324900000E-02   7.72584800000E-02   7.12930000000E-02   6.54652800000E-02
   6.00412500000E-02   5.52914900000E-02   5.14687400000E-02   4.63157900000E-02
   4.30352700000E-02   4.03282100000E-02   3.82401500000E-02   3.68168400000E-02
   3.62083400000E-02   3.60354300000E-02   3.61091900000E-02   3.63845300000E-02
   3.68380900000E-02   3.74922500000E-02   3.81933800000E-02   3.88992900000E-02
   3.96879700000E-02   4.04274500000E-02   4.12461200000E-02   4.20040200000E-02
   4.27514400000E-02   4.34954100000E-02   4.41185600000E-02   4.47708500000E-02
   4.54260100000E-02   4.60004300000E-02   4.65567500000E-02   4.69876500000E-02
   4.79127600000E-02   4.85855800000E-02   4.90302600000E-02   4.91166300000E-02
   4.87571400000E-02   4.77970000000E-02   4.67840900000E-02   4.57604100000E-02
   4.37388600000E-02   4.18484300000E-02   4.01126400000E-02   3.85636400000E-02
   3.71484200000E-02   3.57521500000E-02                  15                  75
   0.00000000000E+00   9.16594700000E-04   2.36504600000E-01   4.60616600000E-01
   6.84598600000E-01   9.08959800000E-01   9.49630400000E-01   9.90413000000E-01
   1.03119600000E+00   1.07186900000E+00   1.10245300000E+00   1.13283300000E+00
   1.16302500000E+00   1.21740400000E+00   1.42101500000E+00   1.66269000000E+00
   1.82107000000E+00   1.90473600000E+00   2.11619000000E+00   2.30842200000E+00
   2.49362500000E+00   2.67097600000E+00   2.82214300000E+00   2.97155200000E+00
   3.12179100000E+00   3.26977500000E+00   3.57651600000E+00   3.88068500000E+00
   4.13095000000E+00   4.59568600000E+00   5.09992400000E+00   5.52097900000E+00
   5.97653400000E+00   6.37912300000E+00   6.75812900000E+00   7.16165900000E+00
   8.05281100000E+00   8.94847400000E+00   9.75902600000E+00   1.05797500000E+01
   1.14028200000E+01   1.22187500000E+01   1.30691600000E+01   1.39134300000E+01
   1.47677700000E+01   1.56066800000E+01   1.64632900000E+01   1.73549200000E+01
   1.82436100000E+01   1.91284600000E+01   2.00011900000E+01   2.08955400000E+01
   2.17827900000E+01   2.26927100000E+01   2.36332900000E+01   2.45432600000E+01
   2.54437100000E+01   2.63846500000E+01   2.73194500000E+01   2.82855900000E+01
   2.92179800000E+01   3.15318900000E+01   3.39456100000E+01   3.63628400000E+01
   3.87634200000E+01   4.34981700000E+01   4.83774000000E+01   5.32380100000E+01
   5.79570700000E+01   6.26397200000E+01   6.73545000000E+01   7.18912000000E+01
   7.65940100000E+01   8.12705500000E+01   8.58164500000E+01                   5
                  -1                   1                   6                   5
                   0                  75   1.00000000000E+00   7.96680700000E+00
   8.50000000000E+00   9.00000000000E+00   9.50000000000E+00   1.00000000000E+01
   1.05000000000E+01   1.10000000000E+01   1.15000000000E+01   1.20000000000E+01
   1.25000000000E+01   1.30000000000E+01   1.35000000000E+01   1.40000000000E+01
   1.45000000000E+01   1.50000000000E+01   1.55000000000E+01   1.60000000000E+01
   1.65000000000E+01   1.70000000000E+01   1.75000000000E+01   1.80000000000E+01
   1.85000000000E+01   1.90000000000E+01   1.95000000000E+01   2.00000000000E+01
   2.10000000000E+01   2.20000000000E+01   2.30000000000E+01   2.40000000000E+01
   2.50000000000E+01   2.60000000000E+01   2.70000000000E+01   2.80000000000E+01
   2.90000000000E+01   3.00000000000E+01   3.20000000000E+01   3.40000000000E+01
   3.60000000000E+01   3.80000000000E+01   4.00000000000E+01   4.20000000000E+01
   4.40000000000E+01   4.60000000000E+01   4.80000000000E+01   5.00000000000E+01
   5.20000000000E+01   5.40000000000E+01   5.60000000000E+01   5.80000000000E+01
   6.00000000000E+01   6.20000000000E+01   6.40000000000E+01   6.60000000000E+01
   6.80000000000E+01   7.00000000000E+01   7.20000000000E+01   7.40000000000E+01
   7.60000000000E+01   7.80000000000E+01   8.00000000000E+01   8.50000000000E+01
   9.00000000000E+01   9.50000000000E+01   1.00000000000E+02   1.10000000000E+02
   1.20000000000E+02   1.30000000000E+02   1.40000000000E+02   1.50000000000E+02
   1.60000000000E+02   1.70000000000E+02   1.80000000000E+02   1.90000000000E+02
   2.00000000000E+02   0.00000000000E+00   0.00000000000E+00   9.83956600000E-01
   9.88961500000E-01   9.90513900000E-01   9.91716500000E-01   9.93115300000E-01
   9.94515200000E-01   9.95808400000E-01   9.96903500000E-01   9.97767300000E-01
   9.98406000000E-01   9.98849900000E-01   1.01952800000E+00   1.20699600000E+00
   1.43268000000E+00   1.59215800000E+00   1.69008700000E+00   1.74438500000E+00
   1.77668900000E+00   1.79990300000E+00   1.81506300000E+00   1.82584200000E+00
   1.83455000000E+00   1.84298600000E+00   1.84943900000E+00   1.85925100000E+00
   1.86635700000E+00   1.88569500000E+00   1.99632600000E+00   2.14221700000E+00
   2.24495800000E+00   2.31293400000E+00   2.35509800000E+00   2.38526500000E+00
   2.42118100000E+00   2.53158000000E+00   2.65893200000E+00   2.74907100000E+00
   2.81589000000E+00   2.87631600000E+00   2.95664900000E+00   3.03871600000E+00
   3.11494200000E+00   3.18788400000E+00   3.26085100000E+00   3.34020400000E+00
   3.41573200000E+00   3.48631200000E+00   3.56106600000E+00   3.62985900000E+00
   3.70555800000E+00   3.77664400000E+00   3.84846800000E+00   3.92231100000E+00
   3.98809000000E+00   4.05971400000E+00   4.13514100000E+00   4.20699200000E+00
   4.28112400000E+00   4.34773700000E+00   4.51791900000E+00   4.68971000000E+00
   4.86409900000E+00   5.02559100000E+00   5.35015300000E+00   5.65994300000E+00
   5.97637000000E+00   6.25289200000E+00   6.54387300000E+00   6.82022500000E+00
   7.08869100000E+00   7.35939500000E+00   7.62727800000E+00   7.87101200000E+00
                   0                   1                   0                   4
                  10                   0                   2   1.00000000000E+00
   2.00000000000E+02   1.00000000000E+00   1.00000000000E+00                   0
                  31   1.00000000000E+00   7.96680700000E+00   1.00000000000E+01
   1.20000000000E+01   1.40000000000E+01   1.60000000000E+01   1.80000000000E+01
   2.00000000000E+01   2.20000000000E+01   2.40000000000E+01   2.60000000000E+01
   2.80000000000E+01   3.00000000000E+01   3.20000000000E+01   3.60000000000E+01
   4.00000000000E+01   4.40000000000E+01   4.80000000000E+01   5.00000000000E+01
   5.20000000000E+01   5.60000000000E+01   6.00000000000E+01   7.00000000000E+01
   8.00000000000E+01   9.00000000000E+01   1.00000000000E+02   1.20000000000E+02
   1.40000000000E+02   1.60000000000E+02   1.80000000000E+02   2.00000000000E+02
                  74                  85                  96                 164
                 544                1228                2077                3025
                4039                5119                6447                7827
                9246               10704               12201               13750
               15582               17459               19366               21288
               23225               25192               27174               29471
               31802               34445               37107               40091
               43382               46719               50056                   2
                   3   0.00000000000E+00   5.00000000000E-07   1.00000000000E-06
   0.00000000000E+00   2.00000000000E+06   0.00000000000E+00   0.00000000000E+00
   5.00000000000E-01   1.00000000000E+00                   2                   3
   0.00000000000E+00   5.00000000000E-07   1.00000000000E-06   0.00000000000E+00
   2.00000000000E+06   0.00000000000E+00   0.00000000000E+00   5.00000000000E-01
   1.00000000000E+00                   2                  22   0.00000000000E+00
   2.50000000000E-02   1.00000000000E-01   2.00000000000E-01   3.00000000000E-01
   4.00000000000E-01   5.00000000000E-01   6.00000000000E-01   7.00000000000E-01
   8.00000000000E-01   9.00000000000E-01   1.00000000000E+00   1.10000000000E+00
   1.20000000000E+00   1.30000000000E+00   1.40000000000E+00   1.50000000000E+00
   1.60000000000E+00   1.70000000000E+00   1.80000000000E+00   1.90000000000E+00
   2.00000000000E+00   0.00000000000E+00   1.25185000000E-01   4.80553900000E-01
   5.25395700000E-01   5.65558400000E-01   6.15757300000E-01   6.66212600000E-01
   7.02409500000E-01   7.14464900000E-01   7.00588700000E-01   6.65287200000E-01
   6.15693100000E-01   5.58706500000E-01   4.99690600000E-01   4.42259100000E-01
   3.88553600000E-01   1.72477200000E-01   5.71001200000E-01   2.15881400000E-01
   1.84180700000E-01   5.83115900000E-01   2.59378600000E-01   0.00000000000E+00
   1.56481249000E-03   2.42800211000E-02   7.45775008000E-02   1.29125205000E-01
   1.88190990000E-01   2.52289485000E-01   3.20720589000E-01   3.91564309000E-01
   4.62316988000E-01   5.30610783000E-01   5.94659798000E-01   6.53379777000E-01
   7.06299632000E-01   7.53397117000E-01   7.94937751000E-01   8.22989291000E-01
   8.60163211000E-01   8.99507341000E-01   9.19510446000E-01   9.57875275000E-01
   1.00000000000E+00                   2                  42   0.00000000000E+00
   2.50000000000E-02   1.00000000000E-01   2.00000000000E-01   3.00000000000E-01
   4.00000000000E-01   5.00000000000E-01   6.00000000000E-01   7.00000000000E-01
   8.00000000000E-01   9.00000000000E-01   1.00000000000E+00   1.10000000000E+00
   1.20000000000E+00   1.30000000000E+00   1.40000000000E+00   1.50000000000E+00
   1.60000000000E+00   1.70000000000E+00   1.80000000000E+00   1.90000000000E+00
   2.00000000000E+00   2.10000000000E+00   2.20000000000E+00   2.30000000000E+00
   2.40000000000E+00   2.50000000000E+00   2.60000000000E+00   2.70000000000E+00
   2.80000000000E+00   2.90000000000E+00   3.00000000000E+00   3.10000000000E+00
   3.20000000000E+00   3.30000000000E+00   3.40000000000E+00   3.50000000000E+00
   3.60000000000E+00   3.70000000000E+00   3.80000000000E+00   3.90000000000E+00
   4.00000000000E+00   0.00000000000E+00   1.10198200000E-01   4.25987600000E-01
   4.68189200000E-01   5.07454000000E-01   5.56570800000E-01   6.06346700000E-01
   6.43216100000E-01   6.57828600000E-01   6.48325800000E-01   6.18718700000E-01
   5.75513500000E-01   5.25060000000E-01   4.72326500000E-01   4.20682600000E-01
   3.72145900000E-01   3.27743000000E-01   2.87840500000E-01   2.52398900000E-01
   2.21149600000E-01   1.93711000000E-01   1.69659400000E-01   1.48571300000E-01
   1.30047000000E-01   1.13722000000E-01   9.92720300000E-02   8.64134300000E-02
   7.49020900000E-02   6.45299400000E-02   5.51211300000E-02   4.65273400000E-02
   3.86237800000E-02   3.13090700000E-02   2.70482500000E-02   2.33410600000E-02
   2.01200500000E-02   9.53886200000E-03   2.29533700000E-02   1.25462300000E-02
   1.36416300000E-02   2.30156200000E-02   1.20738000000E-02   0.00000000000E+00
   1.37747748000E-03   2.14844447000E-02   6.61932841000E-02   1.14975443000E-01
   1.68176683000E-01   2.26322557000E-01   2.88800696000E-01   3.53852930000E-01
   4.19160649000E-01   4.82512874000E-01   5.42224483000E-01   5.97253157000E-01
   6.47122481000E-01   6.91772936000E-01   7.31414360000E-01   7.66408805000E-01
   7.97187979000E-01   8.24199949000E-01   8.47877374000E-01   8.68620404000E-01
   8.86788923000E-01   9.02700458000E-01   9.16631373000E-01   9.28819823000E-01
   9.39469524000E-01   9.48753797000E-01   9.56819573000E-01   9.63791174000E-01
   9.69773728000E-01   9.74856151000E-01   9.79113707000E-01   9.82610350000E-01
   9.85528216000E-01   9.88047681000E-01   9.90220736000E-01   9.91703682000E-01
   9.93328294000E-01   9.95103274000E-01   9.96412667000E-01   9.98245529000E-01
   1.00000000000E+00                   0                   0                   0
                   0                   0                   0                   0
                   0                   0                   0                   0
                   0                   0                   0                   0
                   0                   0                   0                   0
                   0                   0                   0                   0
                   0                   0                   0                   0
                   0                   0                   0                   0
                   0                   0                   0                   0
                   0                   0                   0                   0
                   0                   0                   0                   0
                   0                   0                   0                   0
                   0                   0                   0                   0
                   0                   0                   0                   0
                   0                   0                   0                   0
                   0                   0                   0                   0
                   0                   0                   0                   0
                   0                   0                   0                   0
                   0                   0                   0                   0
                   0                   0                   0                   0
                   0                   0                   0                   0
                   0                   0                   0                   0
                   0                   0                   0                   0
                   0                   0                   0                   0
                   0                   0                   0                   0
                   0                   0                   0                   0
                   0                   0                   0                   0
                   0                   0                   0                   0
                   0                   0                   0                   0
                   0                   0                   0                   0
                   0                   0                   0                   0
                   0                   0                   0                   0
                   0                   0                   0                   0
                   0
