 62152.00u  150.614700  0.0000E+00   05/27/20
Ace Sm152 IAEA-PD                                                        mat6249
      0         0.      0         0.      0         0.      0         0.
      0         0.      0         0.      0         0.      0         0.
      0         0.      0         0.      0         0.      0         0.
      0         0.      0         0.      0         0.      0         0.
   336155    62152       89        1        7        2       12        0
        0        0        0        0        0        0        0        1
        1       90       90        0      179      268      269      270
      271      362      446        0        0        0        0        0
        0        0        0        0        0        0        0        0
        0        0        0        0        0        0        0        0
   9.99999000000E-01   1.00000000000E+00   1.50000000000E+00   2.00000000000E+00
   2.50000000000E+00   3.00000000000E+00   3.50000000000E+00   4.00000000000E+00
   4.50000000000E+00   5.00000000000E+00   5.50000000000E+00   6.00000000000E+00
   6.50000000000E+00   7.00000000000E+00   7.50000000000E+00   8.00000000000E+00
   8.50000000000E+00   9.00000000000E+00   9.50000000000E+00   1.00000000000E+01
   1.05000000000E+01   1.10000000000E+01   1.15000000000E+01   1.20000000000E+01
   1.25000000000E+01   1.30000000000E+01   1.35000000000E+01   1.40000000000E+01
   1.45000000000E+01   1.50000000000E+01   1.55000000000E+01   1.60000000000E+01
   1.65000000000E+01   1.70000000000E+01   1.75000000000E+01   1.80000000000E+01
   1.85000000000E+01   1.90000000000E+01   1.95000000000E+01   2.00000000000E+01
   2.10000000000E+01   2.20000000000E+01   2.30000000000E+01   2.40000000000E+01
   2.50000000000E+01   2.60000000000E+01   2.70000000000E+01   2.80000000000E+01
   2.90000000000E+01   3.00000000000E+01   3.20000000000E+01   3.40000000000E+01
   3.60000000000E+01   3.80000000000E+01   4.00000000000E+01   4.20000000000E+01
   4.40000000000E+01   4.60000000000E+01   4.80000000000E+01   5.00000000000E+01
   5.20000000000E+01   5.40000000000E+01   5.60000000000E+01   5.80000000000E+01
   6.00000000000E+01   6.20000000000E+01   6.40000000000E+01   6.60000000000E+01
   6.80000000000E+01   7.00000000000E+01   7.20000000000E+01   7.40000000000E+01
   7.60000000000E+01   7.80000000000E+01   8.00000000000E+01   8.50000000000E+01
   9.00000000000E+01   9.50000000000E+01   1.00000000000E+02   1.10000000000E+02
   1.20000000000E+02   1.30000000000E+02   1.40000000000E+02   1.50000000000E+02
   1.60000000000E+02   1.70000000000E+02   1.80000000000E+02   1.90000000000E+02
   2.00000000000E+02   0.00000000000E+00   3.11261700000E-05   8.96816900000E-05
   1.97168300000E-04   3.72870800000E-04   6.41235100000E-04   1.03419900000E-03
   1.59454500000E-03   2.38069400000E-03   3.47321500000E-03   4.98220100000E-03
   7.05127800000E-03   9.84901400000E-03   1.35495300000E-02   1.83593800000E-02
   2.46075400000E-02   3.26206500000E-02   4.26604500000E-02   5.59486800000E-02
   7.49948700000E-02   1.02488600000E-01   1.40046400000E-01   1.85354400000E-01
   2.28183000000E-01   2.53522200000E-01   2.56388500000E-01   2.47557900000E-01
   2.41015100000E-01   2.43937700000E-01   2.54916900000E-01   2.64596100000E-01
   2.61145400000E-01   2.40925600000E-01   2.10785100000E-01   1.79461100000E-01
   1.51772800000E-01   1.28986500000E-01   1.10723200000E-01   9.61480300000E-02
   8.44458400000E-02   6.69134500000E-02   5.47797400000E-02   4.60022000000E-02
   3.94142400000E-02   3.43216000000E-02   3.02922600000E-02   2.70459100000E-02
   2.43935400000E-02   2.22031800000E-02   2.03797900000E-02   1.75689400000E-02
   1.55717400000E-02   1.41454900000E-02   1.31286400000E-02   1.24087200000E-02
   1.19050600000E-02   1.15587800000E-02   1.13263800000E-02   1.11755800000E-02
   1.10823300000E-02   1.10286900000E-02   1.10012900000E-02   1.09901800000E-02
   1.09879700000E-02   1.09892100000E-02   1.09899300000E-02   1.09872300000E-02
   1.09790700000E-02   1.09640500000E-02   1.09412500000E-02   1.09101200000E-02
   1.08703700000E-02   1.08219700000E-02   1.07650000000E-02   1.06997100000E-02
   1.05023300000E-02   1.02617100000E-02   9.98576500000E-03   9.68290600000E-03
   9.03015100000E-03   8.36847800000E-03   7.75784100000E-03   7.25277200000E-03
   6.62425700000E-03   6.08123600000E-03   5.60830500000E-03   5.19345200000E-03
   4.82718300000E-03   4.50191000000E-03   0.00000000000E+00   1.00000000000E+00
   6.01259900000E-01   2.02520500000E-01   2.41961200000E-01   2.58135000000E-01
   2.67547100000E-01   2.57274100000E-01   3.10568600000E-01   3.17542700000E-01
   2.71368600000E-01   1.77349700000E-01   1.59190500000E-01   1.31091900000E-01
   9.98154400000E-02   6.91001600000E-02   7.32604800000E+00   7.32776800000E+00
   7.66166900000E+00   8.15533600000E+00   8.20157000000E+00   8.22868000000E+00
   8.24389200000E+00   8.24159900000E+00   8.30189100000E+00   8.33663600000E+00
   8.33958900000E+00   8.33292000000E+00   9.31725000000E+00   1.03665300000E+01
   1.12265600000E+01   1.18706400000E+01   1.21573700000E+01   1.24332900000E+01
   1.27285300000E+01   1.30274700000E+01   1.31269100000E+01   1.32063300000E+01
   1.32657900000E+01   1.33036300000E+01   1.34420300000E+01   1.35321200000E+01
   1.42903500000E+01   1.55752300000E+01   1.69884200000E+01   1.81907400000E+01
   1.88980900000E+01   1.94960200000E+01   1.98899500000E+01   2.02881200000E+01
   2.15933400000E+01   2.29923100000E+01   2.43254000000E+01   2.51817200000E+01
   2.61134000000E+01   2.75336500000E+01   2.90254000000E+01   3.03382000000E+01
   3.15741300000E+01   3.28034600000E+01   3.39711300000E+01   3.51929400000E+01
   3.63809200000E+01   3.74652400000E+01   3.86001600000E+01   3.97984900000E+01
   4.10438100000E+01   4.22614200000E+01   4.34687700000E+01   4.46518700000E+01
   4.58375200000E+01   4.69983400000E+01   4.81048400000E+01   4.92161700000E+01
   5.03091900000E+01   5.29571200000E+01   5.56662300000E+01   5.85947800000E+01
   6.14419100000E+01   6.71421100000E+01   7.27612800000E+01   7.84307900000E+01
   8.41080200000E+01   8.99446100000E+01   9.57347400000E+01   1.01611500000E+02
   1.07424300000E+02   1.13273700000E+02   1.19110300000E+02                   5
   0.00000000000E+00                   1                   1                  89
   0.00000000000E+00   3.11261700000E-05   8.96816900000E-05   1.97168300000E-04
   3.72870800000E-04   6.41235100000E-04   1.03419900000E-03   1.59454500000E-03
   2.38069400000E-03   3.47321500000E-03   4.98220100000E-03   7.05127800000E-03
   9.84901400000E-03   1.35495300000E-02   1.83593800000E-02   2.46075400000E-02
   3.26206500000E-02   4.26604500000E-02   5.59486800000E-02   7.49948700000E-02
   1.02488600000E-01   1.40046400000E-01   1.85354400000E-01   2.28183000000E-01
   2.53522200000E-01   2.56388500000E-01   2.47557900000E-01   2.41015100000E-01
   2.43937700000E-01   2.54916900000E-01   2.64596100000E-01   2.61145400000E-01
   2.40925600000E-01   2.10785100000E-01   1.79461100000E-01   1.51772800000E-01
   1.28986500000E-01   1.10723200000E-01   9.61480300000E-02   8.44458400000E-02
   6.69134500000E-02   5.47797400000E-02   4.60022000000E-02   3.94142400000E-02
   3.43216000000E-02   3.02922600000E-02   2.70459100000E-02   2.43935400000E-02
   2.22031800000E-02   2.03797900000E-02   1.75689400000E-02   1.55717400000E-02
   1.41454900000E-02   1.31286400000E-02   1.24087200000E-02   1.19050600000E-02
   1.15587800000E-02   1.13263800000E-02   1.11755800000E-02   1.10823300000E-02
   1.10286900000E-02   1.10012900000E-02   1.09901800000E-02   1.09879700000E-02
   1.09892100000E-02   1.09899300000E-02   1.09872300000E-02   1.09790700000E-02
   1.09640500000E-02   1.09412500000E-02   1.09101200000E-02   1.08703700000E-02
   1.08219700000E-02   1.07650000000E-02   1.06997100000E-02   1.05023300000E-02
   1.02617100000E-02   9.98576500000E-03   9.68290600000E-03   9.03015100000E-03
   8.36847800000E-03   7.75784100000E-03   7.25277200000E-03   6.62425700000E-03
   6.08123600000E-03   5.60830500000E-03   5.19345200000E-03   4.82718300000E-03
   4.50191000000E-03                   1                   1                 446
                 523                 600                 601                 602
                 603                 759                 760                 760
                 761                   2                   1               56149
               56240               56331               56332               56333
               56334               56512               56513               56513
               56514                   9                   1               70344
               70419               70494               70495               70496
               70497               70649               70650               70650
               70651                  31                   1              124142
              124206              124270              124271              124272
              124273              124403              124404              124404
              124405                  32                   1              170987
              171051              171115              171116              171117
              171118              171252              171253              171253
              171254                  33                   1              219712
              219771              219830              219831              219832
              219833              219957              219958              219958
              219959                  34                   1              264548
              264639              264730              264731              264732
              264733              264911              264912              264912
              264913                  15                  75   0.00000000000E+00
   0.00000000000E+00   2.96798700000E-02   4.16131000000E-02   5.48253300000E-02
   7.35826300000E-02   1.00770500000E-01   1.38087600000E-01   1.83306400000E-01
   2.26278000000E-01   2.51979300000E-01   2.55282200000E-01   2.46814700000E-01
   2.42160200000E-01   2.75157100000E-01   3.32623000000E-01   3.93984100000E-01
   4.28508800000E-01   4.18922600000E-01   3.78315200000E-01   3.28534900000E-01
   2.81470200000E-01   2.41480000000E-01   2.08619200000E-01   1.82074800000E-01
   1.60554400000E-01   1.27898700000E-01   1.05010700000E-01   9.10279600000E-02
   8.53510200000E-02   8.03469300000E-02   7.50051200000E-02   6.92648200000E-02
   6.36099600000E-02   5.85680400000E-02   5.45814400000E-02   4.99331900000E-02
   4.73042400000E-02   4.48418500000E-02   4.25622500000E-02   4.10575400000E-02
   4.07161700000E-02   4.11578400000E-02   4.16250400000E-02   4.19777600000E-02
   4.26561000000E-02   4.35378900000E-02   4.45311500000E-02   4.55003300000E-02
   4.64745900000E-02   4.74004100000E-02   4.83438400000E-02   4.92886100000E-02
   5.01865100000E-02   5.10724400000E-02   5.18787900000E-02   5.26217500000E-02
   5.32572000000E-02   5.39122900000E-02   5.44408000000E-02   5.49355100000E-02
   5.57452900000E-02   5.62293400000E-02   5.64391100000E-02   5.63223900000E-02
   5.54574500000E-02   5.40079900000E-02   5.24853800000E-02   5.11577400000E-02
   4.87042900000E-02   4.64242800000E-02   4.44047200000E-02   4.25741200000E-02
   4.08763500000E-02   3.92928500000E-02                  15                  75
   0.00000000000E+00   0.00000000000E+00   2.63844500000E-01   4.86821900000E-01
   6.93943500000E-01   8.99976800000E-01   9.35307300000E-01   9.71477600000E-01
   1.00800100000E+00   1.04447300000E+00   1.05947100000E+00   1.07399500000E+00
   1.08806400000E+00   1.10927700000E+00   1.20896000000E+00   1.35643700000E+00
   1.49988900000E+00   1.59997800000E+00   1.80518400000E+00   1.97656400000E+00
   2.13160400000E+00   2.27643200000E+00   2.38868600000E+00   2.49527100000E+00
   2.59962200000E+00   2.70210800000E+00   2.89431200000E+00   3.08104500000E+00
   3.25019700000E+00   3.63327000000E+00   4.07509500000E+00   4.46602300000E+00
   4.85041300000E+00   5.17411700000E+00   5.45724900000E+00   5.76750900000E+00
   6.44879700000E+00   7.25083900000E+00   7.94001700000E+00   8.59974800000E+00
   9.26656200000E+00   9.92137900000E+00   1.06866500000E+01   1.14757100000E+01
   1.21849500000E+01   1.29004400000E+01   1.36500800000E+01   1.44117700000E+01
   1.51652900000E+01   1.59300200000E+01   1.66910700000E+01   1.74520900000E+01
   1.82359600000E+01   1.90287200000E+01   1.98464200000E+01   2.06651900000E+01
   2.14551200000E+01   2.22346400000E+01   2.30572400000E+01   2.38617300000E+01
   2.46876800000E+01   2.66969600000E+01   2.87727400000E+01   3.08096400000E+01
   3.28720500000E+01   3.68701700000E+01   4.10188100000E+01   4.50440600000E+01
   4.90931300000E+01   5.30416200000E+01   5.70130300000E+01   6.08713500000E+01
   6.48253200000E+01   6.86855400000E+01   7.25708700000E+01                   5
                  -1                   1                   6                   5
                   0                  76   1.00000000000E+00   7.50000000000E+00
   8.00000000000E+00   8.50000000000E+00   9.00000000000E+00   9.50000000000E+00
   1.00000000000E+01   1.05000000000E+01   1.10000000000E+01   1.15000000000E+01
   1.20000000000E+01   1.25000000000E+01   1.30000000000E+01   1.35000000000E+01
   1.40000000000E+01   1.45000000000E+01   1.50000000000E+01   1.55000000000E+01
   1.60000000000E+01   1.65000000000E+01   1.70000000000E+01   1.75000000000E+01
   1.80000000000E+01   1.85000000000E+01   1.90000000000E+01   1.95000000000E+01
   2.00000000000E+01   2.10000000000E+01   2.20000000000E+01   2.30000000000E+01
   2.40000000000E+01   2.50000000000E+01   2.60000000000E+01   2.70000000000E+01
   2.80000000000E+01   2.90000000000E+01   3.00000000000E+01   3.20000000000E+01
   3.40000000000E+01   3.60000000000E+01   3.80000000000E+01   4.00000000000E+01
   4.20000000000E+01   4.40000000000E+01   4.60000000000E+01   4.80000000000E+01
   5.00000000000E+01   5.20000000000E+01   5.40000000000E+01   5.60000000000E+01
   5.80000000000E+01   6.00000000000E+01   6.20000000000E+01   6.40000000000E+01
   6.60000000000E+01   6.80000000000E+01   7.00000000000E+01   7.20000000000E+01
   7.40000000000E+01   7.60000000000E+01   7.80000000000E+01   8.00000000000E+01
   8.50000000000E+01   9.00000000000E+01   9.50000000000E+01   1.00000000000E+02
   1.10000000000E+02   1.20000000000E+02   1.30000000000E+02   1.40000000000E+02
   1.50000000000E+02   1.60000000000E+02   1.70000000000E+02   1.80000000000E+02
   1.90000000000E+02   2.00000000000E+02   0.00000000000E+00   0.00000000000E+00
   0.00000000000E+00   9.09849100000E-01   9.75449200000E-01   9.79921800000E-01
   9.81168800000E-01   9.83236200000E-01   9.86013200000E-01   9.88950900000E-01
   9.91651400000E-01   9.93914100000E-01   9.95685100000E-01   9.96997900000E-01
   1.00475100000E+00   1.12798100000E+00   1.30482900000E+00   1.48900200000E+00
   1.64088200000E+00   1.73880500000E+00   1.79479100000E+00   1.83067500000E+00
   1.85455000000E+00   1.87213400000E+00   1.88415100000E+00   1.89369200000E+00
   1.90127100000E+00   1.91140500000E+00   1.91696200000E+00   1.97877400000E+00
   2.16548700000E+00   2.34100200000E+00   2.47604900000E+00   2.56100900000E+00
   2.60765600000E+00   2.63782200000E+00   2.67821400000E+00   2.84212900000E+00
   3.03782600000E+00   3.17004600000E+00   3.24193900000E+00   3.30876500000E+00
   3.42007300000E+00   3.56074300000E+00   3.67505200000E+00   3.75620400000E+00
   3.84901900000E+00   3.94769400000E+00   4.04781200000E+00   4.14009000000E+00
   4.22958800000E+00   4.31335900000E+00   4.39892200000E+00   4.48599100000E+00
   4.57110800000E+00   4.65817300000E+00   4.74157800000E+00   4.82320500000E+00
   4.89930000000E+00   4.98174500000E+00   5.05720400000E+00   5.13429900000E+00
   5.30789700000E+00   5.47952900000E+00   5.65195700000E+00   5.81668300000E+00
   6.14136500000E+00   6.45374100000E+00   6.76546200000E+00   7.05354300000E+00
   7.35241600000E+00   7.63402000000E+00   7.91767200000E+00   8.19765400000E+00
   8.46795100000E+00   8.72804000000E+00                   0                   1
                   0                   4                  10                   0
                   2   1.00000000000E+00   2.00000000000E+02   1.00000000000E+00
   1.00000000000E+00                   0                  31   1.00000000000E+00
   8.00000000000E+00   1.00000000000E+01   1.20000000000E+01   1.40000000000E+01
   1.60000000000E+01   1.80000000000E+01   2.00000000000E+01   2.20000000000E+01
   2.40000000000E+01   2.60000000000E+01   2.80000000000E+01   3.00000000000E+01
   3.20000000000E+01   3.60000000000E+01   4.00000000000E+01   4.40000000000E+01
   4.80000000000E+01   5.00000000000E+01   5.20000000000E+01   5.60000000000E+01
   6.00000000000E+01   7.00000000000E+01   8.00000000000E+01   9.00000000000E+01
   1.00000000000E+02   1.20000000000E+02   1.40000000000E+02   1.60000000000E+02
   1.80000000000E+02   2.00000000000E+02                  74                  85
                 117                 329                 781                1553
                2479                3493                4573                5708
                7153                8637               10160               11722
               13297               14911               16818               18770
               20752               22734               24731               26743
               28770               31118               33500               36200
               38900               41926               45263               48623
               51983                   2                   3   0.00000000000E+00
   5.00000000000E-07   1.00000000000E-06   0.00000000000E+00   2.00000000000E+06
   0.00000000000E+00   0.00000000000E+00   5.00000000000E-01   1.00000000000E+00
                   2                  10   0.00000000000E+00   2.50000000000E-02
   1.00000000000E-01   2.00000000000E-01   3.00000000000E-01   4.00000000000E-01
   5.00000000000E-01   6.00000000000E-01   7.00000000000E-01   8.00000000000E-01
   0.00000000000E+00   5.09345500000E+00   8.51802600000E+00   1.36225000000E-07
   1.00000000000E-12   1.00000000000E-12   0.00000000000E+00   0.00000000000E+00
   0.00000000000E+00   0.00000000000E+00   0.00000000000E+00   6.36681850000E-02
   5.74098703000E-01   9.99999993000E-01   1.00000000000E+00   1.00000000000E+00
   1.00000000000E+00   1.00000000000E+00   1.00000000000E+00   1.00000000000E+00
                   2                  30   0.00000000000E+00   2.50000000000E-02
   1.00000000000E-01   2.00000000000E-01   3.00000000000E-01   4.00000000000E-01
   5.00000000000E-01   6.00000000000E-01   7.00000000000E-01   8.00000000000E-01
   9.00000000000E-01   1.00000000000E+00   1.10000000000E+00   1.20000000000E+00
   1.30000000000E+00   1.40000000000E+00   1.50000000000E+00   1.60000000000E+00
   1.70000000000E+00   1.80000000000E+00   1.90000000000E+00   2.00000000000E+00
   2.10000000000E+00   2.20000000000E+00   2.30000000000E+00   2.40000000000E+00
   2.50000000000E+00   2.60000000000E+00   2.70000000000E+00   2.80000000000E+00
   0.00000000000E+00   1.21665900000E-01   4.63923600000E-01   5.08576900000E-01
   5.43926200000E-01   5.86267100000E-01   6.28735700000E-01   6.59139000000E-01
   6.68662100000E-01   6.55051400000E-01   6.22653200000E-01   5.76908400000E-01
   5.23924400000E-01   3.84536100000E-01   6.75082100000E-01   8.47332400000E-01
   3.31274900000E-01   5.27928500000E-01   7.93235400000E-01   0.00000000000E+00
   0.00000000000E+00   0.00000000000E+00   0.00000000000E+00   0.00000000000E+00
   0.00000000000E+00   0.00000000000E+00   0.00000000000E+00   0.00000000000E+00
   0.00000000000E+00   0.00000000000E+00   0.00000000000E+00   1.52082377000E-03
   2.34804302000E-02   7.21054557000E-02   1.24730611000E-01   1.81240277000E-01
   2.41990417000E-01   3.06384153000E-01   3.72774209000E-01   4.38959884000E-01
   5.02845115000E-01   5.62823196000E-01   6.17864836000E-01   6.63287862000E-01
   7.16268772000E-01   7.92389498000E-01   8.51319864000E-01   8.94280034000E-01
   9.60338230000E-01   1.00000000000E+00   1.00000000000E+00   1.00000000000E+00
   1.00000000000E+00   1.00000000000E+00   1.00000000000E+00   1.00000000000E+00
   1.00000000000E+00   1.00000000000E+00   1.00000000000E+00   1.00000000000E+00
                   0                   0                   0                   0
                   0                   0                   0                   0
                   0                   0                   0                   0
                   0                   0                   0                   0
                   0                   0                   0                   0
                   0                   0                   0                   0
                   0                   0                   0                   0
                   0                   0                   0                   0
                   0                   0                   0                   0
                   0                   0                   0                   0
                   0                   0                   0                   0
                   0                   0                   0                   0
                   0                   0                   0                   0
                   0                   0                   0                   0
                   0                   0                   0                   0
                   0                   0                   0                   0
                   0                   0                   0                   0
                   0                   0                   0                   0
                   0                   0                   0                   0
                   0                   0                   0                   0
                   0                   0                   0                   0
                   0                   0                   0                   0
                   0                   0                   0                   0
                   0                   0                   0                   0
                   0                   0                   0                   0
                   0                   0                   0                   0
                   0                   0                   0                   0
                   0                   0                   0                   0
                   0                   0                   0                   0
                   0                   0                   0                   0
                   2                  50                   0                   0
                   0                   0                   0                   0
                   1                   1                   1                   1
                   1   1.00000000000E+00   1.10000000000E+00                   1
                   1   1.40000000000E+00                   2                   2
   1.70000000000E+00   1.80000000000E+00                   2                   2
                   2                   2                   2                   2
                   3                   3                   3                   3
                   3   3.00000000000E+00   3.10000000000E+00   3.20000000000E+00
   3.30000000000E+00   3.40000000000E+00   3.50000000000E+00                   4
                   4   3.80000000000E+00   3.90000000000E+00   4.00000000000E+00
   4.10000000000E+00                   4                   4                   4
                   5   4.60000000000E+00   4.70000000000E+00   4.80000000000E+00
   0.00000000000E+00   1.19421400000E-01   4.50196700000E-01   4.94705200000E-01
   5.31107800000E-01   5.75084200000E-01   6.19583900000E-01   6.52157600000E-01
   6.63892300000E-01   6.52509800000E-01   6.21402500000E-01   5.76673400000E-01
   5.24555200000E-01   4.70069200000E-01   4.16693600000E-01   3.66544300000E-01
   3.20715200000E-01   2.79609100000E-01   2.43199600000E-01   2.11215500000E-01
   1.83264100000E-01   1.58907300000E-01   1.37706400000E-01   1.19247200000E-01
   1.03152500000E-01   8.90861800000E-02   7.67545300000E-02   6.59037200000E-02
   5.63167500000E-02   4.78096500000E-02   4.11971300000E-02   3.55352000000E-02
   3.06198100000E-02   2.53464700000E-02   4.15854400000E-02   4.05123100000E-02
   1.73710300000E-02   2.38311800000E-02   3.25018100000E-02   0.00000000000E+00
   0.00000000000E+00   0.00000000000E+00   0.00000000000E+00   0.00000000000E+00
   0.00000000000E+00   0.00000000000E+00   0.00000000000E+00   0.00000000000E+00
   0.00000000000E+00   0.00000000000E+00   0.00000000000E+00   1.49276751000E-03
   2.28534464000E-02   7.00985418000E-02   1.21389192000E-01   1.76698793000E-01
   2.36432198000E-01   3.00019274000E-01   3.65821769000E-01   4.31641875000E-01
   4.95337490000E-01   5.55241286000E-01   6.10302716000E-01   6.60033936000E-01
   7.04372077000E-01   7.43533972000E-01   7.77896947000E-01   8.07913163000E-01
   8.34053598000E-01   8.56774353000E-01   8.76498333000E-01   8.93606903000E-01
   9.08437588000E-01   9.21285268000E-01   9.32405253000E-01   9.42017188000E-01
   9.50309223000E-01   9.57442136000E-01   9.63553159000E-01   9.68759479000E-01
   9.73209818000E-01   9.77046435000E-01   9.80354185000E-01   9.83152499000E-01
   9.86499095000E-01   9.90603982000E-01   9.93498149000E-01   9.95558260000E-01
   9.98374909000E-01   1.00000000000E+00   1.00000000000E+00   1.00000000000E+00
   1.00000000000E+00   1.00000000000E+00   1.00000000000E+00   1.00000000000E+00
   1.00000000000E+00   1.00000000000E+00   1.00000000000E+00   1.00000000000E+00
   0.00000000000E+00   0.00000000000E+00   0.00000000000E+00   0.00000000000E+00
   0.00000000000E+00   0.00000000000E+00   0.00000000000E+00   0.00000000000E+00
   0.00000000000E+00   0.00000000000E+00   0.00000000000E+00   0.00000000000E+00
   0.00000000000E+00   0.00000000000E+00   0.00000000000E+00   0.00000000000E+00
   0.00000000000E+00   0.00000000000E+00   0.00000000000E+00   0.00000000000E+00
   0.00000000000E+00   0.00000000000E+00   0.00000000000E+00   0.00000000000E+00
   0.00000000000E+00   0.00000000000E+00   0.00000000000E+00   0.00000000000E+00
   0.00000000000E+00                   0
