 62151.00u  149.623500  0.0000E+00   02/26/20
Ace Sm151 IAEA-PD                                                        mat6246
      0         0.      0         0.      0         0.      0         0.
      0         0.      0         0.      0         0.      0         0.
      0         0.      0         0.      0         0.      0         0.
      0         0.      0         0.      0         0.      0         0.
   365382    62151       89        1        7        2       12        0
        0        0        0        0        0        0        0        1
        1       90       90        0      179      268      269      270
      271      362      446        0        0        0        0        0
        0        0        0        0        0        0        0        0
        0        0        0        0        0        0        0        0
   9.99999000000E-01   1.00000000000E+00   1.50000000000E+00   2.00000000000E+00
   2.50000000000E+00   3.00000000000E+00   3.50000000000E+00   4.00000000000E+00
   4.50000000000E+00   5.00000000000E+00   5.50000000000E+00   6.00000000000E+00
   6.50000000000E+00   7.00000000000E+00   7.50000000000E+00   8.00000000000E+00
   8.50000000000E+00   9.00000000000E+00   9.50000000000E+00   1.00000000000E+01
   1.05000000000E+01   1.10000000000E+01   1.15000000000E+01   1.20000000000E+01
   1.25000000000E+01   1.30000000000E+01   1.35000000000E+01   1.40000000000E+01
   1.45000000000E+01   1.50000000000E+01   1.55000000000E+01   1.60000000000E+01
   1.65000000000E+01   1.70000000000E+01   1.75000000000E+01   1.80000000000E+01
   1.85000000000E+01   1.90000000000E+01   1.95000000000E+01   2.00000000000E+01
   2.10000000000E+01   2.20000000000E+01   2.30000000000E+01   2.40000000000E+01
   2.50000000000E+01   2.60000000000E+01   2.70000000000E+01   2.80000000000E+01
   2.90000000000E+01   3.00000000000E+01   3.20000000000E+01   3.40000000000E+01
   3.60000000000E+01   3.80000000000E+01   4.00000000000E+01   4.20000000000E+01
   4.40000000000E+01   4.60000000000E+01   4.80000000000E+01   5.00000000000E+01
   5.20000000000E+01   5.40000000000E+01   5.60000000000E+01   5.80000000000E+01
   6.00000000000E+01   6.20000000000E+01   6.40000000000E+01   6.60000000000E+01
   6.80000000000E+01   7.00000000000E+01   7.20000000000E+01   7.40000000000E+01
   7.60000000000E+01   7.80000000000E+01   8.00000000000E+01   8.50000000000E+01
   9.00000000000E+01   9.50000000000E+01   1.00000000000E+02   1.10000000000E+02
   1.20000000000E+02   1.30000000000E+02   1.40000000000E+02   1.50000000000E+02
   1.60000000000E+02   1.70000000000E+02   1.80000000000E+02   1.90000000000E+02
   2.00000000000E+02   0.00000000000E+00   2.17308700000E-05   6.27033100000E-05
   1.37648200000E-04   2.59306000000E-04   4.43265900000E-04   7.09145800000E-04
   1.08222000000E-03   1.59563300000E-03   2.29315900000E-03   3.23163800000E-03
   4.47996700000E-03   6.10822500000E-03   8.16755000000E-03   1.07029100000E-02
   1.38581100000E-02   1.79857000000E-02   2.36439200000E-02   3.15990100000E-02
   4.29365900000E-02   5.92251100000E-02   8.25476600000E-02   1.14799500000E-01
   1.54796200000E-01   1.93676300000E-01   2.19603100000E-01   2.34001400000E-01
   2.48487200000E-01   2.68187700000E-01   2.87757200000E-01   2.96951200000E-01
   2.89223300000E-01   2.66588700000E-01   2.36332500000E-01   2.05176500000E-01
   1.76860000000E-01   1.52659600000E-01   1.32549600000E-01   1.16004700000E-01
   1.02396800000E-01   8.15484300000E-02   6.68291600000E-02   5.60770000000E-02
   4.79718400000E-02   4.16936400000E-02   3.67183000000E-02   3.27003700000E-02
   2.94053800000E-02   2.66696400000E-02   2.43758500000E-02   2.07910500000E-02
   1.81823900000E-02   1.62641000000E-02   1.48484800000E-02   1.38049100000E-02
   1.30388100000E-02   1.24799300000E-02   1.20754200000E-02   1.17852400000E-02
   1.15789500000E-02   1.14334600000E-02   1.13312100000E-02   1.12589100000E-02
   1.12065000000E-02   1.11664100000E-02   1.11329700000E-02   1.11019300000E-02
   1.10701900000E-02   1.10354700000E-02   1.09961500000E-02   1.09511300000E-02
   1.08996900000E-02   1.08414100000E-02   1.07760800000E-02   1.07037000000E-02
   1.04929500000E-02   1.02434600000E-02   9.96168200000E-03   9.65507600000E-03
   8.99872700000E-03   8.33634700000E-03   7.72628800000E-03   7.22216800000E-03
   6.59566100000E-03   6.05456000000E-03   5.58341700000E-03   5.17020700000E-03
   4.80543900000E-03   4.48153100000E-03   0.00000000000E+00   1.00000000000E+00
   1.16062500000E-01   1.02492700000E-01   1.73638500000E-01   1.93901900000E-01
   1.63409700000E-01   8.66040000000E-02   3.86050600000E-01   6.98352300000E-01
   1.02339300000E+00   3.38379000000E+00   4.77694100000E+00   4.97842500000E+00
   5.10456000000E+00   5.55625200000E+00   5.63973700000E+00   5.67804300000E+00
   5.66586900000E+00   5.62727100000E+00   5.65784400000E+00   5.67750700000E+00
   5.67936000000E+00   5.65753100000E+00   5.71681100000E+00   5.75989600000E+00
   5.78725100000E+00   6.23555400000E+00   7.86782100000E+00   9.33763400000E+00
   1.04509500000E+01   1.13059600000E+01   1.16957600000E+01   1.20045300000E+01
   1.22801500000E+01   1.25208900000E+01   1.26460900000E+01   1.27443300000E+01
   1.28175800000E+01   1.28744800000E+01   1.35100600000E+01   1.43270100000E+01
   1.53940000000E+01   1.63030200000E+01   1.68093800000E+01   1.73301700000E+01
   1.76454900000E+01   1.79526200000E+01   1.82260800000E+01   1.85656000000E+01
   2.02350500000E+01   2.19889500000E+01   2.35171300000E+01   2.46535700000E+01
   2.56919000000E+01   2.69687900000E+01   2.82211400000E+01   2.93085100000E+01
   3.04376300000E+01   3.15559900000E+01   3.28214500000E+01   3.40946600000E+01
   3.53611000000E+01   3.65185100000E+01   3.76413500000E+01   3.87864500000E+01
   3.99260700000E+01   4.09986900000E+01   4.20378100000E+01   4.31170200000E+01
   4.41449300000E+01   4.52365200000E+01   4.63297700000E+01   4.74322500000E+01
   4.85342200000E+01   5.13864300000E+01   5.41675900000E+01   5.69004700000E+01
   5.96434100000E+01   6.53592400000E+01   7.08337900000E+01   7.66392700000E+01
   8.22629200000E+01   8.81421800000E+01   9.37777100000E+01   9.93501300000E+01
   1.05510200000E+02   1.11401400000E+02   1.17275200000E+02                   5
   0.00000000000E+00                   1                   1                  89
   0.00000000000E+00   2.17308700000E-05   6.27033100000E-05   1.37648200000E-04
   2.59306000000E-04   4.43265900000E-04   7.09145800000E-04   1.08222000000E-03
   1.59563300000E-03   2.29315900000E-03   3.23163800000E-03   4.47996700000E-03
   6.10822500000E-03   8.16755000000E-03   1.07029100000E-02   1.38581100000E-02
   1.79857000000E-02   2.36439200000E-02   3.15990100000E-02   4.29365900000E-02
   5.92251100000E-02   8.25476600000E-02   1.14799500000E-01   1.54796200000E-01
   1.93676300000E-01   2.19603100000E-01   2.34001400000E-01   2.48487200000E-01
   2.68187700000E-01   2.87757200000E-01   2.96951200000E-01   2.89223300000E-01
   2.66588700000E-01   2.36332500000E-01   2.05176500000E-01   1.76860000000E-01
   1.52659600000E-01   1.32549600000E-01   1.16004700000E-01   1.02396800000E-01
   8.15484300000E-02   6.68291600000E-02   5.60770000000E-02   4.79718400000E-02
   4.16936400000E-02   3.67183000000E-02   3.27003700000E-02   2.94053800000E-02
   2.66696400000E-02   2.43758500000E-02   2.07910500000E-02   1.81823900000E-02
   1.62641000000E-02   1.48484800000E-02   1.38049100000E-02   1.30388100000E-02
   1.24799300000E-02   1.20754200000E-02   1.17852400000E-02   1.15789500000E-02
   1.14334600000E-02   1.13312100000E-02   1.12589100000E-02   1.12065000000E-02
   1.11664100000E-02   1.11329700000E-02   1.11019300000E-02   1.10701900000E-02
   1.10354700000E-02   1.09961500000E-02   1.09511300000E-02   1.08996900000E-02
   1.08414100000E-02   1.07760800000E-02   1.07037000000E-02   1.04929500000E-02
   1.02434600000E-02   9.96168200000E-03   9.65507600000E-03   8.99872700000E-03
   8.33634700000E-03   7.72628800000E-03   7.22216800000E-03   6.59566100000E-03
   6.05456000000E-03   5.58341700000E-03   5.17020700000E-03   4.80543900000E-03
   4.48153100000E-03                   1                   1                 446
                 527                 608                 609                 610
                 611                 775                 776                 776
                 777                   2                   1               62146
               62237               62328               62329               62330
               62331               62511               62512               62512
               62513                   9                   1               76880
               76956               77032               77033               77034
               77035               77189               77190               77190
               77191                  31                   1              133340
              133409              133478              133479              133480
              133481              133623              133624              133624
              133625                  32                   1              185908
              185975              186042              186043              186044
              186045              186185              186186              186186
              186187                  33                   1              237894
              237959              238024              238025              238026
              238027              238165              238166              238166
              238167                  34                   1              288585
              288676              288767              288768              288769
              288770              288950              288951              288951
              288952                  11                  79   0.00000000000E+00
   2.67942000000E-03   5.77874900000E-03   7.93400600000E-03   1.05072600000E-02
   1.36285300000E-02   1.77204000000E-02   2.33534200000E-02   3.13014000000E-02
   4.26447500000E-02   5.89465100000E-02   8.22868400000E-02   1.14561100000E-01
   1.54587800000E-01   1.93506700000E-01   2.19473600000E-01   2.33901400000E-01
   2.66277600000E-01   3.37463500000E-01   4.19827700000E-01   4.78956700000E-01
   4.94635800000E-01   4.73333800000E-01   4.28445300000E-01   3.77770600000E-01
   3.29064500000E-01   2.86002900000E-01   2.49612600000E-01   2.19314700000E-01
   1.94351700000E-01   1.59929900000E-01   1.41894600000E-01   1.28880500000E-01
   1.16508900000E-01   1.04990700000E-01   9.44618700000E-02   8.51789400000E-02
   7.72634600000E-02   7.05035700000E-02   6.52167300000E-02   5.89319000000E-02
   5.48198000000E-02   5.08834100000E-02   4.75867800000E-02   4.55429600000E-02
   4.46089100000E-02   4.39961300000E-02   4.36889400000E-02   4.35818100000E-02
   4.37604000000E-02   4.43760900000E-02   4.51268300000E-02   4.57627000000E-02
   4.64667700000E-02   4.72309400000E-02   4.79917500000E-02   4.86875500000E-02
   4.94586100000E-02   5.01821700000E-02   5.07523200000E-02   5.13278800000E-02
   5.17788800000E-02   5.22340400000E-02   5.26301700000E-02   5.29981600000E-02
   5.37948300000E-02   5.41236900000E-02   5.42940300000E-02   5.40745200000E-02
   5.31241100000E-02   5.17209200000E-02   5.01394400000E-02   4.88775800000E-02
   4.64507300000E-02   4.43452500000E-02   4.28322800000E-02   4.10590000000E-02
   3.94350700000E-02   3.79199200000E-02                  11                  79
   0.00000000000E+00   8.82480600000E-02   3.30133800000E-01   5.34625700000E-01
   7.38026900000E-01   9.37384900000E-01   9.57633100000E-01   9.78591800000E-01
   1.00005100000E+00   1.02136400000E+00   1.03449700000E+00   1.04710100000E+00
   1.05924800000E+00   1.07104200000E+00   1.09955800000E+00   1.12789300000E+00
   1.15610100000E+00   1.26944600000E+00   1.48550100000E+00   1.71643000000E+00
   1.89096500000E+00   1.99806800000E+00   2.18831400000E+00   2.35072700000E+00
   2.50560100000E+00   2.65141000000E+00   2.76815600000E+00   2.88138900000E+00
   2.99201300000E+00   3.10350300000E+00   3.29656600000E+00   3.66625200000E+00
   4.08852800000E+00   4.44738900000E+00   4.83609900000E+00   5.17046400000E+00
   5.47298400000E+00   5.76050600000E+00   6.02323300000E+00   6.32612000000E+00
   7.05312500000E+00   7.86690700000E+00   8.54161100000E+00   9.19476100000E+00
   9.92311500000E+00   1.07054900000E+01   1.14586900000E+01   1.22120700000E+01
   1.29443000000E+01   1.36933100000E+01   1.44600400000E+01   1.52857800000E+01
   1.60583800000E+01   1.68393000000E+01   1.76444800000E+01   1.84490000000E+01
   1.92433500000E+01   2.00875800000E+01   2.09376300000E+01   2.17506500000E+01
   2.25749300000E+01   2.33745500000E+01   2.42075900000E+01   2.50467000000E+01
   2.59070500000E+01   2.80142900000E+01   3.00981000000E+01   3.22154100000E+01
   3.43048300000E+01   3.83493500000E+01   4.26039000000E+01   4.66205500000E+01
   5.07660700000E+01   5.46754200000E+01   5.87831600000E+01   6.28749100000E+01
   6.64411300000E+01   7.02837400000E+01   7.41451000000E+01                   5
                  -1                   1                   6                   5
                   0                  80   1.00000000000E+00   5.59645700000E+00
   6.00000000000E+00   6.50000000000E+00   7.00000000000E+00   7.50000000000E+00
   8.00000000000E+00   8.50000000000E+00   9.00000000000E+00   9.50000000000E+00
   1.00000000000E+01   1.05000000000E+01   1.10000000000E+01   1.15000000000E+01
   1.20000000000E+01   1.25000000000E+01   1.30000000000E+01   1.35000000000E+01
   1.40000000000E+01   1.45000000000E+01   1.50000000000E+01   1.55000000000E+01
   1.60000000000E+01   1.65000000000E+01   1.70000000000E+01   1.75000000000E+01
   1.80000000000E+01   1.85000000000E+01   1.90000000000E+01   1.95000000000E+01
   2.00000000000E+01   2.10000000000E+01   2.20000000000E+01   2.30000000000E+01
   2.40000000000E+01   2.50000000000E+01   2.60000000000E+01   2.70000000000E+01
   2.80000000000E+01   2.90000000000E+01   3.00000000000E+01   3.20000000000E+01
   3.40000000000E+01   3.60000000000E+01   3.80000000000E+01   4.00000000000E+01
   4.20000000000E+01   4.40000000000E+01   4.60000000000E+01   4.80000000000E+01
   5.00000000000E+01   5.20000000000E+01   5.40000000000E+01   5.60000000000E+01
   5.80000000000E+01   6.00000000000E+01   6.20000000000E+01   6.40000000000E+01
   6.60000000000E+01   6.80000000000E+01   7.00000000000E+01   7.20000000000E+01
   7.40000000000E+01   7.60000000000E+01   7.80000000000E+01   8.00000000000E+01
   8.50000000000E+01   9.00000000000E+01   9.50000000000E+01   1.00000000000E+02
   1.10000000000E+02   1.20000000000E+02   1.30000000000E+02   1.40000000000E+02
   1.50000000000E+02   1.60000000000E+02   1.70000000000E+02   1.80000000000E+02
   1.90000000000E+02   2.00000000000E+02   0.00000000000E+00   0.00000000000E+00
   5.98089200000E-01   9.46060300000E-01   9.71405900000E-01   9.81719900000E-01
   9.83433500000E-01   9.85249400000E-01   9.87713500000E-01   9.90581700000E-01
   9.93203000000E-01   9.95295900000E-01   9.96840400000E-01   9.97923300000E-01
   9.98653700000E-01   9.99124300000E-01   9.99410300000E-01   9.99572700000E-01
   1.07159500000E+00   1.25831100000E+00   1.45896500000E+00   1.61291400000E+00
   1.71022100000E+00   1.77552100000E+00   1.81289200000E+00   1.84119800000E+00
   1.86059300000E+00   1.87346800000E+00   1.88316400000E+00   1.89056700000E+00
   1.89802500000E+00   1.96116500000E+00   2.12324400000E+00   2.29827700000E+00
   2.42869400000E+00   2.51814700000E+00   2.57261000000E+00   2.60483100000E+00
   2.62752800000E+00   2.64358900000E+00   2.67546500000E+00   2.83448400000E+00
   3.01499400000E+00   3.12857200000E+00   3.20482500000E+00   3.29904100000E+00
   3.42124100000E+00   3.52535100000E+00   3.61800600000E+00   3.69799900000E+00
   3.77930600000E+00   3.88124800000E+00   3.98252500000E+00   4.06457600000E+00
   4.14641200000E+00   4.22973400000E+00   4.31077700000E+00   4.38550300000E+00
   4.46772900000E+00   4.54735200000E+00   4.61546300000E+00   4.68699400000E+00
   4.75049100000E+00   4.81801200000E+00   4.88398100000E+00   4.95138700000E+00
   5.12675900000E+00   5.28373100000E+00   5.45028700000E+00   5.60063100000E+00
   5.90351400000E+00   6.20426700000E+00   6.48946000000E+00   6.76771600000E+00
   7.04261900000E+00   7.32427300000E+00   7.67133800000E+00   7.94146200000E+00
   8.20634100000E+00   8.46137600000E+00                   0                   1
                   0                   4                  10                   0
                   2   1.00000000000E+00   2.00000000000E+02   1.00000000000E+00
   1.00000000000E+00                   0                  33   1.00000000000E+00
   5.59645700000E+00   6.00000000000E+00   8.00000000000E+00   1.00000000000E+01
   1.20000000000E+01   1.40000000000E+01   1.60000000000E+01   1.80000000000E+01
   2.00000000000E+01   2.20000000000E+01   2.40000000000E+01   2.60000000000E+01
   2.80000000000E+01   3.00000000000E+01   3.20000000000E+01   3.60000000000E+01
   4.00000000000E+01   4.40000000000E+01   4.80000000000E+01   5.00000000000E+01
   5.20000000000E+01   5.60000000000E+01   6.00000000000E+01   7.00000000000E+01
   8.00000000000E+01   9.00000000000E+01   1.00000000000E+02   1.20000000000E+02
   1.40000000000E+02   1.60000000000E+02   1.80000000000E+02   2.00000000000E+02
                  78                  89                 100                 162
                 444                 986                1868                2970
                4204                5493                6881                8547
               10239               11957               13701               15458
               17228               19011               21113               23230
               25362               27509               29656               31818
               33980               36447               38931               41726
               44521               47631               51060               54489
               57918                   2                   3   0.00000000000E+00
   5.00000000000E-07   1.00000000000E-06   0.00000000000E+00   2.00000000000E+06
   0.00000000000E+00   0.00000000000E+00   5.00000000000E-01   1.00000000000E+00
                   2                   3   0.00000000000E+00   5.00000000000E-07
   1.00000000000E-06   0.00000000000E+00   2.00000000000E+06   0.00000000000E+00
   0.00000000000E+00   5.00000000000E-01   1.00000000000E+00                   2
                  20   0.00000000000E+00   2.50000000000E-02   1.00000000000E-01
   2.00000000000E-01   3.00000000000E-01   4.00000000000E-01   5.00000000000E-01
   6.00000000000E-01   7.00000000000E-01   8.00000000000E-01   9.00000000000E-01
   1.00000000000E+00   1.10000000000E+00   1.20000000000E+00   1.30000000000E+00
   1.40000000000E+00   1.50000000000E+00   1.60000000000E+00   1.70000000000E+00
   1.80000000000E+00   0.00000000000E+00   2.04004700000E+00   8.15989100000E+00
   9.18680000000E-05   1.52244000000E-05   1.83996500000E+00   0.00000000000E+00
   0.00000000000E+00   0.00000000000E+00   0.00000000000E+00   0.00000000000E+00
   0.00000000000E+00   0.00000000000E+00   0.00000000000E+00   0.00000000000E+00
   0.00000000000E+00   0.00000000000E+00   0.00000000000E+00   0.00000000000E+00
   0.00000000000E+00   0.00000000000E+00   2.55005869000E-02   4.07998254000E-01
   8.15997388000E-01   8.16002743000E-01   9.08001752000E-01   1.00000000000E+00
   1.00000000000E+00   1.00000000000E+00   1.00000000000E+00   1.00000000000E+00
   1.00000000000E+00   1.00000000000E+00   1.00000000000E+00   1.00000000000E+00
   1.00000000000E+00   1.00000000000E+00   1.00000000000E+00   1.00000000000E+00
   1.00000000000E+00                   2                  40   0.00000000000E+00
   2.50000000000E-02   1.00000000000E-01   2.00000000000E-01   3.00000000000E-01
   4.00000000000E-01   5.00000000000E-01   6.00000000000E-01   7.00000000000E-01
   8.00000000000E-01   9.00000000000E-01   1.00000000000E+00   1.10000000000E+00
   1.20000000000E+00   1.30000000000E+00   1.40000000000E+00   1.50000000000E+00
   1.60000000000E+00   1.70000000000E+00   1.80000000000E+00   1.90000000000E+00
   2.00000000000E+00   2.10000000000E+00   2.20000000000E+00   2.30000000000E+00
   2.40000000000E+00   2.50000000000E+00   2.60000000000E+00   2.70000000000E+00
   2.80000000000E+00   2.90000000000E+00   3.00000000000E+00   3.10000000000E+00
   3.20000000000E+00   3.30000000000E+00   3.40000000000E+00   3.50000000000E+00
   3.60000000000E+00   3.70000000000E+00   3.80000000000E+00   0.00000000000E+00
   1.03862900000E-01   4.01826900000E-01   4.41515600000E-01   4.69706700000E-01
   2.54388800000E-01   3.22367600000E-01   1.82269100000E+00   7.51343600000E-01
   4.48951600000E-01   5.25121700000E-01   1.05144200000E+00   2.24567500000E-01
   7.50740100000E-01   2.86044600000E-01   6.28195000000E-01   1.37147000000E-04
   5.80648300000E-01   1.51354100000E-01   2.18255000000E-05   9.73657000000E-06
   4.08605000000E-06   7.16008100000E-01   4.27593000000E-07   4.93952000000E-08
   1.71210100000E-01   0.00000000000E+00   0.00000000000E+00   0.00000000000E+00
   0.00000000000E+00   0.00000000000E+00   0.00000000000E+00   0.00000000000E+00
   0.00000000000E+00   0.00000000000E+00   0.00000000000E+00   0.00000000000E+00
   0.00000000000E+00   0.00000000000E+00   0.00000000000E+00   0.00000000000E+00
   1.29828629000E-03   2.02616544000E-02   6.24287809000E-02   1.07989897000E-01
   1.44194674000E-01   1.73032495000E-01   2.80285428000E-01   4.08987163000E-01
   4.69001925000E-01   5.17705591000E-01   5.96533779000E-01   6.60334256000E-01
   7.09099638000E-01   7.60938875000E-01   8.06650856000E-01   8.38067465000E-01
   8.67106738000E-01   9.03706859000E-01   9.11275656000E-01   9.11277234000E-01
   9.11277925000E-01   9.47078536000E-01   9.82878963000E-01   9.82878987000E-01
   9.91439495000E-01   1.00000000000E+00   1.00000000000E+00   1.00000000000E+00
   1.00000000000E+00   1.00000000000E+00   1.00000000000E+00   1.00000000000E+00
   1.00000000000E+00   1.00000000000E+00   1.00000000000E+00   1.00000000000E+00
   1.00000000000E+00   1.00000000000E+00   1.00000000000E+00                   0
                   0                   0                   0                   0
                   0                   0                   0                   0
                   0                   0                   0                   0
                   0                   0                   0                   0
                   0                   0                   0                   0
                   0                   0                   0                   0
                   0                   0                   0                   0
                   0                   0                   0                   0
                   0                   0                   0                   0
                   0                   0                   0                   0
                   0                   0                   0                   0
                   0                   0                   0                   0
                   0                   0                   0                   0
                   0                   0                   0                   0
                   0                   0                   0                   0
                   0                   0                   0                   0
                   0                   0                   0                   0
                   0                   0                   0                   0
                   0                   0                   0                   0
                   0                   0                   0                   0
                   0                   0                   0                   0
                   0                   0                   0                   0
                   0                   0                   0                   0
                   0                   0                   0                   0
                   0                   0                   0                   0
                   0                   0                   0                   0
                   0                   0                   0                   0
                   0                   0                   0                   0
                   0                   0                   0                   0
                   0                   0                   0                   0
                   0                   0                   0                   0
                   0                   0                   0                   0
                   0                   0                   0                   0
                   0                   0                   0
