 62150.00u  148.629400  0.0000E+00   06/19/20
Ace Sm150 IAEA-PD                                                        mat6243
      0         0.      0         0.      0         0.      0         0.
      0         0.      0         0.      0         0.      0         0.
      0         0.      0         0.      0         0.      0         0.
      0         0.      0         0.      0         0.      0         0.
   357859    62150       89        1        7        2       12        0
        0        0        0        0        0        0        0        1
        1       90       90        0      179      268      269      270
      271      362      446        0        0        0        0        0
        0        0        0        0        0        0        0        0
        0        0        0        0        0        0        0        0
   9.99999000000E-01   1.00000000000E+00   1.50000000000E+00   2.00000000000E+00
   2.50000000000E+00   3.00000000000E+00   3.50000000000E+00   4.00000000000E+00
   4.50000000000E+00   5.00000000000E+00   5.50000000000E+00   6.00000000000E+00
   6.50000000000E+00   7.00000000000E+00   7.50000000000E+00   8.00000000000E+00
   8.50000000000E+00   9.00000000000E+00   9.50000000000E+00   1.00000000000E+01
   1.05000000000E+01   1.10000000000E+01   1.15000000000E+01   1.20000000000E+01
   1.25000000000E+01   1.30000000000E+01   1.35000000000E+01   1.40000000000E+01
   1.45000000000E+01   1.50000000000E+01   1.55000000000E+01   1.60000000000E+01
   1.65000000000E+01   1.70000000000E+01   1.75000000000E+01   1.80000000000E+01
   1.85000000000E+01   1.90000000000E+01   1.95000000000E+01   2.00000000000E+01
   2.10000000000E+01   2.20000000000E+01   2.30000000000E+01   2.40000000000E+01
   2.50000000000E+01   2.60000000000E+01   2.70000000000E+01   2.80000000000E+01
   2.90000000000E+01   3.00000000000E+01   3.20000000000E+01   3.40000000000E+01
   3.60000000000E+01   3.80000000000E+01   4.00000000000E+01   4.20000000000E+01
   4.40000000000E+01   4.60000000000E+01   4.80000000000E+01   5.00000000000E+01
   5.20000000000E+01   5.40000000000E+01   5.60000000000E+01   5.80000000000E+01
   6.00000000000E+01   6.20000000000E+01   6.40000000000E+01   6.60000000000E+01
   6.80000000000E+01   7.00000000000E+01   7.20000000000E+01   7.40000000000E+01
   7.60000000000E+01   7.80000000000E+01   8.00000000000E+01   8.50000000000E+01
   9.00000000000E+01   9.50000000000E+01   1.00000000000E+02   1.10000000000E+02
   1.20000000000E+02   1.30000000000E+02   1.40000000000E+02   1.50000000000E+02
   1.60000000000E+02   1.70000000000E+02   1.80000000000E+02   1.90000000000E+02
   2.00000000000E+02   0.00000000000E+00   3.27137300000E-05   9.51243800000E-05
   2.10083400000E-04   3.97893600000E-04   6.83737700000E-04   1.09976600000E-03
   1.68801100000E-03   2.50440800000E-03   3.62393900000E-03   5.14566100000E-03
   7.19271200000E-03   9.89683900000E-03   1.33671600000E-02   1.77094800000E-02
   2.31926200000E-02   3.04028600000E-02   4.01131900000E-02   5.29231000000E-02
   6.87894900000E-02   8.69389700000E-02   1.07072100000E-01   1.30699300000E-01
   1.60290100000E-01   1.97154400000E-01   2.39396200000E-01   2.80346200000E-01
   3.09658200000E-01   3.18918000000E-01   3.07523800000E-01   2.82076000000E-01
   2.50826700000E-01   2.19662300000E-01   1.91500500000E-01   1.67256300000E-01
   1.46844400000E-01   1.29795400000E-01   1.15557000000E-01   1.03616800000E-01
   9.35405100000E-02   7.73973000000E-02   6.53511100000E-02   5.61027500000E-02
   4.88229700000E-02   4.29702400000E-02   3.81816700000E-02   3.42076800000E-02
   3.08722700000E-02   2.80482000000E-02   2.56412400000E-02   2.18087700000E-02
   1.89689000000E-02   1.68570200000E-02   1.52882700000E-02   1.41274300000E-02
   1.32731200000E-02   1.26484400000E-02   1.21949400000E-02   1.18681400000E-02
   1.16343300000E-02   1.14679500000E-02   1.13497000000E-02   1.12650100000E-02
   1.12029100000E-02   1.11551800000E-02   1.11156400000E-02   1.10797100000E-02
   1.10440100000E-02   1.10060800000E-02   1.09641600000E-02   1.09170300000E-02
   1.08638700000E-02   1.08041900000E-02   1.07377500000E-02   1.06645000000E-02
   1.04523600000E-02   1.02023400000E-02   9.92063700000E-03   9.61453000000E-03
   8.95997300000E-03   8.29988600000E-03   7.69214400000E-03   7.19000900000E-03
   6.56615800000E-03   6.02738100000E-03   5.55828300000E-03   5.14688100000E-03
   4.78371800000E-03   4.46124300000E-03   0.00000000000E+00   1.00000000000E+00
   1.02835000000E+00   1.05670000000E+00   1.08505100000E+00   9.04210500000E-01
   6.48018000000E-01   3.09323300000E-01   3.59661200000E-01   3.56412000000E-01
   2.95728500000E-01   1.87195500000E-01   1.48371100000E-01   1.05468500000E-01
   6.63011500000E-02   4.24116800000E-02   6.46407600000E+00   6.92439800000E+00
   7.28781300000E+00   7.79073700000E+00   7.88198700000E+00   7.92395200000E+00
   7.93727200000E+00   7.93071900000E+00   7.98668800000E+00   8.02781500000E+00
   8.04720400000E+00   8.16979800000E+00   9.49849900000E+00   1.06141400000E+01
   1.15040000000E+01   1.20809800000E+01   1.23355600000E+01   1.25369700000E+01
   1.27618300000E+01   1.30416700000E+01   1.31327800000E+01   1.32140300000E+01
   1.32818900000E+01   1.33311700000E+01   1.34054800000E+01   1.34149700000E+01
   1.39765100000E+01   1.51505000000E+01   1.67474800000E+01   1.80680300000E+01
   1.87974800000E+01   1.94359700000E+01   1.97991400000E+01   2.01389100000E+01
   2.11393800000E+01   2.26388400000E+01   2.40026100000E+01   2.49307900000E+01
   2.58860200000E+01   2.70999700000E+01   2.84975100000E+01   2.99569200000E+01
   3.13286600000E+01   3.24228700000E+01   3.35007500000E+01   3.47085700000E+01
   3.58286900000E+01   3.69211400000E+01   3.79772000000E+01   3.89728700000E+01
   3.99794100000E+01   4.10742200000E+01   4.21671300000E+01   4.32833500000E+01
   4.45130100000E+01   4.57420600000E+01   4.69031800000E+01   4.80331300000E+01
   4.92079400000E+01   5.20168400000E+01   5.47001500000E+01   5.76224400000E+01
   6.03714700000E+01   6.61620900000E+01   7.17149900000E+01   7.75145700000E+01
   8.32654500000E+01   8.94802900000E+01   9.49443400000E+01   1.00992400000E+02
   1.06853300000E+02   1.12872900000E+02   1.18742700000E+02                   5
   0.00000000000E+00                   1                   1                  89
   0.00000000000E+00   3.27137300000E-05   9.51243800000E-05   2.10083400000E-04
   3.97893600000E-04   6.83737700000E-04   1.09976600000E-03   1.68801100000E-03
   2.50440800000E-03   3.62393900000E-03   5.14566100000E-03   7.19271200000E-03
   9.89683900000E-03   1.33671600000E-02   1.77094800000E-02   2.31926200000E-02
   3.04028600000E-02   4.01131900000E-02   5.29231000000E-02   6.87894900000E-02
   8.69389700000E-02   1.07072100000E-01   1.30699300000E-01   1.60290100000E-01
   1.97154400000E-01   2.39396200000E-01   2.80346200000E-01   3.09658200000E-01
   3.18918000000E-01   3.07523800000E-01   2.82076000000E-01   2.50826700000E-01
   2.19662300000E-01   1.91500500000E-01   1.67256300000E-01   1.46844400000E-01
   1.29795400000E-01   1.15557000000E-01   1.03616800000E-01   9.35405100000E-02
   7.73973000000E-02   6.53511100000E-02   5.61027500000E-02   4.88229700000E-02
   4.29702400000E-02   3.81816700000E-02   3.42076800000E-02   3.08722700000E-02
   2.80482000000E-02   2.56412400000E-02   2.18087700000E-02   1.89689000000E-02
   1.68570200000E-02   1.52882700000E-02   1.41274300000E-02   1.32731200000E-02
   1.26484400000E-02   1.21949400000E-02   1.18681400000E-02   1.16343300000E-02
   1.14679500000E-02   1.13497000000E-02   1.12650100000E-02   1.12029100000E-02
   1.11551800000E-02   1.11156400000E-02   1.10797100000E-02   1.10440100000E-02
   1.10060800000E-02   1.09641600000E-02   1.09170300000E-02   1.08638700000E-02
   1.08041900000E-02   1.07377500000E-02   1.06645000000E-02   1.04523600000E-02
   1.02023400000E-02   9.92063700000E-03   9.61453000000E-03   8.95997300000E-03
   8.29988600000E-03   7.69214400000E-03   7.19000900000E-03   6.56615800000E-03
   6.02738100000E-03   5.55828300000E-03   5.14688100000E-03   4.78371800000E-03
   4.46124300000E-03                   1                   1                 446
                 524                 602                 603                 604
                 605                 765                 766                 766
                 767                   2                   1               58479
               58570               58661               58662               58663
               58664               58840               58841               58841
               58842                   9                   1               73274
               73350               73426               73427               73428
               73429               73585               73586               73586
               73587                  31                   1              129870
              129936              130002              130003              130004
              130005              130141              130142              130142
              130143                  32                   1              180017
              180083              180149              180150              180151
              180152              180290              180291              180291
              180292                  33                   1              232419
              232481              232543              232544              232545
              232546              232678              232679              232679
              232680                  34                   1              281078
              281169              281260              281261              281262
              281263              281443              281444              281444
              281445                  14                  76   0.00000000000E+00
   0.00000000000E+00   2.14553500000E-05   2.83258700000E-02   3.88187700000E-02
   5.14099100000E-02   6.68432900000E-02   8.47124400000E-02   1.04849200000E-01
   1.28664900000E-01   1.58517800000E-01   1.95665600000E-01   2.38197700000E-01
   2.79434000000E-01   3.17993000000E-01   3.87556200000E-01   4.29182400000E-01
   4.41935200000E-01   4.25037600000E-01   3.88622400000E-01   3.47465800000E-01
   3.08499900000E-01   2.73525900000E-01   2.43705500000E-01   2.18231900000E-01
   1.96415200000E-01   1.77785500000E-01   1.47659800000E-01   1.24897700000E-01
   1.08748500000E-01   1.02473500000E-01   9.84281500000E-02   9.29390300000E-02
   8.61196100000E-02   7.93668600000E-02   7.29255200000E-02   6.72478700000E-02
   5.92570700000E-02   5.47391400000E-02   5.11682000000E-02   4.78442100000E-02
   4.50739800000E-02   4.35227300000E-02   4.29266200000E-02   4.28166900000E-02
   4.27811600000E-02   4.28243900000E-02   4.30954300000E-02   4.36266600000E-02
   4.43461300000E-02   4.49732800000E-02   4.56713000000E-02   4.62183900000E-02
   4.67373700000E-02   4.72248500000E-02   4.77954500000E-02   4.83612400000E-02
   4.89620400000E-02   4.94515000000E-02   4.99476600000E-02   5.03593200000E-02
   5.06309200000E-02   5.13198100000E-02   5.17583200000E-02   5.17095400000E-02
   5.16244900000E-02   5.07328600000E-02   4.93458900000E-02   4.78933300000E-02
   4.66575700000E-02   4.43548000000E-02   4.27304900000E-02   4.08416000000E-02
   3.91966300000E-02   3.76076600000E-02   3.62096300000E-02                  14
                  76   0.00000000000E+00   0.00000000000E+00   8.38366300000E-05
   3.02227400000E-01   5.40140300000E-01   7.69272100000E-01   9.96659300000E-01
   9.96317400000E-01   9.98168200000E-01   1.00034000000E+00   1.00178200000E+00
   1.01408400000E+00   1.02545700000E+00   1.03605100000E+00   1.07646400000E+00
   1.26685100000E+00   1.44685500000E+00   1.61522500000E+00   1.73723700000E+00
   1.92936900000E+00   2.09729800000E+00   2.25255500000E+00   2.39653200000E+00
   2.51038400000E+00   2.62017500000E+00   2.72554600000E+00   2.82860000000E+00
   3.02338500000E+00   3.21312500000E+00   3.35577000000E+00   3.73856500000E+00
   4.17628700000E+00   4.54017600000E+00   4.91154800000E+00   5.23579000000E+00
   5.52307000000E+00   5.80096700000E+00   6.45566800000E+00   7.19455800000E+00
   7.92359900000E+00   8.64408700000E+00   9.29699000000E+00   9.98266800000E+00
   1.07750300000E+01   1.15427300000E+01   1.22569100000E+01   1.30023700000E+01
   1.37537300000E+01   1.45101100000E+01   1.53127400000E+01   1.60987300000E+01
   1.69115100000E+01   1.76790900000E+01   1.84470200000E+01   1.92181300000E+01
   2.00438800000E+01   2.08934900000E+01   2.17127200000E+01   2.25124300000E+01
   2.33466800000E+01   2.41745100000E+01   2.49676100000E+01   2.69888800000E+01
   2.90933100000E+01   3.10761900000E+01   3.32335100000E+01   3.72456600000E+01
   4.14188500000E+01   4.54237600000E+01   4.94767100000E+01   5.30229100000E+01
   5.72417600000E+01   6.09576500000E+01   6.48668600000E+01   6.85921700000E+01
   7.24990300000E+01                   5                  -1                   1
                   6                   5                   0                  78
   1.00000000000E+00   6.50000000000E+00   7.00000000000E+00   7.50000000000E+00
   8.00000000000E+00   8.50000000000E+00   9.00000000000E+00   9.50000000000E+00
   1.00000000000E+01   1.05000000000E+01   1.10000000000E+01   1.15000000000E+01
   1.20000000000E+01   1.25000000000E+01   1.30000000000E+01   1.35000000000E+01
   1.40000000000E+01   1.45000000000E+01   1.50000000000E+01   1.55000000000E+01
   1.60000000000E+01   1.65000000000E+01   1.70000000000E+01   1.75000000000E+01
   1.80000000000E+01   1.85000000000E+01   1.90000000000E+01   1.95000000000E+01
   2.00000000000E+01   2.10000000000E+01   2.20000000000E+01   2.30000000000E+01
   2.40000000000E+01   2.50000000000E+01   2.60000000000E+01   2.70000000000E+01
   2.80000000000E+01   2.90000000000E+01   3.00000000000E+01   3.20000000000E+01
   3.40000000000E+01   3.60000000000E+01   3.80000000000E+01   4.00000000000E+01
   4.20000000000E+01   4.40000000000E+01   4.60000000000E+01   4.80000000000E+01
   5.00000000000E+01   5.20000000000E+01   5.40000000000E+01   5.60000000000E+01
   5.80000000000E+01   6.00000000000E+01   6.20000000000E+01   6.40000000000E+01
   6.60000000000E+01   6.80000000000E+01   7.00000000000E+01   7.20000000000E+01
   7.40000000000E+01   7.60000000000E+01   7.80000000000E+01   8.00000000000E+01
   8.50000000000E+01   9.00000000000E+01   9.50000000000E+01   1.00000000000E+02
   1.10000000000E+02   1.20000000000E+02   1.30000000000E+02   1.40000000000E+02
   1.50000000000E+02   1.60000000000E+02   1.70000000000E+02   1.80000000000E+02
   1.90000000000E+02   2.00000000000E+02   0.00000000000E+00   0.00000000000E+00
   0.00000000000E+00   0.00000000000E+00   9.25093800000E-04   9.31684400000E-01
   9.67730800000E-01   9.71407800000E-01   9.71707900000E-01   9.74389700000E-01
   9.79239200000E-01   9.84434500000E-01   9.88943200000E-01   9.92448600000E-01
   9.94993700000E-01   9.96746200000E-01   1.02691600000E+00   1.21522200000E+00
   1.39560700000E+00   1.56672400000E+00   1.69454700000E+00   1.76918100000E+00
   1.81443800000E+00   1.84447400000E+00   1.86269200000E+00   1.87761300000E+00
   1.88852200000E+00   1.89559200000E+00   1.90062600000E+00   1.90781600000E+00
   1.91117900000E+00   1.93838100000E+00   2.09887900000E+00   2.29061200000E+00
   2.43412700000E+00   2.51755200000E+00   2.57081400000E+00   2.60000700000E+00
   2.62264500000E+00   2.71712100000E+00   2.88573100000E+00   3.03542400000E+00
   3.12947200000E+00   3.19052900000E+00   3.27901300000E+00   3.39382700000E+00
   3.51102100000E+00   3.60470600000E+00   3.68086400000E+00   3.75790200000E+00
   3.84386000000E+00   3.93662600000E+00   4.01442800000E+00   4.09417900000E+00
   4.15796000000E+00   4.21828500000E+00   4.27606000000E+00   4.34264100000E+00
   4.41084800000E+00   4.48492300000E+00   4.55192300000E+00   4.62299000000E+00
   4.68993200000E+00   4.74761300000E+00   4.90987800000E+00   5.07318100000E+00
   5.21232100000E+00   5.36942400000E+00   5.66216700000E+00   5.94537000000E+00
   6.22626500000E+00   6.48922300000E+00   6.75506100000E+00   7.08939600000E+00
   7.34788100000E+00   7.61560800000E+00   7.86159600000E+00   8.11648900000E+00
                   0                   1                   0                   4
                  10                   0                   2   1.00000000000E+00
   2.00000000000E+02   1.00000000000E+00   1.00000000000E+00                   0
                  31   1.00000000000E+00   8.00000000000E+00   1.00000000000E+01
   1.20000000000E+01   1.40000000000E+01   1.60000000000E+01   1.80000000000E+01
   2.00000000000E+01   2.20000000000E+01   2.40000000000E+01   2.60000000000E+01
   2.80000000000E+01   3.00000000000E+01   3.20000000000E+01   3.60000000000E+01
   4.00000000000E+01   4.40000000000E+01   4.80000000000E+01   5.00000000000E+01
   5.20000000000E+01   5.60000000000E+01   6.00000000000E+01   7.00000000000E+01
   8.00000000000E+01   9.00000000000E+01   1.00000000000E+02   1.20000000000E+02
   1.40000000000E+02   1.60000000000E+02   1.80000000000E+02   2.00000000000E+02
                  74                  85                 147                 429
                 971                1853                2889                3991
                5247                6536                8098                9699
               11326               12979               14658               16363
               18360               20387               22444               24486
               26558               28630               30717               33116
               35549               38287               41044               44112
               47495               50878               54284                   2
                   3   0.00000000000E+00   5.00000000000E-07   1.00000000000E-06
   0.00000000000E+00   2.00000000000E+06   0.00000000000E+00   0.00000000000E+00
   5.00000000000E-01   1.00000000000E+00                   2                  20
   0.00000000000E+00   2.50000000000E-02   1.00000000000E-01   2.00000000000E-01
   3.00000000000E-01   4.00000000000E-01   5.00000000000E-01   6.00000000000E-01
   7.00000000000E-01   8.00000000000E-01   9.00000000000E-01   1.00000000000E+00
   1.10000000000E+00   1.20000000000E+00   1.30000000000E+00   1.40000000000E+00
   1.50000000000E+00   1.60000000000E+00   1.70000000000E+00   1.80000000000E+00
   0.00000000000E+00   2.50000000000E+00   1.00000000000E+01   0.00000000000E+00
   0.00000000000E+00   0.00000000000E+00   0.00000000000E+00   0.00000000000E+00
   0.00000000000E+00   0.00000000000E+00   0.00000000000E+00   0.00000000000E+00
   0.00000000000E+00   0.00000000000E+00   0.00000000000E+00   0.00000000000E+00
   0.00000000000E+00   0.00000000000E+00   0.00000000000E+00   0.00000000000E+00
   0.00000000000E+00   3.12500000000E-02   5.00000000000E-01   1.00000000000E+00
   1.00000000000E+00   1.00000000000E+00   1.00000000000E+00   1.00000000000E+00
   1.00000000000E+00   1.00000000000E+00   1.00000000000E+00   1.00000000000E+00
   1.00000000000E+00   1.00000000000E+00   1.00000000000E+00   1.00000000000E+00
   1.00000000000E+00   1.00000000000E+00   1.00000000000E+00   1.00000000000E+00
                   2                  40   0.00000000000E+00   2.50000000000E-02
   1.00000000000E-01   2.00000000000E-01   3.00000000000E-01   4.00000000000E-01
   5.00000000000E-01   6.00000000000E-01   7.00000000000E-01   8.00000000000E-01
   9.00000000000E-01   1.00000000000E+00   1.10000000000E+00   1.20000000000E+00
   1.30000000000E+00   1.40000000000E+00   1.50000000000E+00   1.60000000000E+00
   1.70000000000E+00   1.80000000000E+00   1.90000000000E+00   2.00000000000E+00
   2.10000000000E+00   2.20000000000E+00   2.30000000000E+00   2.40000000000E+00
   2.50000000000E+00   2.60000000000E+00   2.70000000000E+00   2.80000000000E+00
   2.90000000000E+00   3.00000000000E+00   3.10000000000E+00   3.20000000000E+00
   3.30000000000E+00   3.40000000000E+00   3.50000000000E+00   3.60000000000E+00
   3.70000000000E+00   3.80000000000E+00   0.00000000000E+00   1.09515600000E-01
   4.28242300000E-01   4.71420400000E-01   4.98773100000E-01   5.27988400000E-01
   5.55766500000E-01   5.73747200000E-01   5.74837100000E-01   5.57193500000E-01
   2.63506500000E-01   8.39286900000E-01   3.88941800000E-01   3.53597500000E-01
   6.58999800000E-01   2.30672900000E-01   9.12834800000E-01   5.48395400000E-01
   9.71679600000E-01   1.55838000000E-06   1.76286000000E-07   6.42886900000E-01
   0.00000000000E+00   0.00000000000E+00   0.00000000000E+00   0.00000000000E+00
   0.00000000000E+00   0.00000000000E+00   0.00000000000E+00   0.00000000000E+00
   0.00000000000E+00   0.00000000000E+00   0.00000000000E+00   0.00000000000E+00
   0.00000000000E+00   0.00000000000E+00   0.00000000000E+00   0.00000000000E+00
   0.00000000000E+00   0.00000000000E+00   0.00000000000E+00   1.36894502000E-03
   2.15348666000E-02   6.65180023000E-02   1.15027678000E-01   1.66365754000E-01
   2.20553500000E-01   2.77029185000E-01   3.34458401000E-01   3.91059932000E-01
   4.32094933000E-01   4.87234604000E-01   5.48646040000E-01   5.85773005000E-01
   6.36402871000E-01   6.80886507000E-01   7.38061893000E-01   8.11123404000E-01
   8.87127155000E-01   9.35711213000E-01   9.35711300000E-01   9.67855655000E-01
   1.00000000000E+00   1.00000000000E+00   1.00000000000E+00   1.00000000000E+00
   1.00000000000E+00   1.00000000000E+00   1.00000000000E+00   1.00000000000E+00
   1.00000000000E+00   1.00000000000E+00   1.00000000000E+00   1.00000000000E+00
   1.00000000000E+00   1.00000000000E+00   1.00000000000E+00   1.00000000000E+00
   1.00000000000E+00   1.00000000000E+00                   0                   0
                   0                   0                   0                   0
                   0                   0                   0                   0
                   0                   0                   0                   0
                   0                   0                   0                   0
                   0                   0                   0                   0
                   0                   0                   0                   0
                   0                   0                   0                   0
                   0                   0                   0                   0
                   0                   0                   0                   0
                   0                   0                   0                   0
                   0                   0                   0                   0
                   0                   0                   0                   0
                   0                   0                   0                   0
                   0                   0                   0                   0
                   0                   0                   0                   0
                   0                   0                   0                   0
                   0                   0                   0                   0
                   0                   0                   0                   0
                   0                   0                   0                   0
                   0                   0                   0                   0
                   0                   0                   0                   0
                   0                   0                   0                   0
                   0                   0                   0                   0
                   0                   0                   0                   0
                   0                   0                   0                   0
                   0                   0                   0                   0
                   0                   0                   0                   0
                   0                   0                   0                   0
                   0                   0                   0                   0
                   0                   0                   0                   0
                   0                   0                   0                   0
                   0                   0                   0                   0
                   0                   0                   0                   0
