 50112.00u  110.943500  0.0000E+00   05/27/20
Ace Sn112 IAEA-PD                                                        mat5025
      0         0.      0         0.      0         0.      0         0.
      0         0.      0         0.      0         0.      0         0.
      0         0.      0         0.      0         0.      0         0.
      0         0.      0         0.      0         0.      0         0.
   310916    50112       89        1        7        2       12        0
        0        0        0        0        0        0        0        1
        1       90       90        0      179      268      269      270
      271      362      446        0        0        0        0        0
        0        0        0        0        0        0        0        0
        0        0        0        0        0        0        0        0
   9.99999000000E-01   1.00000000000E+00   1.50000000000E+00   2.00000000000E+00
   2.50000000000E+00   3.00000000000E+00   3.50000000000E+00   4.00000000000E+00
   4.50000000000E+00   5.00000000000E+00   5.50000000000E+00   6.00000000000E+00
   6.50000000000E+00   7.00000000000E+00   7.50000000000E+00   8.00000000000E+00
   8.50000000000E+00   9.00000000000E+00   9.50000000000E+00   1.00000000000E+01
   1.05000000000E+01   1.10000000000E+01   1.15000000000E+01   1.20000000000E+01
   1.25000000000E+01   1.30000000000E+01   1.35000000000E+01   1.40000000000E+01
   1.45000000000E+01   1.50000000000E+01   1.55000000000E+01   1.60000000000E+01
   1.65000000000E+01   1.70000000000E+01   1.75000000000E+01   1.80000000000E+01
   1.85000000000E+01   1.90000000000E+01   1.95000000000E+01   2.00000000000E+01
   2.10000000000E+01   2.20000000000E+01   2.30000000000E+01   2.40000000000E+01
   2.50000000000E+01   2.60000000000E+01   2.70000000000E+01   2.80000000000E+01
   2.90000000000E+01   3.00000000000E+01   3.20000000000E+01   3.40000000000E+01
   3.60000000000E+01   3.80000000000E+01   4.00000000000E+01   4.20000000000E+01
   4.40000000000E+01   4.60000000000E+01   4.80000000000E+01   5.00000000000E+01
   5.20000000000E+01   5.40000000000E+01   5.60000000000E+01   5.80000000000E+01
   6.00000000000E+01   6.20000000000E+01   6.40000000000E+01   6.60000000000E+01
   6.80000000000E+01   7.00000000000E+01   7.20000000000E+01   7.40000000000E+01
   7.60000000000E+01   7.80000000000E+01   8.00000000000E+01   8.50000000000E+01
   9.00000000000E+01   9.50000000000E+01   1.00000000000E+02   1.10000000000E+02
   1.20000000000E+02   1.30000000000E+02   1.40000000000E+02   1.50000000000E+02
   1.60000000000E+02   1.70000000000E+02   1.80000000000E+02   1.90000000000E+02
   2.00000000000E+02   0.00000000000E+00   1.76486500000E-05   5.04982000000E-05
   1.10065500000E-04   2.05923300000E-04   3.49504400000E-04   5.54817300000E-04
   8.39423900000E-04   1.22579800000E-03   1.74320100000E-03   2.43008700000E-03
   3.33652600000E-03   4.52437700000E-03   6.05889700000E-03   7.98267700000E-03
   1.02855300000E-02   1.29496600000E-02   1.61004900000E-02   2.00670400000E-02
   2.52854700000E-02   3.22463700000E-02   4.15356000000E-02   5.38904600000E-02
   7.02203700000E-02   9.15587100000E-02   1.18871300000E-01   1.52509300000E-01
   1.91007300000E-01   2.29527900000E-01   2.59796400000E-01   2.73734000000E-01
   2.68886400000E-01   2.49672600000E-01   2.23344600000E-01   1.95806900000E-01
   1.70331700000E-01   1.48157000000E-01   1.29411300000E-01   1.13753000000E-01
   1.00705700000E-01   8.04615200000E-02   6.59493700000E-02   5.52313300000E-02
   4.70837200000E-02   4.07290300000E-02   3.56625900000E-02   3.15483200000E-02
   2.81565200000E-02   2.53261500000E-02   2.29414700000E-02   1.91893200000E-02
   1.64346500000E-02   1.43912200000E-02   1.28689500000E-02   1.17342300000E-02
   1.08895600000E-02   1.02623100000E-02   9.79778200000E-03   9.45463700000E-03
   9.20155600000E-03   9.01482000000E-03   8.87646600000E-03   8.77289500000E-03
   8.69382200000E-03   8.63147600000E-03   8.57999700000E-03   8.53498300000E-03
   8.49314000000E-03   8.45202600000E-03   8.40985100000E-03   8.36532500000E-03
   8.31754500000E-03   8.26590600000E-03   8.21003500000E-03   8.14973600000E-03
   7.97948800000E-03   7.78304400000E-03   7.56424400000E-03   7.32807400000E-03
   6.82576900000E-03   6.32100900000E-03   5.85702900000E-03   5.47395300000E-03
   4.99857900000E-03   4.58814400000E-03   4.23086100000E-03   3.91756800000E-03
   3.64104300000E-03   3.39552000000E-03   0.00000000000E+00   1.00000000000E+00
   9.85828200000E-01   9.71656900000E-01   9.57485700000E-01   9.43314500000E-01
   9.29143300000E-01   5.35285400000E-01   5.54243900000E-01   5.59382700000E-01
   5.77007200000E-01   6.08640100000E-01   5.90508400000E-01   5.53856800000E-01
   4.89046100000E-01   3.95270800000E-01   3.53071900000E-01   3.02254800000E-01
   2.45402400000E-01   1.90719700000E-01   2.02862700000E+00   6.30116700000E+00
   9.17797000000E+00   1.00124400000E+01   1.00021700000E+01   1.00570800000E+01
   1.01043300000E+01   1.01292100000E+01   1.02936700000E+01   1.04363500000E+01
   1.05576200000E+01   1.06591000000E+01   1.07265000000E+01   1.07885900000E+01
   1.08334800000E+01   1.08612100000E+01   1.09797300000E+01   1.10937900000E+01
   1.17628400000E+01   1.27569800000E+01   1.47520600000E+01   1.57578200000E+01
   1.63834300000E+01   1.70450800000E+01   1.74908300000E+01   1.79659200000E+01
   1.83572000000E+01   1.87704100000E+01   1.90480900000E+01   1.93353400000E+01
   2.04492900000E+01   2.29274700000E+01   2.51922700000E+01   2.67079000000E+01
   2.80138200000E+01   2.91564800000E+01   3.03413800000E+01   3.18382100000E+01
   3.33404900000E+01   3.48706000000E+01   3.63207200000E+01   3.76025700000E+01
   3.89220400000E+01   4.03057000000E+01   4.16758600000E+01   4.30630000000E+01
   4.44378000000E+01   4.57502700000E+01   4.70761800000E+01   4.83623700000E+01
   4.96960100000E+01   5.09932100000E+01   5.22879800000E+01   5.35698600000E+01
   5.48424500000E+01   5.80492200000E+01   6.12535300000E+01   6.44914100000E+01
   6.75624300000E+01   7.40112700000E+01   8.02643600000E+01   8.67797200000E+01
   9.31031800000E+01   9.96165800000E+01   1.06002000000E+02   1.12625400000E+02
   1.19186000000E+02   1.25841000000E+02   1.32463000000E+02                   5
   0.00000000000E+00                   1                   1                  89
   0.00000000000E+00   1.76486500000E-05   5.04982000000E-05   1.10065500000E-04
   2.05923300000E-04   3.49504400000E-04   5.54817300000E-04   8.39423900000E-04
   1.22579800000E-03   1.74320100000E-03   2.43008700000E-03   3.33652600000E-03
   4.52437700000E-03   6.05889700000E-03   7.98267700000E-03   1.02855300000E-02
   1.29496600000E-02   1.61004900000E-02   2.00670400000E-02   2.52854700000E-02
   3.22463700000E-02   4.15356000000E-02   5.38904600000E-02   7.02203700000E-02
   9.15587100000E-02   1.18871300000E-01   1.52509300000E-01   1.91007300000E-01
   2.29527900000E-01   2.59796400000E-01   2.73734000000E-01   2.68886400000E-01
   2.49672600000E-01   2.23344600000E-01   1.95806900000E-01   1.70331700000E-01
   1.48157000000E-01   1.29411300000E-01   1.13753000000E-01   1.00705700000E-01
   8.04615200000E-02   6.59493700000E-02   5.52313300000E-02   4.70837200000E-02
   4.07290300000E-02   3.56625900000E-02   3.15483200000E-02   2.81565200000E-02
   2.53261500000E-02   2.29414700000E-02   1.91893200000E-02   1.64346500000E-02
   1.43912200000E-02   1.28689500000E-02   1.17342300000E-02   1.08895600000E-02
   1.02623100000E-02   9.79778200000E-03   9.45463700000E-03   9.20155600000E-03
   9.01482000000E-03   8.87646600000E-03   8.77289500000E-03   8.69382200000E-03
   8.63147600000E-03   8.57999700000E-03   8.53498300000E-03   8.49314000000E-03
   8.45202600000E-03   8.40985100000E-03   8.36532500000E-03   8.31754500000E-03
   8.26590600000E-03   8.21003500000E-03   8.14973600000E-03   7.97948800000E-03
   7.78304400000E-03   7.56424400000E-03   7.32807400000E-03   6.82576900000E-03
   6.32100900000E-03   5.85702900000E-03   5.47395300000E-03   4.99857900000E-03
   4.58814400000E-03   4.23086100000E-03   3.91756800000E-03   3.64104300000E-03
   3.39552000000E-03                   1                   1                 446
                 517                 588                 589                 590
                 591                 735                 736                 736
                 737                   2                   1               49870
               49961               50052               50053               50054
               50055               50227               50228               50228
               50229                   9                   1               63893
               63970               64047               64048               64049
               64050               64206               64207               64207
               64208                  31                   1              118232
              118294              118356              118357              118358
              118359              118483              118484              118484
              118485                  32                   1              161548
              161606              161664              161665              161666
              161667              161785              161786              161786
              161787                  33                   1              203391
              203452              203513              203514              203515
              203516              203642              203643              203643
              203644                  34                   1              246639
              246728              246817              246818              246819
              246820              246994              246995              246995
              246996                  21                  69   0.00000000000E+00
   1.77862700000E-02   4.83833000000E-02   6.50403000000E-02   8.50897700000E-02
   1.09438000000E-01   1.39448400000E-01   1.74373100000E-01   2.10094200000E-01
   2.39091400000E-01   2.53738100000E-01   2.51175500000E-01   2.35012000000E-01
   2.11382900000E-01   1.86080900000E-01   1.62311200000E-01   1.41383300000E-01
   1.23501800000E-01   1.18685700000E-01   1.18142200000E-01   1.12181600000E-01
   9.99573500000E-02   8.79275000000E-02   7.71419700000E-02   6.76552800000E-02
   5.95470700000E-02   5.26153400000E-02   4.67305300000E-02   4.16953500000E-02
   3.74035900000E-02   3.15886900000E-02   2.92787100000E-02   2.74290000000E-02
   2.54984700000E-02   2.35961200000E-02   2.20760600000E-02   2.10772400000E-02
   2.06041100000E-02   2.04158400000E-02   2.03605900000E-02   2.03332400000E-02
   2.02904400000E-02   2.03119000000E-02   2.04392700000E-02   2.06653400000E-02
   2.09197400000E-02   2.11631000000E-02   2.14188100000E-02   2.16191700000E-02
   2.18089500000E-02   2.19979000000E-02   2.21936900000E-02   2.23921100000E-02
   2.25628200000E-02   2.27186400000E-02   2.30273400000E-02   2.32012500000E-02
   2.32704800000E-02   2.32672200000E-02   2.29342600000E-02   2.24166900000E-02
   2.18288900000E-02   2.13726000000E-02   2.03490200000E-02   1.94426300000E-02
   1.86250900000E-02   1.78645500000E-02   1.71710500000E-02   1.65287400000E-02
                  21                  69   0.00000000000E+00   5.39333400000E-02
   3.79505000000E-01   6.66381400000E-01   8.05446000000E-01   9.33444400000E-01
   1.06169100000E+00   1.19441500000E+00   1.20369800000E+00   1.21638600000E+00
   1.23136900000E+00   1.24715300000E+00   1.27846400000E+00   1.30736300000E+00
   1.33470700000E+00   1.36037300000E+00   1.36576700000E+00   1.36928600000E+00
   1.50078500000E+00   1.69169200000E+00   2.13760300000E+00   2.46196900000E+00
   2.72979000000E+00   2.95742500000E+00   3.20145200000E+00   3.42217500000E+00
   3.63122500000E+00   3.82563200000E+00   4.00617800000E+00   4.17661600000E+00
   4.58009900000E+00   5.16881800000E+00   5.75674900000E+00   6.39893800000E+00
   6.91464800000E+00   7.42154300000E+00   7.97530000000E+00   8.54225600000E+00
   9.15784300000E+00   9.77628700000E+00   1.03912400000E+01   1.10005300000E+01
   1.16177700000E+01   1.22259800000E+01   1.28874000000E+01   1.35551700000E+01
   1.42233400000E+01   1.49117500000E+01   1.55764500000E+01   1.62502400000E+01
   1.69008600000E+01   1.75780200000E+01   1.82813000000E+01   1.89876600000E+01
   1.97082200000E+01   2.14599100000E+01   2.32603000000E+01   2.50201100000E+01
   2.68709900000E+01   3.03267600000E+01   3.40055400000E+01   3.74712600000E+01
   4.10722700000E+01   4.44442800000E+01   4.79497300000E+01   5.12433700000E+01
   5.45638000000E+01   5.77548000000E+01   6.09830800000E+01                   5
                  -1                   1                   6                   5
                   0                  70   1.00000000000E+00   1.07877900000E+01
   1.10000000000E+01   1.15000000000E+01   1.20000000000E+01   1.25000000000E+01
   1.30000000000E+01   1.35000000000E+01   1.40000000000E+01   1.45000000000E+01
   1.50000000000E+01   1.55000000000E+01   1.60000000000E+01   1.65000000000E+01
   1.70000000000E+01   1.75000000000E+01   1.80000000000E+01   1.85000000000E+01
   1.90000000000E+01   1.95000000000E+01   2.00000000000E+01   2.10000000000E+01
   2.20000000000E+01   2.30000000000E+01   2.40000000000E+01   2.50000000000E+01
   2.60000000000E+01   2.70000000000E+01   2.80000000000E+01   2.90000000000E+01
   3.00000000000E+01   3.20000000000E+01   3.40000000000E+01   3.60000000000E+01
   3.80000000000E+01   4.00000000000E+01   4.20000000000E+01   4.40000000000E+01
   4.60000000000E+01   4.80000000000E+01   5.00000000000E+01   5.20000000000E+01
   5.40000000000E+01   5.60000000000E+01   5.80000000000E+01   6.00000000000E+01
   6.20000000000E+01   6.40000000000E+01   6.60000000000E+01   6.80000000000E+01
   7.00000000000E+01   7.20000000000E+01   7.40000000000E+01   7.60000000000E+01
   7.80000000000E+01   8.00000000000E+01   8.50000000000E+01   9.00000000000E+01
   9.50000000000E+01   1.00000000000E+02   1.10000000000E+02   1.20000000000E+02
   1.30000000000E+02   1.40000000000E+02   1.50000000000E+02   1.60000000000E+02
   1.70000000000E+02   1.80000000000E+02   1.90000000000E+02   2.00000000000E+02
   0.00000000000E+00   0.00000000000E+00   4.28217500000E-01   8.97808300000E-01
   9.26231200000E-01   9.29346500000E-01   9.20642700000E-01   9.14360000000E-01
   9.12913300000E-01   9.15331900000E-01   9.20303000000E-01   9.26951300000E-01
   9.34132400000E-01   9.41280700000E-01   9.46442900000E-01   9.50328600000E-01
   9.52912500000E-01   9.54280300000E-01   9.54335500000E-01   1.04336300000E+00
   1.17314300000E+00   1.39422700000E+00   1.51566800000E+00   1.59198600000E+00
   1.63840000000E+00   1.66110700000E+00   1.66973500000E+00   1.66777000000E+00
   1.65967000000E+00   1.64633600000E+00   1.63039200000E+00   1.64616000000E+00
   1.78152300000E+00   1.90595400000E+00   1.98139500000E+00   2.01087900000E+00
   2.02726800000E+00   2.05384900000E+00   2.10293600000E+00   2.15934700000E+00
   2.21273300000E+00   2.25553500000E+00   2.28586900000E+00   2.31530200000E+00
   2.35101100000E+00   2.39418400000E+00   2.43819900000E+00   2.47957100000E+00
   2.52189500000E+00   2.55786800000E+00   2.59326200000E+00   2.62965300000E+00
   2.66829800000E+00   2.70897200000E+00   2.74820000000E+00   2.78765300000E+00
   2.88581700000E+00   2.98099900000E+00   3.07637900000E+00   3.17508000000E+00
   3.35995300000E+00   3.54637800000E+00   3.72695600000E+00   3.90441800000E+00
   4.07096100000E+00   4.23758100000E+00   4.40219900000E+00   4.56011200000E+00
   4.71597000000E+00   4.86780800000E+00                   0                   1
                   0                   4                  10                   0
                   2   1.00000000000E+00   2.00000000000E+02   1.00000000000E+00
   1.00000000000E+00                   0                  30   1.00000000000E+00
   1.07877900000E+01   1.20000000000E+01   1.40000000000E+01   1.60000000000E+01
   1.80000000000E+01   2.00000000000E+01   2.20000000000E+01   2.40000000000E+01
   2.60000000000E+01   2.80000000000E+01   3.00000000000E+01   3.20000000000E+01
   3.60000000000E+01   4.00000000000E+01   4.40000000000E+01   4.80000000000E+01
   5.00000000000E+01   5.20000000000E+01   5.60000000000E+01   6.00000000000E+01
   7.00000000000E+01   8.00000000000E+01   9.00000000000E+01   1.00000000000E+02
   1.20000000000E+02   1.40000000000E+02   1.60000000000E+02   1.80000000000E+02
   2.00000000000E+02                  72                  89                 106
                 178                 486                1049                1733
                2516                3532                4639                5811
                7035                8311                9626               11019
               12701               14428               16200               18002
               19819               21666               23543               25738
               27984               30532               33118               36039
               39261               42529               45820                   2
                   3   0.00000000000E+00   5.00000000000E-07   1.00000000000E-06
   0.00000000000E+00   2.00000000000E+06   0.00000000000E+00   0.00000000000E+00
   5.00000000000E-01   1.00000000000E+00                   0                   0
                   0                   0                   0                   0
                   2                   3   0.00000000000E+00   5.00000000000E-07
   1.00000000000E-06   0.00000000000E+00   2.00000000000E+06   0.00000000000E+00
   0.00000000000E+00   5.00000000000E-01   1.00000000000E+00                   0
                   0                   0                   0                   0
                   0                   2                  14   0.00000000000E+00
   2.50000000000E-02   1.00000000000E-01   2.00000000000E-01   3.00000000000E-01
   4.00000000000E-01   5.00000000000E-01   6.00000000000E-01   7.00000000000E-01
   8.00000000000E-01   9.00000000000E-01   1.00000000000E+00   1.10000000000E+00
   1.20000000000E+00   0.00000000000E+00   1.94887700000E-01   7.78975400000E-01
   1.06156300000E+00   9.85385100000E-04   7.03148000000E-04   1.07266500000E+00
   2.32801500000E+00   1.39820000000E-04   6.12054000000E-05   2.12054000000E-05
   2.76592000000E+00   1.77219800000E+00   4.37360600000E-01   0.00000000000E+00
   2.43609642000E-03   3.89559615000E-02   1.30982883000E-01   1.84110306000E-01
   1.84194733000E-01   2.37863144000E-01   4.07897156000E-01   5.24304905000E-01
   5.24314956000E-01   5.24319077000E-01   6.62616146000E-01   8.89522062000E-01
   1.00000000000E+00                   0                   0                   0
                   0                   0                   0                   0
                   0                   0                   0                   0
                   0                   0                   0                   0
                   0                   0                   0                   0
                   0                   0                   0                   0
                   0                   0                   0                   0
                   0                   2                  34   0.00000000000E+00
   2.50000000000E-02   1.00000000000E-01   2.00000000000E-01   3.00000000000E-01
   4.00000000000E-01   5.00000000000E-01   6.00000000000E-01   7.00000000000E-01
   8.00000000000E-01   9.00000000000E-01   1.00000000000E+00   1.10000000000E+00
   1.20000000000E+00   1.30000000000E+00   1.40000000000E+00   1.50000000000E+00
   1.60000000000E+00   1.70000000000E+00   1.80000000000E+00   1.90000000000E+00
   2.00000000000E+00   2.10000000000E+00   2.20000000000E+00   2.30000000000E+00
   2.40000000000E+00   2.50000000000E+00   2.60000000000E+00   2.70000000000E+00
   2.80000000000E+00   2.90000000000E+00   3.00000000000E+00   3.10000000000E+00
   3.20000000000E+00   0.00000000000E+00   6.54140900000E-02   2.59723300000E-01
   4.13263600000E-01   4.88946800000E-01   5.20919400000E-01   5.28200800000E-01
   5.21699500000E-01   5.07586900000E-01   4.89244500000E-01   4.68197400000E-01
   4.45197600000E-01   4.21070600000E-01   3.96310500000E-01   3.71195200000E-01
   3.46066700000E-01   3.21197000000E-01   2.96823400000E-01   1.38583800000E-01
   3.08711100000E-01   3.40163300000E-01   4.91664300000E-02   5.72806800000E-01
   3.79099800000E-01   2.23785000000E-04   1.41620000000E-04   2.87718500000E-01
   3.89440200000E-01   2.38336000000E-05   1.02435000000E-05   3.46018000000E-06
   3.26798200000E-01   3.25430700000E-01   1.71586500000E-01   0.00000000000E+00
   8.17676137000E-04   1.30103284000E-02   4.66596739000E-02   9.17701946000E-02
   1.42263505000E-01   1.94719516000E-01   2.47214532000E-01   2.98678853000E-01
   3.48520423000E-01   3.96392519000E-01   4.42062270000E-01   4.85375680000E-01
   5.26244736000E-01   5.64620021000E-01   6.00483117000E-01   6.33846302000E-01
   6.64747323000E-01   6.86517683000E-01   7.08882429000E-01   7.41326149000E-01
   7.60792636000E-01   7.91891298000E-01   8.39486628000E-01   8.58452808000E-01
   8.58471078000E-01   8.72864084000E-01   9.06722020000E-01   9.26195222000E-01
   9.26196926000E-01   9.26197611000E-01   9.42537694000E-01   9.75149140000E-01
   1.00000000000E+00                   0                   0                   0
                   0                   0                   0                   0
                   0                   0                   0                   0
                   0                   0                   0                   0
                   0                   0                   0                   0
                   0                   0                   0                   0
                   0                   0                   0                   0
                   0                   0                   0                   0
                   0                   0                   0                   0
                   0                   0                   0                   0
                   0                   0                   0                   0
                   0                   0                   0                   0
                   0                   0                   0                   0
                   0                   0                   0                   0
                   0                   0                   0                   0
                   0                   0                   0                   0
                   0                   0                   0                   0
                   0                   0                   0                   0
                   0                   0                   0                   0
                   0                   0                   0                   0
                   0                   0                   0                   0
                   0                   0                   0                   0
                   0                   0                   0
