 50117.00u  115.898700  0.0000E+00   06/19/20
Ace Sn117 IAEA-PD                                                        mat5040
      0         0.      0         0.      0         0.      0         0.
      0         0.      0         0.      0         0.      0         0.
      0         0.      0         0.      0         0.      0         0.
      0         0.      0         0.      0         0.      0         0.
   318327    50117       89        1        7        2       12        0
        0        0        0        0        0        0        0        1
        1       90       90        0      179      268      269      270
      271      362      446        0        0        0        0        0
        0        0        0        0        0        0        0        0
        0        0        0        0        0        0        0        0
   9.99999000000E-01   1.00000000000E+00   1.50000000000E+00   2.00000000000E+00
   2.50000000000E+00   3.00000000000E+00   3.50000000000E+00   4.00000000000E+00
   4.50000000000E+00   5.00000000000E+00   5.50000000000E+00   6.00000000000E+00
   6.50000000000E+00   7.00000000000E+00   7.50000000000E+00   8.00000000000E+00
   8.50000000000E+00   9.00000000000E+00   9.50000000000E+00   1.00000000000E+01
   1.05000000000E+01   1.10000000000E+01   1.15000000000E+01   1.20000000000E+01
   1.25000000000E+01   1.30000000000E+01   1.35000000000E+01   1.40000000000E+01
   1.45000000000E+01   1.50000000000E+01   1.55000000000E+01   1.60000000000E+01
   1.65000000000E+01   1.70000000000E+01   1.75000000000E+01   1.80000000000E+01
   1.85000000000E+01   1.90000000000E+01   1.95000000000E+01   2.00000000000E+01
   2.10000000000E+01   2.20000000000E+01   2.30000000000E+01   2.40000000000E+01
   2.50000000000E+01   2.60000000000E+01   2.70000000000E+01   2.80000000000E+01
   2.90000000000E+01   3.00000000000E+01   3.20000000000E+01   3.40000000000E+01
   3.60000000000E+01   3.80000000000E+01   4.00000000000E+01   4.20000000000E+01
   4.40000000000E+01   4.60000000000E+01   4.80000000000E+01   5.00000000000E+01
   5.20000000000E+01   5.40000000000E+01   5.60000000000E+01   5.80000000000E+01
   6.00000000000E+01   6.20000000000E+01   6.40000000000E+01   6.60000000000E+01
   6.80000000000E+01   7.00000000000E+01   7.20000000000E+01   7.40000000000E+01
   7.60000000000E+01   7.80000000000E+01   8.00000000000E+01   8.50000000000E+01
   9.00000000000E+01   9.50000000000E+01   1.00000000000E+02   1.10000000000E+02
   1.20000000000E+02   1.30000000000E+02   1.40000000000E+02   1.50000000000E+02
   1.60000000000E+02   1.70000000000E+02   1.80000000000E+02   1.90000000000E+02
   2.00000000000E+02   0.00000000000E+00   1.99700800000E-05   5.89173700000E-05
   1.32064700000E-04   2.54595700000E-04   4.47417600000E-04   7.40709900000E-04
   1.17948100000E-03   1.83114600000E-03   2.79056900000E-03   4.16088300000E-03
   5.95686200000E-03   7.93481800000E-03   9.68149300000E-03   1.11412300000E-02
   1.27250000000E-02   1.48721100000E-02   1.78182000000E-02   2.16028000000E-02
   2.62234900000E-02   3.19534900000E-02   3.94804000000E-02   4.97221700000E-02
   6.36893900000E-02   8.24928000000E-02   1.07281300000E-01   1.38751900000E-01
   1.75791500000E-01   2.13486200000E-01   2.42719300000E-01   2.54520500000E-01
   2.46850700000E-01   2.25611300000E-01   1.99120000000E-01   1.73457600000E-01
   1.51637800000E-01   1.34100600000E-01   1.18681700000E-01   1.03516700000E-01
   8.99007100000E-02   6.96330000000E-02   5.61800800000E-02   4.66922800000E-02
   3.96734400000E-02   3.42963800000E-02   3.00652300000E-02   2.66649300000E-02
   2.38864400000E-02   2.15860600000E-02   1.96619500000E-02   1.66644900000E-02
   1.44928400000E-02   1.29035100000E-02   1.17366700000E-02   1.08810900000E-02
   1.02563600000E-02   9.80298900000E-03   9.47649600000E-03   9.24340800000E-03
   9.07849500000E-03   8.96273100000E-03   8.88177500000E-03   8.82483000000E-03
   8.78377900000E-03   8.75254000000E-03   8.72657200000E-03   8.70250600000E-03
   8.67786900000E-03   8.65086800000E-03   8.62023300000E-03   8.58509200000E-03
   8.54488200000E-03   8.49927600000E-03   8.44812500000E-03   8.39142300000E-03
   8.22622800000E-03   8.03059000000E-03   7.80960700000E-03   7.56914800000E-03
   7.05441700000E-03   6.53498900000E-03   6.05660600000E-03   5.66128000000E-03
   5.17011000000E-03   4.74589800000E-03   4.37653600000E-03   4.05259500000E-03
   3.76663500000E-03   3.51271000000E-03   0.00000000000E+00   1.00000000000E+00
   6.11630100000E-01   2.23261000000E-01   2.87507300000E-01   3.06544000000E-01
   2.99052000000E-01   2.71388500000E-01   3.35948800000E-01   3.66371200000E-01
   3.35775100000E-01   2.16746900000E-01   2.19612700000E-01   5.86058100000E+00
   6.61578800000E+00   6.53615000000E+00   6.32956600000E+00   6.23940200000E+00
   6.29473500000E+00   6.68837600000E+00   6.66520800000E+00   6.75172900000E+00
   6.79602500000E+00   6.76184900000E+00   6.81840300000E+00   6.84830100000E+00
   6.86747100000E+00   6.88319700000E+00   6.90323000000E+00   6.92074300000E+00
   6.93305700000E+00   6.93976000000E+00   7.25637500000E+00   8.09766000000E+00
   9.31254500000E+00   1.04729800000E+01   1.15741100000E+01   1.24129800000E+01
   1.30949300000E+01   1.36996000000E+01   1.43192400000E+01   1.49056400000E+01
   1.51760800000E+01   1.54046900000E+01   1.57376200000E+01   1.62750300000E+01
   1.70998900000E+01   1.78834800000E+01   1.87301200000E+01   1.95119700000E+01
   2.06577100000E+01   2.15477300000E+01   2.24504700000E+01   2.36360800000E+01
   2.50349100000E+01   2.67121100000E+01   2.83404300000E+01   2.95866700000E+01
   3.08016700000E+01   3.19561400000E+01   3.31348300000E+01   3.44090200000E+01
   3.56731300000E+01   3.68877000000E+01   3.81328900000E+01   3.93475500000E+01
   4.05846100000E+01   4.17979000000E+01   4.30540100000E+01   4.42634900000E+01
   4.55254500000E+01   4.67620100000E+01   4.79792700000E+01   4.91703800000E+01
   5.03416700000E+01   5.34021300000E+01   5.63447000000E+01   5.94885200000E+01
   6.24389800000E+01   6.85773700000E+01   7.44970700000E+01   8.06466700000E+01
   8.66766500000E+01   9.28524400000E+01   9.90287600000E+01   1.05320600000E+02
   1.11472500000E+02   1.17907500000E+02   1.24220700000E+02                   5
   0.00000000000E+00                   1                   1                  89
   0.00000000000E+00   1.99700800000E-05   5.89173700000E-05   1.32064700000E-04
   2.54595700000E-04   4.47417600000E-04   7.40709900000E-04   1.17948100000E-03
   1.83114600000E-03   2.79056900000E-03   4.16088300000E-03   5.95686200000E-03
   7.93481800000E-03   9.68149300000E-03   1.11412300000E-02   1.27250000000E-02
   1.48721100000E-02   1.78182000000E-02   2.16028000000E-02   2.62234900000E-02
   3.19534900000E-02   3.94804000000E-02   4.97221700000E-02   6.36893900000E-02
   8.24928000000E-02   1.07281300000E-01   1.38751900000E-01   1.75791500000E-01
   2.13486200000E-01   2.42719300000E-01   2.54520500000E-01   2.46850700000E-01
   2.25611300000E-01   1.99120000000E-01   1.73457600000E-01   1.51637800000E-01
   1.34100600000E-01   1.18681700000E-01   1.03516700000E-01   8.99007100000E-02
   6.96330000000E-02   5.61800800000E-02   4.66922800000E-02   3.96734400000E-02
   3.42963800000E-02   3.00652300000E-02   2.66649300000E-02   2.38864400000E-02
   2.15860600000E-02   1.96619500000E-02   1.66644900000E-02   1.44928400000E-02
   1.29035100000E-02   1.17366700000E-02   1.08810900000E-02   1.02563600000E-02
   9.80298900000E-03   9.47649600000E-03   9.24340800000E-03   9.07849500000E-03
   8.96273100000E-03   8.88177500000E-03   8.82483000000E-03   8.78377900000E-03
   8.75254000000E-03   8.72657200000E-03   8.70250600000E-03   8.67786900000E-03
   8.65086800000E-03   8.62023300000E-03   8.58509200000E-03   8.54488200000E-03
   8.49927600000E-03   8.44812500000E-03   8.39142300000E-03   8.22622800000E-03
   8.03059000000E-03   7.80960700000E-03   7.56914800000E-03   7.05441700000E-03
   6.53498900000E-03   6.05660600000E-03   5.66128000000E-03   5.17011000000E-03
   4.74589800000E-03   4.37653600000E-03   4.05259500000E-03   3.76663500000E-03
   3.51271000000E-03                   1                   1                 446
                 525                 604                 605                 606
                 607                 765                 766                 766
                 767                   2                   1               56215
               56306               56397               56398               56399
               56400               56578               56579               56579
               56580                   9                   1               70314
               70388               70462               70463               70464
               70465               70613               70614               70614
               70615                  31                   1              122710
              122775              122840              122841              122842
              122843              122973              122974              122974
              122975                  32                   1              168724
              168783              168842              168843              168844
              168845              168965              168966              168966
              168967                  33                   1              211209
              211269              211329              211330              211331
              211332              211456              211457              211457
              211458                  34                   1              255536
              255619              255702              255703              255704
              255705              255875              255876              255876
              255877                  13                  77   0.00000000000E+00
   9.45765400000E-04   1.06518600000E-02   1.20468000000E-02   1.40821500000E-02
   1.67208100000E-02   2.04192900000E-02   2.49270000000E-02   3.05487500000E-02
   3.79242100000E-02   4.80871100000E-02   6.20686500000E-02   8.09502400000E-02
   1.05854200000E-01   1.37456600000E-01   1.74633100000E-01   2.12473600000E-01
   2.41864600000E-01   2.53822000000E-01   2.46285900000E-01   2.25149900000E-01
   2.14302500000E-01   2.11262000000E-01   2.06788800000E-01   1.99143100000E-01
   1.87056000000E-01   1.70306400000E-01   1.52565400000E-01   1.22741000000E-01
   1.01281100000E-01   8.52646300000E-02   7.29541800000E-02   6.36202000000E-02
   5.76138200000E-02   5.34100100000E-02   4.99537100000E-02   4.68620000000E-02
   4.40535000000E-02   3.89946100000E-02   3.48171900000E-02   3.14833800000E-02
   2.92713500000E-02   2.81724700000E-02   2.76410400000E-02   2.73184300000E-02
   2.71083700000E-02   2.69476800000E-02   2.69987100000E-02   2.72382700000E-02
   2.76093700000E-02   2.80030300000E-02   2.84571800000E-02   2.88807200000E-02
   2.92690000000E-02   2.96507800000E-02   3.00799700000E-02   3.04916100000E-02
   3.09040700000E-02   3.12330600000E-02   3.15456500000E-02   3.18105300000E-02
   3.20702300000E-02   3.22857600000E-02   3.27195800000E-02   3.29949400000E-02
   3.29642600000E-02   3.29206400000E-02   3.22956100000E-02   3.14157600000E-02
   3.05052700000E-02   2.97973800000E-02   2.83766200000E-02   2.70570500000E-02
   2.58962600000E-02   2.48545400000E-02   2.38761600000E-02   2.30016100000E-02
                  13                  77   0.00000000000E+00   5.77951800000E-03
   5.53593300000E-01   1.04032300000E+00   1.02306500000E+00   9.96612100000E-01
   9.86412200000E-01   9.74466600000E-01   1.02555700000E+00   1.07612300000E+00
   1.12944400000E+00   1.18448300000E+00   1.20233700000E+00   1.21865400000E+00
   1.23329700000E+00   1.24648500000E+00   1.30905900000E+00   1.37099700000E+00
   1.43244400000E+00   1.49350500000E+00   1.48672200000E+00   1.59565300000E+00
   1.79701400000E+00   2.00230300000E+00   2.25880800000E+00   2.48052700000E+00
   2.67608200000E+00   2.84994900000E+00   3.13088900000E+00   3.37672100000E+00
   3.62348200000E+00   3.85335400000E+00   4.07626800000E+00   4.40626000000E+00
   4.75028100000E+00   5.11069100000E+00   5.46812600000E+00   5.81149000000E+00
   6.49240700000E+00   7.14078800000E+00   7.73506200000E+00   8.29890900000E+00
   9.02270500000E+00   9.73775900000E+00   1.04270100000E+01   1.11729300000E+01
   1.18653800000E+01   1.25747000000E+01   1.33017700000E+01   1.40259700000E+01
   1.47465700000E+01   1.54941300000E+01   1.62273300000E+01   1.69495600000E+01
   1.76804700000E+01   1.84576700000E+01   1.92469500000E+01   2.00631100000E+01
   2.08143900000E+01   2.15830400000E+01   2.23488300000E+01   2.31421600000E+01
   2.39359700000E+01   2.58612600000E+01   2.78675800000E+01   2.97372100000E+01
   3.17827300000E+01   3.55625400000E+01   3.95571300000E+01   4.33308300000E+01
   4.72520200000E+01   5.09613000000E+01   5.46874800000E+01   5.82877800000E+01
   6.19997000000E+01   6.54453500000E+01   6.90153700000E+01                   5
                  -1                   1                   6                   5
                   0                  77   1.00000000000E+00   6.94309800000E+00
   7.50000000000E+00   8.00000000000E+00   8.50000000000E+00   9.00000000000E+00
   9.50000000000E+00   1.00000000000E+01   1.05000000000E+01   1.10000000000E+01
   1.15000000000E+01   1.20000000000E+01   1.25000000000E+01   1.30000000000E+01
   1.35000000000E+01   1.40000000000E+01   1.45000000000E+01   1.50000000000E+01
   1.55000000000E+01   1.60000000000E+01   1.65000000000E+01   1.70000000000E+01
   1.75000000000E+01   1.80000000000E+01   1.85000000000E+01   1.90000000000E+01
   1.95000000000E+01   2.00000000000E+01   2.10000000000E+01   2.20000000000E+01
   2.30000000000E+01   2.40000000000E+01   2.50000000000E+01   2.60000000000E+01
   2.70000000000E+01   2.80000000000E+01   2.90000000000E+01   3.00000000000E+01
   3.20000000000E+01   3.40000000000E+01   3.60000000000E+01   3.80000000000E+01
   4.00000000000E+01   4.20000000000E+01   4.40000000000E+01   4.60000000000E+01
   4.80000000000E+01   5.00000000000E+01   5.20000000000E+01   5.40000000000E+01
   5.60000000000E+01   5.80000000000E+01   6.00000000000E+01   6.20000000000E+01
   6.40000000000E+01   6.60000000000E+01   6.80000000000E+01   7.00000000000E+01
   7.20000000000E+01   7.40000000000E+01   7.60000000000E+01   7.80000000000E+01
   8.00000000000E+01   8.50000000000E+01   9.00000000000E+01   9.50000000000E+01
   1.00000000000E+02   1.10000000000E+02   1.20000000000E+02   1.30000000000E+02
   1.40000000000E+02   1.50000000000E+02   1.60000000000E+02   1.70000000000E+02
   1.80000000000E+02   1.90000000000E+02   2.00000000000E+02   0.00000000000E+00
   0.00000000000E+00   9.56075800000E-01   9.46703300000E-01   9.46883100000E-01
   9.38411800000E-01   9.45215000000E-01   9.50560000000E-01   9.56038000000E-01
   9.60583200000E-01   9.67116100000E-01   9.74552400000E-01   9.81300700000E-01
   9.86697600000E-01   9.90664600000E-01   9.93410400000E-01   9.95256800000E-01
   9.96478600000E-01   9.97255600000E-01   9.97712000000E-01   9.97954900000E-01
   1.07624800000E+00   1.21794600000E+00   1.36370200000E+00   1.48502800000E+00
   1.57611500000E+00   1.64520700000E+00   1.69704300000E+00   1.76268400000E+00
   1.80279400000E+00   1.82609700000E+00   1.83886700000E+00   1.85501200000E+00
   1.91629400000E+00   2.00300600000E+00   2.09130000000E+00   2.17093800000E+00
   2.24054600000E+00   2.33998200000E+00   2.40237200000E+00   2.43990800000E+00
   2.49400800000E+00   2.58912200000E+00   2.69501500000E+00   2.78674500000E+00
   2.86059000000E+00   2.91534000000E+00   2.97391900000E+00   3.03905900000E+00
   3.10854200000E+00   3.17320900000E+00   3.23974200000E+00   3.29969600000E+00
   3.35400900000E+00   3.40715400000E+00   3.46628500000E+00   3.52468800000E+00
   3.58506200000E+00   3.63805800000E+00   3.69176000000E+00   3.74273400000E+00
   3.79613600000E+00   3.84747100000E+00   3.97747100000E+00   4.10865700000E+00
   4.22098800000E+00   4.34931900000E+00   4.57806900000E+00   4.80731600000E+00
   5.03669400000E+00   5.26336400000E+00   5.48859100000E+00   5.70114400000E+00
   5.91706800000E+00   6.13299400000E+00   6.33885700000E+00   6.54811000000E+00
                   0                   1                   0                   4
                  10                   0                   2   1.00000000000E+00
   2.00000000000E+02   1.00000000000E+00   1.00000000000E+00                   0
                  32   1.00000000000E+00   6.94309800000E+00   8.00000000000E+00
   1.00000000000E+01   1.20000000000E+01   1.40000000000E+01   1.60000000000E+01
   1.80000000000E+01   2.00000000000E+01   2.20000000000E+01   2.40000000000E+01
   2.60000000000E+01   2.80000000000E+01   3.00000000000E+01   3.20000000000E+01
   3.60000000000E+01   4.00000000000E+01   4.40000000000E+01   4.80000000000E+01
   5.00000000000E+01   5.20000000000E+01   5.60000000000E+01   6.00000000000E+01
   7.00000000000E+01   8.00000000000E+01   9.00000000000E+01   1.00000000000E+02
   1.20000000000E+02   1.40000000000E+02   1.60000000000E+02   1.80000000000E+02
   2.00000000000E+02                  76                  87                  98
                 136                 435                 914                1719
                2678                3714                4816                6183
                7602                9060               10557               12080
               13629               15230               17122               19044
               20996               22963               24945               26942
               28969               31300               33665               36327
               39027               42032               45369               48706
               52066                   2                   3   0.00000000000E+00
   5.00000000000E-07   1.00000000000E-06   0.00000000000E+00   2.00000000000E+06
   0.00000000000E+00   0.00000000000E+00   5.00000000000E-01   1.00000000000E+00
                   2                   3   0.00000000000E+00   5.00000000000E-07
   1.00000000000E-06   0.00000000000E+00   2.00000000000E+06   0.00000000000E+00
   0.00000000000E+00   5.00000000000E-01   1.00000000000E+00                   2
                  12   0.00000000000E+00   1.00000000000E-01   2.00000000000E-01
   3.00000000000E-01   4.00000000000E-01   5.00000000000E-01   6.00000000000E-01
   7.00000000000E-01   8.00000000000E-01   9.00000000000E-01   1.00000000000E+00
   1.10000000000E+00   0.00000000000E+00   2.78859500000E-03   2.92092300000E-03
   2.75445500000E-03   2.26789600000E-03   1.66342500000E-03   1.08583500000E-03
   6.14116000000E-04   2.82001000000E-04   8.99492100000E-05   1.19981000000E-05
   1.99710400000E+01   0.00000000000E+00   1.39429761000E-04   4.24905684000E-04
   7.08674607000E-04   9.59792177000E-04   1.15635824000E-03   1.29382125000E-03
   1.37881881000E-03   1.42362466000E-03   1.44222218000E-03   1.44731954000E-03
   1.00000000000E+00                   2                  33   0.00000000000E+00
   2.50000000000E-02   1.00000000000E-01   2.00000000000E-01   3.00000000000E-01
   4.00000000000E-01   5.00000000000E-01   6.00000000000E-01   7.00000000000E-01
   8.00000000000E-01   9.00000000000E-01   1.00000000000E+00   1.10000000000E+00
   1.20000000000E+00   1.30000000000E+00   1.40000000000E+00   1.50000000000E+00
   1.60000000000E+00   1.70000000000E+00   1.80000000000E+00   1.90000000000E+00
   2.00000000000E+00   2.10000000000E+00   2.20000000000E+00   2.30000000000E+00
   2.40000000000E+00   2.50000000000E+00   2.60000000000E+00   2.70000000000E+00
   2.80000000000E+00   2.90000000000E+00   3.00000000000E+00   3.10000000000E+00
   0.00000000000E+00   6.68626800000E-02   2.65810000000E-01   4.60334400000E-01
   3.52955900000E-01   7.37921500000E-01   1.54738200000E+00   1.79700800000E-02
   7.09501600000E-02   1.45519900000E+00   1.22055700000E+00   7.19604800000E-01
   1.33729800000E-02   1.22363100000E-02   7.84756700000E-01   8.07346800000E-03
   6.18006300000E-03   5.05894800000E-03   4.16853200000E-03   1.80177900000E+00
   2.56589900000E-03   1.96964200000E-03   1.46775900000E-03   1.00957200000E-03
   6.54510000000E-04   3.92184000000E-04   2.30880000000E-04   1.27454000000E-04
   6.02143000000E-05   2.34612000000E-05   6.53974000000E-06   7.65179000000E-07
   1.01395100000E+00   0.00000000000E+00   8.35783474000E-04   1.33110086000E-02
   4.96182275000E-02   9.02827412000E-02   1.44826609000E-01   2.59091781000E-01
   3.37359383000E-01   3.41805394000E-01   4.18112850000E-01   5.51900646000E-01
   6.48908733000E-01   6.85557621000E-01   6.86838085000E-01   7.26687734000E-01
   7.66329242000E-01   7.67041918000E-01   7.67603869000E-01   7.68065243000E-01
   8.58362616000E-01   9.48579859000E-01   9.48806636000E-01   9.48978506000E-01
   9.49102372000E-01   9.49185576000E-01   9.49237911000E-01   9.49269064000E-01
   9.49286981000E-01   9.49296364000E-01   9.49300548000E-01   9.49302048000E-01
   9.49302413000E-01   1.00000000000E+00                   0                   0
                   0                   0                   0                   0
                   0                   0                   0                   0
                   0                   0                   0                   0
                   0                   0                   0                   0
                   0                   0                   0                   0
                   0                   0                   0                   0
                   0                   0                   0                   0
                   0                   0                   0                   0
                   0                   0                   0                   0
                   0                   0                   0                   0
                   0                   0                   0                   0
                   0                   0                   0                   0
                   0                   0                   0                   0
                   0                   0                   0                   0
                   0                   0                   0                   0
                   0                   0                   0                   0
                   0                   0                   0                   0
                   0                   0                   0                   0
                   0                   0                   0                   0
                   0                   0                   0                   0
                   0                   0                   0                   0
                   0                   0                   0                   0
                   0                   0                   0                   0
                   0                   0                   0                   0
                   0                   0                   0                   0
                   0                   0                   0                   0
                   0                   0                   0                   0
                   0                   0                   0                   0
                   0                   0                   0                   0
                   0                   0                   0                   0
                   0                   0                   0                   0
                   0                   0                   0                   0
                   0                   0                   0                   0
