 50115.00u  113.916300  0.0000E+00   02/26/20
Ace Sn115 IAEA-PD                                                        mat5034
      0         0.      0         0.      0         0.      0         0.
      0         0.      0         0.      0         0.      0         0.
      0         0.      0         0.      0         0.      0         0.
      0         0.      0         0.      0         0.      0         0.
   319037    50115       89        1        7        2       12        0
        0        0        0        0        0        0        0        1
        1       90       90        0      179      268      269      270
      271      362      446        0        0        0        0        0
        0        0        0        0        0        0        0        0
        0        0        0        0        0        0        0        0
   9.99999000000E-01   1.00000000000E+00   1.50000000000E+00   2.00000000000E+00
   2.50000000000E+00   3.00000000000E+00   3.50000000000E+00   4.00000000000E+00
   4.50000000000E+00   5.00000000000E+00   5.50000000000E+00   6.00000000000E+00
   6.50000000000E+00   7.00000000000E+00   7.50000000000E+00   8.00000000000E+00
   8.50000000000E+00   9.00000000000E+00   9.50000000000E+00   1.00000000000E+01
   1.05000000000E+01   1.10000000000E+01   1.15000000000E+01   1.20000000000E+01
   1.25000000000E+01   1.30000000000E+01   1.35000000000E+01   1.40000000000E+01
   1.45000000000E+01   1.50000000000E+01   1.55000000000E+01   1.60000000000E+01
   1.65000000000E+01   1.70000000000E+01   1.75000000000E+01   1.80000000000E+01
   1.85000000000E+01   1.90000000000E+01   1.95000000000E+01   2.00000000000E+01
   2.10000000000E+01   2.20000000000E+01   2.30000000000E+01   2.40000000000E+01
   2.50000000000E+01   2.60000000000E+01   2.70000000000E+01   2.80000000000E+01
   2.90000000000E+01   3.00000000000E+01   3.20000000000E+01   3.40000000000E+01
   3.60000000000E+01   3.80000000000E+01   4.00000000000E+01   4.20000000000E+01
   4.40000000000E+01   4.60000000000E+01   4.80000000000E+01   5.00000000000E+01
   5.20000000000E+01   5.40000000000E+01   5.60000000000E+01   5.80000000000E+01
   6.00000000000E+01   6.20000000000E+01   6.40000000000E+01   6.60000000000E+01
   6.80000000000E+01   7.00000000000E+01   7.20000000000E+01   7.40000000000E+01
   7.60000000000E+01   7.80000000000E+01   8.00000000000E+01   8.50000000000E+01
   9.00000000000E+01   9.50000000000E+01   1.00000000000E+02   1.10000000000E+02
   1.20000000000E+02   1.30000000000E+02   1.40000000000E+02   1.50000000000E+02
   1.60000000000E+02   1.70000000000E+02   1.80000000000E+02   1.90000000000E+02
   2.00000000000E+02   0.00000000000E+00   1.45666900000E-05   4.15234500000E-05
   9.02833300000E-05   1.68630100000E-04   2.85872600000E-04   4.53433200000E-04
   6.85653300000E-04   1.00091500000E-03   1.42318400000E-03   1.98397000000E-03
   2.72418800000E-03   3.69386500000E-03   4.94432100000E-03   6.50651700000E-03
   8.37220800000E-03   1.05437000000E-02   1.31518000000E-02   1.64813500000E-02
   2.08965400000E-02   2.68197800000E-02   3.47784600000E-02   4.54627200000E-02
   5.97669400000E-02   7.88015000000E-02   1.03808400000E-01   1.35709700000E-01
   1.73802300000E-01   2.13621600000E-01   2.45972000000E-01   2.60791400000E-01
   2.54649700000E-01   2.33012600000E-01   2.04678800000E-01   1.76248500000E-01
   1.50907500000E-01   1.29539100000E-01   1.11945700000E-01   9.75659900000E-02
   8.57967700000E-02   6.78822900000E-02   5.53081600000E-02   4.61660500000E-02
   3.93017400000E-02   3.40025200000E-02   2.98150200000E-02   2.64416700000E-02
   2.36813000000E-02   2.13940400000E-02   1.94800000000E-02   1.64974000000E-02
   1.43364700000E-02   1.27553300000E-02   1.15948600000E-02   1.07442600000E-02
   1.01233900000E-02   9.67301900000E-03   9.34882900000E-03   9.11750700000E-03
   8.95395000000E-03   8.83923800000E-03   8.75911500000E-03   8.70285200000E-03
   8.66238800000E-03   8.63168400000E-03   8.60623100000E-03   8.58268700000E-03
   8.55859700000E-03   8.53218300000E-03   8.50218500000E-03   8.46773800000E-03
   8.42828400000E-03   8.38349600000E-03   8.33322900000E-03   8.27747300000E-03
   8.11491000000E-03   7.92224500000E-03   7.70451100000E-03   7.46750800000E-03
   6.96001500000E-03   6.44776400000E-03   5.97593500000E-03   5.58601800000E-03
   5.10144900000E-03   4.68292900000E-03   4.31851600000E-03   3.99891000000E-03
   3.71677100000E-03   3.46623700000E-03   0.00000000000E+00   1.00000000000E+00
   1.05229200000E+00   1.10458600000E+00   1.15687900000E+00   1.01993000000E+00
   7.55355400000E-01   3.69534300000E-01   3.77362400000E-01   3.60253700000E-01
   3.06543000000E-01   2.09730100000E-01   2.16794200000E-01   2.21271600000E-01
   2.35390000000E-01   6.96933800000E+00   7.47665000000E+00   7.35082800000E+00
   7.41717900000E+00   7.19890700000E+00   6.93224400000E+00   6.93412100000E+00
   7.12611100000E+00   7.28207300000E+00   7.36754100000E+00   7.40501000000E+00
   7.42133400000E+00   7.42956500000E+00   7.46934300000E+00   7.50691000000E+00
   7.53963200000E+00   7.55750100000E+00   7.57970600000E+00   7.59565800000E+00
   7.60760300000E+00   7.65854600000E+00   8.94555900000E+00   1.04803300000E+01
   1.18460100000E+01   1.29793200000E+01   1.43260200000E+01   1.53452100000E+01
   1.58513500000E+01   1.62933300000E+01   1.65849000000E+01   1.68298500000E+01
   1.73193500000E+01   1.79677100000E+01   1.88757500000E+01   1.96838000000E+01
   2.11066100000E+01   2.22800200000E+01   2.34590300000E+01   2.44060600000E+01
   2.54630700000E+01   2.70345600000E+01   2.86905100000E+01   3.01914300000E+01
   3.16193100000E+01   3.28554300000E+01   3.40391700000E+01   3.52974800000E+01
   3.65530400000E+01   3.78958100000E+01   3.92181500000E+01   4.04898900000E+01
   4.17356500000E+01   4.30008700000E+01   4.43037300000E+01   4.55615800000E+01
   4.68793900000E+01   4.81194400000E+01   4.93720300000E+01   5.06245800000E+01
   5.18777900000E+01   5.50368900000E+01   5.81244700000E+01   6.12586000000E+01
   6.43482600000E+01   7.05608500000E+01   7.66235100000E+01   8.29126100000E+01
   8.90500000000E+01   9.53253900000E+01   1.01680400000E+02   1.08105500000E+02
   1.14436100000E+02   1.20974600000E+02   1.27449200000E+02                   5
   0.00000000000E+00                   1                   1                  89
   0.00000000000E+00   1.45666900000E-05   4.15234500000E-05   9.02833300000E-05
   1.68630100000E-04   2.85872600000E-04   4.53433200000E-04   6.85653300000E-04
   1.00091500000E-03   1.42318400000E-03   1.98397000000E-03   2.72418800000E-03
   3.69386500000E-03   4.94432100000E-03   6.50651700000E-03   8.37220800000E-03
   1.05437000000E-02   1.31518000000E-02   1.64813500000E-02   2.08965400000E-02
   2.68197800000E-02   3.47784600000E-02   4.54627200000E-02   5.97669400000E-02
   7.88015000000E-02   1.03808400000E-01   1.35709700000E-01   1.73802300000E-01
   2.13621600000E-01   2.45972000000E-01   2.60791400000E-01   2.54649700000E-01
   2.33012600000E-01   2.04678800000E-01   1.76248500000E-01   1.50907500000E-01
   1.29539100000E-01   1.11945700000E-01   9.75659900000E-02   8.57967700000E-02
   6.78822900000E-02   5.53081600000E-02   4.61660500000E-02   3.93017400000E-02
   3.40025200000E-02   2.98150200000E-02   2.64416700000E-02   2.36813000000E-02
   2.13940400000E-02   1.94800000000E-02   1.64974000000E-02   1.43364700000E-02
   1.27553300000E-02   1.15948600000E-02   1.07442600000E-02   1.01233900000E-02
   9.67301900000E-03   9.34882900000E-03   9.11750700000E-03   8.95395000000E-03
   8.83923800000E-03   8.75911500000E-03   8.70285200000E-03   8.66238800000E-03
   8.63168400000E-03   8.60623100000E-03   8.58268700000E-03   8.55859700000E-03
   8.53218300000E-03   8.50218500000E-03   8.46773800000E-03   8.42828400000E-03
   8.38349600000E-03   8.33322900000E-03   8.27747300000E-03   8.11491000000E-03
   7.92224500000E-03   7.70451100000E-03   7.46750800000E-03   6.96001500000E-03
   6.44776400000E-03   5.97593500000E-03   5.58601800000E-03   5.10144900000E-03
   4.68292900000E-03   4.31851600000E-03   3.99891000000E-03   3.71677100000E-03
   3.46623700000E-03                   1                   1                 446
                 523                 600                 601                 602
                 603                 759                 760                 760
                 761                   2                   1               55188
               55279               55370               55371               55372
               55373               55549               55550               55550
               55551                   9                   1               69197
               69272               69347               69348               69349
               69350               69502               69503               69503
               69504                  31                   1              122209
              122274              122339              122340              122341
              122342              122472              122473              122473
              122474                  32                   1              168322
              168380              168438              168439              168440
              168441              168559              168560              168560
              168561                  33                   1              210541
              210603              210665              210666              210667
              210668              210796              210797              210797
              210798                  34                   1              255798
              255882              255966              255967              255968
              255969              256141              256142              256142
              256143                  15                  75   0.00000000000E+00
   7.77646800000E-03   9.93552000000E-03   1.23898300000E-02   1.53599400000E-02
   1.95413600000E-02   2.53721000000E-02   3.32229800000E-02   4.35714300000E-02
   5.75640400000E-02   7.63736700000E-02   1.01247500000E-01   1.33097600000E-01
   1.71224300000E-01   2.11176800000E-01   2.43753500000E-01   2.58833600000E-01
   2.52979900000E-01   2.31575300000E-01   2.03387900000E-01   1.75048700000E-01
   1.50871900000E-01   1.42866000000E-01   1.40261200000E-01   1.35710500000E-01
   1.29004100000E-01   1.11314000000E-01   9.45183800000E-02   8.06439200000E-02
   6.95690700000E-02   6.06513200000E-02   5.33548400000E-02   4.80216700000E-02
   4.45121100000E-02   4.19477900000E-02   3.96631900000E-02   3.55622100000E-02
   3.21338500000E-02   2.93224900000E-02   2.70319600000E-02   2.55107600000E-02
   2.48139600000E-02   2.45296900000E-02   2.44881600000E-02   2.44652800000E-02
   2.45000600000E-02   2.46084500000E-02   2.48425500000E-02   2.51831800000E-02
   2.55746700000E-02   2.60080800000E-02   2.63331600000E-02   2.66840400000E-02
   2.70073000000E-02   2.72864700000E-02   2.76244900000E-02   2.79030500000E-02
   2.82156300000E-02   2.84652400000E-02   2.86456500000E-02   2.87775200000E-02
   2.91171800000E-02   2.93074000000E-02   2.93225500000E-02   2.92198600000E-02
   2.87081000000E-02   2.79400900000E-02   2.71407800000E-02   2.65324100000E-02
   2.52922600000E-02   2.40971200000E-02   2.30721000000E-02   2.21525300000E-02
   2.12594600000E-02   2.04481000000E-02                  15                  75
   0.00000000000E+00   4.64397100000E-01   5.86796900000E-01   7.02269600000E-01
   8.09128200000E-01   9.26679600000E-01   9.98347500000E-01   1.06960000000E+00
   1.13478800000E+00   1.20239800000E+00   1.22066300000E+00   1.23917700000E+00
   1.25690700000E+00   1.27345500000E+00   1.31122900000E+00   1.34792100000E+00
   1.38350500000E+00   1.41838800000E+00   1.48475900000E+00   1.55035800000E+00
   1.61535100000E+00   1.69224800000E+00   1.83484000000E+00   2.04820300000E+00
   2.23354000000E+00   2.37086100000E+00   2.80583900000E+00   3.15362000000E+00
   3.40953700000E+00   3.64351600000E+00   3.85956900000E+00   4.06078200000E+00
   4.27535600000E+00   4.58441900000E+00   4.91377400000E+00   5.23930100000E+00
   5.89408100000E+00   6.52679800000E+00   7.10241900000E+00   7.66148800000E+00
   8.26977200000E+00   8.91501800000E+00   9.61406700000E+00   1.03168800000E+01
   1.09644500000E+01   1.16248400000E+01   1.22975800000E+01   1.29600900000E+01
   1.36634400000E+01   1.43541700000E+01   1.50713700000E+01   1.57654400000E+01
   1.64873100000E+01   1.72090000000E+01   1.79220900000E+01   1.86971900000E+01
   1.94162000000E+01   2.01864900000E+01   2.09413000000E+01   2.16743800000E+01
   2.23994500000E+01   2.42452200000E+01   2.61594400000E+01   2.80065500000E+01
   2.99189200000E+01   3.35893100000E+01   3.74426500000E+01   4.10575700000E+01
   4.48364400000E+01   4.84708600000E+01   5.20413000000E+01   5.55045900000E+01
   5.90783100000E+01   6.24200500000E+01   6.58413800000E+01                   5
                  -1                   1                   6                   5
                   0                  76   1.00000000000E+00   7.54542900000E+00
   8.00000000000E+00   8.50000000000E+00   9.00000000000E+00   9.50000000000E+00
   1.00000000000E+01   1.05000000000E+01   1.10000000000E+01   1.15000000000E+01
   1.20000000000E+01   1.25000000000E+01   1.30000000000E+01   1.35000000000E+01
   1.40000000000E+01   1.45000000000E+01   1.50000000000E+01   1.55000000000E+01
   1.60000000000E+01   1.65000000000E+01   1.70000000000E+01   1.75000000000E+01
   1.80000000000E+01   1.85000000000E+01   1.90000000000E+01   1.95000000000E+01
   2.00000000000E+01   2.10000000000E+01   2.20000000000E+01   2.30000000000E+01
   2.40000000000E+01   2.50000000000E+01   2.60000000000E+01   2.70000000000E+01
   2.80000000000E+01   2.90000000000E+01   3.00000000000E+01   3.20000000000E+01
   3.40000000000E+01   3.60000000000E+01   3.80000000000E+01   4.00000000000E+01
   4.20000000000E+01   4.40000000000E+01   4.60000000000E+01   4.80000000000E+01
   5.00000000000E+01   5.20000000000E+01   5.40000000000E+01   5.60000000000E+01
   5.80000000000E+01   6.00000000000E+01   6.20000000000E+01   6.40000000000E+01
   6.60000000000E+01   6.80000000000E+01   7.00000000000E+01   7.20000000000E+01
   7.40000000000E+01   7.60000000000E+01   7.80000000000E+01   8.00000000000E+01
   8.50000000000E+01   9.00000000000E+01   9.50000000000E+01   1.00000000000E+02
   1.10000000000E+02   1.20000000000E+02   1.30000000000E+02   1.40000000000E+02
   1.50000000000E+02   1.60000000000E+02   1.70000000000E+02   1.80000000000E+02
   1.90000000000E+02   2.00000000000E+02   0.00000000000E+00   0.00000000000E+00
   9.28843100000E-01   9.42318200000E-01   9.42063400000E-01   9.31958900000E-01
   9.35148100000E-01   9.46021900000E-01   9.55274600000E-01   9.58399100000E-01
   9.63141800000E-01   9.69190600000E-01   9.75330500000E-01   9.80752300000E-01
   9.85167100000E-01   9.88555500000E-01   9.90980700000E-01   9.92492900000E-01
   9.93442800000E-01   9.93831700000E-01   9.93693000000E-01   9.93192600000E-01
   9.99764100000E-01   1.10287900000E+00   1.25294000000E+00   1.39096100000E+00
   1.50360100000E+00   1.63980900000E+00   1.70894100000E+00   1.74682300000E+00
   1.77012700000E+00   1.78373000000E+00   1.78952900000E+00   1.81613600000E+00
   1.87963100000E+00   1.96072300000E+00   2.03609800000E+00   2.15562500000E+00
   2.24140600000E+00   2.29884200000E+00   2.33137400000E+00   2.37436200000E+00
   2.45115100000E+00   2.53588800000E+00   2.61938300000E+00   2.68333000000E+00
   2.73622900000E+00   2.78400100000E+00   2.83619400000E+00   2.89367000000E+00
   2.95238100000E+00   3.01309500000E+00   3.05977800000E+00   3.10905400000E+00
   3.15557600000E+00   3.19806400000E+00   3.24910500000E+00   3.29521900000E+00
   3.34773100000E+00   3.39539000000E+00   3.43752100000E+00   3.47660700000E+00
   3.58810900000E+00   3.69938100000E+00   3.80589400000E+00   3.91293300000E+00
   4.12471800000E+00   4.33329900000E+00   4.54167900000E+00   4.74979000000E+00
   4.95785800000E+00   5.14573700000E+00   5.34259900000E+00   5.53964200000E+00
   5.71987400000E+00   5.89922200000E+00                   0                   1
                   0                   4                  10                   0
                   2   1.00000000000E+00   2.00000000000E+02   1.00000000000E+00
   1.00000000000E+00                   0                  32   1.00000000000E+00
   7.54542900000E+00   8.00000000000E+00   1.00000000000E+01   1.20000000000E+01
   1.40000000000E+01   1.60000000000E+01   1.80000000000E+01   2.00000000000E+01
   2.20000000000E+01   2.40000000000E+01   2.60000000000E+01   2.80000000000E+01
   3.00000000000E+01   3.20000000000E+01   3.60000000000E+01   4.00000000000E+01
   4.40000000000E+01   4.80000000000E+01   5.00000000000E+01   5.20000000000E+01
   5.60000000000E+01   6.00000000000E+01   7.00000000000E+01   8.00000000000E+01
   9.00000000000E+01   1.00000000000E+02   1.20000000000E+02   1.40000000000E+02
   1.60000000000E+02   1.80000000000E+02   2.00000000000E+02                  76
                  87                  98                 118                 309
                 734                1473                2366                3347
                4394                5709                7076                8482
                9940               11424               12947               14522
               16384               18276               20198               22135
               24087               26069               28066               30380
               32728               35371               38052               41057
               44371               47708               51068                   2
                   3   0.00000000000E+00   5.00000000000E-07   1.00000000000E-06
   0.00000000000E+00   2.00000000000E+06   0.00000000000E+00   0.00000000000E+00
   5.00000000000E-01   1.00000000000E+00                   2                   3
   0.00000000000E+00   5.00000000000E-07   1.00000000000E-06   0.00000000000E+00
   2.00000000000E+06   0.00000000000E+00   0.00000000000E+00   5.00000000000E-01
   1.00000000000E+00                   2                   6   0.00000000000E+00
   1.00000000000E-01   2.00000000000E-01   3.00000000000E-01   4.00000000000E-01
   5.00000000000E-01   0.00000000000E+00   4.41549000000E-04   2.29200000000E-04
   8.20781000000E-05   1.20924000000E-05   1.99984700000E+01   0.00000000000E+00
   2.20774502000E-05   5.56149004000E-05   7.11788056000E-05   7.58873306000E-05
   1.00000000000E+00                   2                  27   0.00000000000E+00
   2.50000000000E-02   1.00000000000E-01   2.00000000000E-01   3.00000000000E-01
   4.00000000000E-01   5.00000000000E-01   6.00000000000E-01   7.00000000000E-01
   8.00000000000E-01   9.00000000000E-01   1.00000000000E+00   1.10000000000E+00
   1.20000000000E+00   1.30000000000E+00   1.40000000000E+00   1.50000000000E+00
   1.60000000000E+00   1.70000000000E+00   1.80000000000E+00   1.90000000000E+00
   2.00000000000E+00   2.10000000000E+00   2.20000000000E+00   2.30000000000E+00
   2.40000000000E+00   2.50000000000E+00   0.00000000000E+00   2.68232600000E-02
   1.07288000000E-01   1.57669300000E+00   1.15172000000E+00   1.34937800000E-02
   1.58077700000E+00   1.32428000000E-02   1.24822700000E-02   1.15053100000E-02
   1.04143400000E-02   9.26797900000E-03   8.10936200000E-03   4.11884900000E+00
   5.84867900000E-03   4.01451300000E-03   2.73480500000E-03   1.98102700000E-03
   1.40468300000E-03   9.52777100000E-04   6.06613000000E-04   3.53942000000E-04
   1.72889000000E-04   7.19732000000E-05   2.02400000000E-05   2.22099000000E-06
   2.73598300000E+00   0.00000000000E+00   3.35290772000E-04   5.36446336000E-03
   8.95635190000E-02   2.25984178000E-01   2.84244871000E-01   3.63958415000E-01
   4.43659411000E-01   4.44945664000E-01   4.46145043000E-01   4.47241026000E-01
   4.48225142000E-01   4.49094009000E-01   6.55441941000E-01   8.61676838000E-01
   8.62169998000E-01   8.62507464000E-01   8.62743256000E-01   8.62912541000E-01
   8.63030414000E-01   8.63108384000E-01   8.63156411000E-01   8.63182753000E-01
   8.63194996000E-01   8.63199607000E-01   8.63200730000E-01   1.00000000000E+00
                   0                   0                   0                   0
                   0                   0                   0                   0
                   0                   0                   0                   0
                   0                   0                   0                   0
                   0                   0                   0                   0
                   0                   0                   0                   0
                   0                   0                   0                   0
                   0                   0                   0                   0
                   0                   0                   0                   0
                   0                   0                   0                   0
                   0                   0                   0                   0
                   0                   0                   0                   0
                   0                   0                   0                   0
                   0                   0                   0                   0
                   0                   0                   0                   0
                   0                   0                   0                   0
                   0                   0                   0                   0
                   0                   0                   0                   0
                   0                   0                   0                   0
                   0                   0                   0                   0
                   0                   0                   0                   0
                   0                   0                   0                   0
                   0                   0                   0                   0
                   0                   0                   0                   0
                   0                   0                   0                   0
                   0                   0                   0                   0
                   0                   0                   0                   0
                   2                  47   0.00000000000E+00   2.50000000000E-02
   1.00000000000E-01   2.00000000000E-01   3.00000000000E-01   4.00000000000E-01
   5.00000000000E-01   6.00000000000E-01   7.00000000000E-01   8.00000000000E-01
   9.00000000000E-01   1.00000000000E+00   1.10000000000E+00   1.20000000000E+00
   1.30000000000E+00   1.40000000000E+00   1.50000000000E+00   1.60000000000E+00
   1.70000000000E+00   1.80000000000E+00   1.90000000000E+00   2.00000000000E+00
   2.10000000000E+00   2.20000000000E+00   2.30000000000E+00   2.40000000000E+00
   2.50000000000E+00   2.60000000000E+00   2.70000000000E+00   2.80000000000E+00
   2.90000000000E+00   3.00000000000E+00   3.10000000000E+00   3.20000000000E+00
   3.30000000000E+00   3.40000000000E+00   3.50000000000E+00   3.60000000000E+00
   3.70000000000E+00   3.80000000000E+00   3.90000000000E+00   4.00000000000E+00
   4.10000000000E+00   4.20000000000E+00   4.30000000000E+00   4.40000000000E+00
   4.50000000000E+00                   0                   0                   0
                   0                   0                   1                   1
                   1                   1                   0                   0
                   0                   0                   0                   0
                   1                   1   6.74183600000E-02                   0
                   0                   1                   0                   0
                   0                   0                   0                   0
