 50114.00u  112.924300  0.0000E+00   06/19/20
Ace Sn114 IAEA-PD                                                        mat5031
      0         0.      0         0.      0         0.      0         0.
      0         0.      0         0.      0         0.      0         0.
      0         0.      0         0.      0         0.      0         0.
      0         0.      0         0.      0         0.      0         0.
   307581    50114       89        1        7        2       12        0
        0        0        0        0        0        0        0        1
        1       90       90        0      179      268      269      270
      271      362      446        0        0        0        0        0
        0        0        0        0        0        0        0        0
        0        0        0        0        0        0        0        0
   9.99999000000E-01   1.00000000000E+00   1.50000000000E+00   2.00000000000E+00
   2.50000000000E+00   3.00000000000E+00   3.50000000000E+00   4.00000000000E+00
   4.50000000000E+00   5.00000000000E+00   5.50000000000E+00   6.00000000000E+00
   6.50000000000E+00   7.00000000000E+00   7.50000000000E+00   8.00000000000E+00
   8.50000000000E+00   9.00000000000E+00   9.50000000000E+00   1.00000000000E+01
   1.05000000000E+01   1.10000000000E+01   1.15000000000E+01   1.20000000000E+01
   1.25000000000E+01   1.30000000000E+01   1.35000000000E+01   1.40000000000E+01
   1.45000000000E+01   1.50000000000E+01   1.55000000000E+01   1.60000000000E+01
   1.65000000000E+01   1.70000000000E+01   1.75000000000E+01   1.80000000000E+01
   1.85000000000E+01   1.90000000000E+01   1.95000000000E+01   2.00000000000E+01
   2.10000000000E+01   2.20000000000E+01   2.30000000000E+01   2.40000000000E+01
   2.50000000000E+01   2.60000000000E+01   2.70000000000E+01   2.80000000000E+01
   2.90000000000E+01   3.00000000000E+01   3.20000000000E+01   3.40000000000E+01
   3.60000000000E+01   3.80000000000E+01   4.00000000000E+01   4.20000000000E+01
   4.40000000000E+01   4.60000000000E+01   4.80000000000E+01   5.00000000000E+01
   5.20000000000E+01   5.40000000000E+01   5.60000000000E+01   5.80000000000E+01
   6.00000000000E+01   6.20000000000E+01   6.40000000000E+01   6.60000000000E+01
   6.80000000000E+01   7.00000000000E+01   7.20000000000E+01   7.40000000000E+01
   7.60000000000E+01   7.80000000000E+01   8.00000000000E+01   8.50000000000E+01
   9.00000000000E+01   9.50000000000E+01   1.00000000000E+02   1.10000000000E+02
   1.20000000000E+02   1.30000000000E+02   1.40000000000E+02   1.50000000000E+02
   1.60000000000E+02   1.70000000000E+02   1.80000000000E+02   1.90000000000E+02
   2.00000000000E+02   0.00000000000E+00   1.53103700000E-05   4.36734500000E-05
   9.50055800000E-05   1.77521800000E-04   3.01051900000E-04   4.77663300000E-04
   7.22514800000E-04   1.05504300000E-03   1.50060000000E-03   2.09253800000E-03
   2.87424700000E-03   3.89903000000E-03   5.22224400000E-03   6.87859500000E-03
   8.86023800000E-03   1.11651300000E-02   1.39240900000E-02   1.74360100000E-02
   2.20875200000E-02   2.83235800000E-02   3.66926300000E-02   4.79020100000E-02
   6.28473300000E-02   8.25899700000E-02   1.08203000000E-01   1.40224200000E-01
   1.77324100000E-01   2.14475400000E-01   2.42807800000E-01   2.53914200000E-01
   2.46062800000E-01   2.24878300000E-01   1.98158000000E-01   1.71542900000E-01
   1.47752200000E-01   1.27558700000E-01   1.10805700000E-01   9.70097100000E-02
   8.56395500000E-02   6.81757200000E-02   5.57946000000E-02   4.67207800000E-02
   3.98635800000E-02   3.45414900000E-02   3.03169100000E-02   2.69005600000E-02
   2.40956900000E-02   2.17648200000E-02   1.98093600000E-02   1.67526200000E-02
   1.45300900000E-02   1.28990300000E-02   1.16987200000E-02   1.08165800000E-02
   1.01708000000E-02   9.70074700000E-03   9.36096200000E-03   9.11722600000E-03
   8.94373300000E-03   8.82102400000E-03   8.73443000000E-03   8.67290600000E-03
   8.62814800000E-03   8.59392900000E-03   8.56559700000E-03   8.53969600000E-03
   8.51368200000E-03   8.48570600000E-03   8.45445000000E-03   8.41900600000E-03
   8.37877600000E-03   8.33340500000E-03   8.28271900000E-03   8.22669000000E-03
   8.06396100000E-03   7.87170500000E-03   7.65479900000E-03   7.41892400000E-03
   6.91423600000E-03   6.40507500000E-03   5.93620100000E-03   5.54876600000E-03
   5.06736600000E-03   4.65159900000E-03   4.28959400000E-03   3.97210600000E-03
   3.69184300000E-03   3.44297700000E-03   0.00000000000E+00   1.00000000000E+00
   1.00237800000E+00   1.00475700000E+00   1.00713500000E+00   1.00951400000E+00
   1.01189200000E+00   5.86365700000E-01   5.86480900000E-01   5.83364100000E-01
   5.86611400000E-01   5.92679100000E-01   5.67061700000E-01   5.17095600000E-01
   4.37582500000E-01   3.34011600000E-01   2.74074300000E-01   2.16575800000E-01
   1.68087100000E-01   1.37031000000E-01   9.12937200000E+00   9.46175800000E+00
   9.56652500000E+00   9.98102700000E+00   1.00263700000E+01   1.00599100000E+01
   1.00297500000E+01   9.95288400000E+00   1.00438700000E+01   1.01147800000E+01
   1.01706300000E+01   1.02110300000E+01   1.02547000000E+01   1.02915800000E+01
   1.03145000000E+01   1.03211100000E+01   1.09616100000E+01   1.21577200000E+01
   1.32701700000E+01   1.40746800000E+01   1.52008600000E+01   1.57793100000E+01
   1.61463800000E+01   1.65700200000E+01   1.68430700000E+01   1.71201500000E+01
   1.73029600000E+01   1.74746800000E+01   1.77672000000E+01   1.81453600000E+01
   2.02574400000E+01   2.25070100000E+01   2.44914300000E+01   2.57105200000E+01
   2.68408700000E+01   2.81102300000E+01   2.93253900000E+01   3.07066200000E+01
   3.20929700000E+01   3.34205800000E+01   3.47209900000E+01   3.59702400000E+01
   3.72821700000E+01   3.87040900000E+01   4.01303400000E+01   4.14612000000E+01
   4.27746200000E+01   4.40604400000E+01   4.53026000000E+01   4.65396000000E+01
   4.78694400000E+01   4.91704000000E+01   5.04440800000E+01   5.17457200000E+01
   5.30035700000E+01   5.61996600000E+01   5.93360000000E+01   6.24971500000E+01
   6.55897900000E+01   7.18936000000E+01   7.80602300000E+01   8.43220500000E+01
   9.05150800000E+01   9.68362700000E+01   1.03295700000E+02   1.09841900000E+02
   1.16212700000E+02   1.22843600000E+02   1.29335100000E+02                   5
   0.00000000000E+00                   1                   1                  89
   0.00000000000E+00   1.53103700000E-05   4.36734500000E-05   9.50055800000E-05
   1.77521800000E-04   3.01051900000E-04   4.77663300000E-04   7.22514800000E-04
   1.05504300000E-03   1.50060000000E-03   2.09253800000E-03   2.87424700000E-03
   3.89903000000E-03   5.22224400000E-03   6.87859500000E-03   8.86023800000E-03
   1.11651300000E-02   1.39240900000E-02   1.74360100000E-02   2.20875200000E-02
   2.83235800000E-02   3.66926300000E-02   4.79020100000E-02   6.28473300000E-02
   8.25899700000E-02   1.08203000000E-01   1.40224200000E-01   1.77324100000E-01
   2.14475400000E-01   2.42807800000E-01   2.53914200000E-01   2.46062800000E-01
   2.24878300000E-01   1.98158000000E-01   1.71542900000E-01   1.47752200000E-01
   1.27558700000E-01   1.10805700000E-01   9.70097100000E-02   8.56395500000E-02
   6.81757200000E-02   5.57946000000E-02   4.67207800000E-02   3.98635800000E-02
   3.45414900000E-02   3.03169100000E-02   2.69005600000E-02   2.40956900000E-02
   2.17648200000E-02   1.98093600000E-02   1.67526200000E-02   1.45300900000E-02
   1.28990300000E-02   1.16987200000E-02   1.08165800000E-02   1.01708000000E-02
   9.70074700000E-03   9.36096200000E-03   9.11722600000E-03   8.94373300000E-03
   8.82102400000E-03   8.73443000000E-03   8.67290600000E-03   8.62814800000E-03
   8.59392900000E-03   8.56559700000E-03   8.53969600000E-03   8.51368200000E-03
   8.48570600000E-03   8.45445000000E-03   8.41900600000E-03   8.37877600000E-03
   8.33340500000E-03   8.28271900000E-03   8.22669000000E-03   8.06396100000E-03
   7.87170500000E-03   7.65479900000E-03   7.41892400000E-03   6.91423600000E-03
   6.40507500000E-03   5.93620100000E-03   5.54876600000E-03   5.06736600000E-03
   4.65159900000E-03   4.28959400000E-03   3.97210600000E-03   3.69184300000E-03
   3.44297700000E-03                   1                   1                 446
                 518                 590                 591                 592
                 593                 739                 740                 740
                 741                   2                   1               50616
               50707               50798               50799               50800
               50801               50973               50974               50974
               50975                   9                   1               64639
               64715               64791               64792               64793
               64794               64946               64947               64947
               64948                  31                   1              117328
              117389              117450              117451              117452
              117453              117577              117578              117578
              117579                  32                   1              160090
              160148              160206              160207              160208
              160209              160327              160328              160328
              160329                  33                   1              201800
              201858              201916              201917              201918
              201919              202039              202040              202040
              202041                  34                   1              244060
              244145              244230              244231              244232
              244233              244407              244408              244408
              244409                  20                  70   0.00000000000E+00
   2.42035800000E-02   3.42735000000E-02   4.52559300000E-02   6.03730600000E-02
   7.93643600000E-02   1.03386400000E-01   1.33794800000E-01   1.69789500000E-01
   2.06648700000E-01   2.35545300000E-01   2.47866100000E-01   2.41426500000E-01
   2.21487900000E-01   1.95678000000E-01   1.69687400000E-01   1.46280300000E-01
   1.35468900000E-01   1.35643100000E-01   1.32468600000E-01   1.25709300000E-01
   1.09004600000E-01   9.34224200000E-02   8.05104200000E-02   6.97395800000E-02
   6.10833400000E-02   5.39266600000E-02   4.79584800000E-02   4.29751700000E-02
   3.87627100000E-02   3.54490700000E-02   3.24469800000E-02   3.05255300000E-02
   2.83998800000E-02   2.64278600000E-02   2.48190000000E-02   2.38095000000E-02
   2.33687100000E-02   2.32877000000E-02   2.33030100000E-02   2.33591900000E-02
   2.33958100000E-02   2.34781400000E-02   2.36889000000E-02   2.40190100000E-02
   2.43862800000E-02   2.47680700000E-02   2.50637900000E-02   2.53348500000E-02
   2.55972900000E-02   2.58285200000E-02   2.60445100000E-02   2.62667300000E-02
   2.64960100000E-02   2.66596300000E-02   2.68140900000E-02   2.71223200000E-02
   2.73091000000E-02   2.73306300000E-02   2.72390500000E-02   2.67941300000E-02
   2.60976600000E-02   2.54017900000E-02   2.48037800000E-02   2.36726500000E-02
   2.25450000000E-02   2.15935400000E-02   2.07428000000E-02   1.99198600000E-02
   1.91714300000E-02                  20                  70   0.00000000000E+00
   7.47330200000E-02   2.88923700000E-01   5.01837300000E-01   7.23395000000E-01
   8.66278800000E-01   1.00319500000E+00   1.14343000000E+00   1.28959500000E+00
   1.27325200000E+00   1.25736100000E+00   1.24051300000E+00   1.22196900000E+00
   1.26753100000E+00   1.31180600000E+00   1.35511200000E+00   1.39736800000E+00
   1.50881300000E+00   1.75053200000E+00   1.96536000000E+00   2.12632300000E+00
   2.46830100000E+00   2.74431200000E+00   3.01105700000E+00   3.24645300000E+00
   3.47254300000E+00   3.68493300000E+00   3.89418900000E+00   4.09671600000E+00
   4.30817400000E+00   4.54714700000E+00   5.13917900000E+00   5.88038000000E+00
   6.48337100000E+00   7.08842700000E+00   7.64288500000E+00   8.21874000000E+00
   8.89088000000E+00   9.56056900000E+00   1.02119100000E+01   1.08716900000E+01
   1.15302800000E+01   1.21562500000E+01   1.28306700000E+01   1.35034300000E+01
   1.41992200000E+01   1.49322200000E+01   1.56262700000E+01   1.63200000000E+01
   1.70264100000E+01   1.77328900000E+01   1.84145700000E+01   1.91251000000E+01
   1.98679200000E+01   2.05895800000E+01   2.13325900000E+01   2.31181300000E+01
   2.49855200000E+01   2.67956500000E+01   2.86674800000E+01   3.22853800000E+01
   3.60780400000E+01   3.97175200000E+01   4.33998100000E+01   4.70073800000E+01
   5.04833100000E+01   5.38741600000E+01   5.73827700000E+01   6.06772700000E+01
   6.40507300000E+01                   5                  -1                   1
                   6                   5                   0                  71
   1.00000000000E+00   1.03029100000E+01   1.05000000000E+01   1.10000000000E+01
   1.15000000000E+01   1.20000000000E+01   1.25000000000E+01   1.30000000000E+01
   1.35000000000E+01   1.40000000000E+01   1.45000000000E+01   1.50000000000E+01
   1.55000000000E+01   1.60000000000E+01   1.65000000000E+01   1.70000000000E+01
   1.75000000000E+01   1.80000000000E+01   1.85000000000E+01   1.90000000000E+01
   1.95000000000E+01   2.00000000000E+01   2.10000000000E+01   2.20000000000E+01
   2.30000000000E+01   2.40000000000E+01   2.50000000000E+01   2.60000000000E+01
   2.70000000000E+01   2.80000000000E+01   2.90000000000E+01   3.00000000000E+01
   3.20000000000E+01   3.40000000000E+01   3.60000000000E+01   3.80000000000E+01
   4.00000000000E+01   4.20000000000E+01   4.40000000000E+01   4.60000000000E+01
   4.80000000000E+01   5.00000000000E+01   5.20000000000E+01   5.40000000000E+01
   5.60000000000E+01   5.80000000000E+01   6.00000000000E+01   6.20000000000E+01
   6.40000000000E+01   6.60000000000E+01   6.80000000000E+01   7.00000000000E+01
   7.20000000000E+01   7.40000000000E+01   7.60000000000E+01   7.80000000000E+01
   8.00000000000E+01   8.50000000000E+01   9.00000000000E+01   9.50000000000E+01
   1.00000000000E+02   1.10000000000E+02   1.20000000000E+02   1.30000000000E+02
   1.40000000000E+02   1.50000000000E+02   1.60000000000E+02   1.70000000000E+02
   1.80000000000E+02   1.90000000000E+02   2.00000000000E+02   0.00000000000E+00
   0.00000000000E+00   8.54538200000E-01   9.34070400000E-01   9.44760600000E-01
   9.60630500000E-01   9.60944300000E-01   9.55485500000E-01   9.54149100000E-01
   9.57509400000E-01   9.63507700000E-01   9.70089500000E-01   9.76180500000E-01
   9.81158100000E-01   9.84923400000E-01   9.87484700000E-01   9.89183500000E-01
   9.90038100000E-01   1.06201200000E+00   1.22415300000E+00   1.36551900000E+00
   1.46788800000E+00   1.59887700000E+00   1.67439900000E+00   1.72322500000E+00
   1.74945600000E+00   1.76840500000E+00   1.77876500000E+00   1.78280600000E+00
   1.78352100000E+00   1.78098000000E+00   1.78951100000E+00   1.93683000000E+00
   2.10084900000E+00   2.20170700000E+00   2.25903900000E+00   2.29453300000E+00
   2.34096600000E+00   2.40896000000E+00   2.48774600000E+00   2.55593200000E+00
   2.61179400000E+00   2.65227800000E+00   2.68799900000E+00   2.73136800000E+00
   2.78379700000E+00   2.83761700000E+00   2.89157500000E+00   2.93497500000E+00
   2.97578100000E+00   3.01651900000E+00   3.05502100000E+00   3.09353700000E+00
   3.13491300000E+00   3.17949400000E+00   3.21870500000E+00   3.25940200000E+00
   3.36339900000E+00   3.46927400000E+00   3.57039200000E+00   3.67156300000E+00
   3.87521200000E+00   4.07452800000E+00   4.27913200000E+00   4.47014300000E+00
   4.67158900000E+00   4.84672000000E+00   5.03393600000E+00   5.22211600000E+00
   5.39564100000E+00   5.56827100000E+00                   0                   1
                   0                   4                  10                   0
                   2   1.00000000000E+00   2.00000000000E+02   1.00000000000E+00
   1.00000000000E+00                   0                  30   1.00000000000E+00
   1.03029100000E+01   1.20000000000E+01   1.40000000000E+01   1.60000000000E+01
   1.80000000000E+01   2.00000000000E+01   2.20000000000E+01   2.40000000000E+01
   2.60000000000E+01   2.80000000000E+01   3.00000000000E+01   3.20000000000E+01
   3.60000000000E+01   4.00000000000E+01   4.40000000000E+01   4.80000000000E+01
   5.00000000000E+01   5.20000000000E+01   5.60000000000E+01   6.00000000000E+01
   7.00000000000E+01   8.00000000000E+01   9.00000000000E+01   1.00000000000E+02
   1.20000000000E+02   1.40000000000E+02   1.60000000000E+02   1.80000000000E+02
   2.00000000000E+02                  72                  95                 118
                 253                 606                1213                1941
                2768                3836                4982                6193
                7456                8758               10112               11531
               13228               14985               16787               18604
               20436               22298               24190               26402
               28665               31232               33837               36758
               40003               43271               46562                   2
                   3   0.00000000000E+00   5.00000000000E-07   1.00000000000E-06
   0.00000000000E+00   2.00000000000E+06   0.00000000000E+00   0.00000000000E+00
   5.00000000000E-01   1.00000000000E+00                   0                   0
                   0                   0                   0                   0
                   0                   0                   0                   0
                   0                   0                   2                   3
   0.00000000000E+00   5.00000000000E-07   1.00000000000E-06   0.00000000000E+00
   2.00000000000E+06   0.00000000000E+00   0.00000000000E+00   5.00000000000E-01
   1.00000000000E+00                   0                   0                   0
                   0                   0                   0                   0
                   0                   0                   0                   0
                   0                   2                  19   0.00000000000E+00
   2.50000000000E-02   1.00000000000E-01   2.00000000000E-01   3.00000000000E-01
   4.00000000000E-01   5.00000000000E-01   6.00000000000E-01   7.00000000000E-01
   8.00000000000E-01   9.00000000000E-01   1.00000000000E+00   1.10000000000E+00
   1.20000000000E+00   1.30000000000E+00   1.40000000000E+00   1.50000000000E+00
   1.60000000000E+00   1.70000000000E+00   0.00000000000E+00   1.07771300000E-01
   4.30025900000E-01   4.36660900000E-01   6.65115100000E-01   1.80770400000E+00
   4.07849500000E-01   8.54087500000E-01   2.44582100000E+00   6.08408000000E-04
   4.22882000000E-04   3.50502500000E-03   1.52445000000E-04   1.23673200000E+00
   7.85586100000E-01   1.30452000000E-05   3.35578000000E-06   3.03461900000E-01
   1.24423700000E+00   0.00000000000E+00   1.34714125000E-03   2.15145363000E-02
   6.48488764000E-02   1.19937677000E-01   2.43578632000E-01   3.54356307000E-01
   4.17453157000E-01   5.82448583000E-01   7.04770054000E-01   7.04821618000E-01
   7.05018013000E-01   7.05200887000E-01   7.67045109000E-01   8.68161015000E-01
   9.07440972000E-01   9.07441792000E-01   9.22615055000E-01   1.00000000000E+00
                   0                   0                   0                   0
                   0                   0                   0                   0
                   0                   0                   0                   0
                   0                   0                   0                   0
                   0                   0                   0                   0
                   0                   0                   0                   0
                   0                   0                   0                   0
                   0                   0                   0                   0
                   0                   0                   0                   0
                   0                   0                   0                   0
                   0                   0                   0                   0
                   0                   0                   0                   0
                   0                   0                   0                   0
                   0                   0                   0                   0
                   0                   0                   0                   0
                   0                   0                   0                   0
                   0                   0                   0                   0
                   0                   0                   0                   0
                   0                   0                   0                   0
                   2                  39                   0                   0
                   0                   0                   0                   0
                   1                   1   7.00000000000E-01                   1
                   1                   1                   1                   1
                   1                   1                   2                   2
   1.70000000000E+00   1.80000000000E+00   1.90000000000E+00   2.00000000000E+00
                   2                   2   2.30000000000E+00   2.40000000000E+00
                   3                   3   2.70000000000E+00   2.80000000000E+00
   2.90000000000E+00   3.00000000000E+00   3.10000000000E+00   3.20000000000E+00
   3.30000000000E+00   3.40000000000E+00   3.50000000000E+00   3.60000000000E+00
   3.70000000000E+00   0.00000000000E+00   7.04838200000E-02   2.76820500000E-01
   4.30230900000E-01   5.02863100000E-01   5.28918700000E-01   5.29296200000E-01
   5.15543100000E-01   4.95176500000E-01   4.71023500000E-01   4.44582400000E-01
   4.16781300000E-01   3.88273200000E-01   3.59833300000E-01   3.31843900000E-01
   3.04495700000E-01   1.43251500000E-01   2.49058900000E-01   3.61301100000E-01
   1.50254400000E-01   2.81761100000E-01   3.37178600000E-01   3.23596300000E-01
   2.90860900000E-01   1.69483000000E-01   4.37057300000E-01   1.27748500000E-01
   1.43618200000E-01   4.82812900000E-01   7.88961000000E-05   4.94338000000E-05
   1.34380200000E-02   1.63939000000E-05   1.83621000000E-01   1.49610700000E-01
   1.38214000000E-06   3.34405000000E-07   8.47016500000E-02   1.48355600000E-01
   0.00000000000E+00   8.81047754000E-04   1.39049598000E-02   4.92575300000E-02
   9.59122302000E-02   1.47501320000E-01   2.00412066000E-01   2.52654031000E-01
   3.03190011000E-01   3.51500011000E-01   3.97280306000E-01   4.40348492000E-01
   4.80601217000E-01   5.18006542000E-01   5.52590402000E-01   5.84407382000E-01
                   1                   1                   1                   1
                   1                   1                   1                   1
   8.21832598000E-01   8.52159613000E-01                   1                   1
                   1                   1                   1                   1
                   1   9.59969763000E-01   9.76631348000E-01                   1
                   1                   1                   1                   0
                   0                   0                   0                   0
                   0                   0                   0                   0
                   0                   0                   0                   0
                   0                   0                   0                   0
                   0                   0                   0                   0
