 50124.00u  122.840900  0.0000E+00   05/27/20
Ace Sn124 IAEA-PD                                                        mat5061
      0         0.      0         0.      0         0.      0         0.
      0         0.      0         0.      0         0.      0         0.
      0         0.      0         0.      0         0.      0         0.
      0         0.      0         0.      0         0.      0         0.
   290901    50124       89        1        7        2       12        0
        0        0        0        0        0        0        0        1
        1       90       90        0      179      268      269      270
      271      362      446        0        0        0        0        0
        0        0        0        0        0        0        0        0
        0        0        0        0        0        0        0        0
   9.99999000000E-01   1.00000000000E+00   1.50000000000E+00   2.00000000000E+00
   2.50000000000E+00   3.00000000000E+00   3.50000000000E+00   4.00000000000E+00
   4.50000000000E+00   5.00000000000E+00   5.50000000000E+00   6.00000000000E+00
   6.50000000000E+00   7.00000000000E+00   7.50000000000E+00   8.00000000000E+00
   8.50000000000E+00   9.00000000000E+00   9.50000000000E+00   1.00000000000E+01
   1.05000000000E+01   1.10000000000E+01   1.15000000000E+01   1.20000000000E+01
   1.25000000000E+01   1.30000000000E+01   1.35000000000E+01   1.40000000000E+01
   1.45000000000E+01   1.50000000000E+01   1.55000000000E+01   1.60000000000E+01
   1.65000000000E+01   1.70000000000E+01   1.75000000000E+01   1.80000000000E+01
   1.85000000000E+01   1.90000000000E+01   1.95000000000E+01   2.00000000000E+01
   2.10000000000E+01   2.20000000000E+01   2.30000000000E+01   2.40000000000E+01
   2.50000000000E+01   2.60000000000E+01   2.70000000000E+01   2.80000000000E+01
   2.90000000000E+01   3.00000000000E+01   3.20000000000E+01   3.40000000000E+01
   3.60000000000E+01   3.80000000000E+01   4.00000000000E+01   4.20000000000E+01
   4.40000000000E+01   4.60000000000E+01   4.80000000000E+01   5.00000000000E+01
   5.20000000000E+01   5.40000000000E+01   5.60000000000E+01   5.80000000000E+01
   6.00000000000E+01   6.20000000000E+01   6.40000000000E+01   6.60000000000E+01
   6.80000000000E+01   7.00000000000E+01   7.20000000000E+01   7.40000000000E+01
   7.60000000000E+01   7.80000000000E+01   8.00000000000E+01   8.50000000000E+01
   9.00000000000E+01   9.50000000000E+01   1.00000000000E+02   1.10000000000E+02
   1.20000000000E+02   1.30000000000E+02   1.40000000000E+02   1.50000000000E+02
   1.60000000000E+02   1.70000000000E+02   1.80000000000E+02   1.90000000000E+02
   2.00000000000E+02   0.00000000000E+00   3.15484400000E-05   9.53191900000E-05
   2.00379500000E-04   3.38004700000E-04   5.07309900000E-04   7.24185500000E-04
   1.01191700000E-03   1.39673400000E-03   1.91065100000E-03   2.59653700000E-03
   3.51303400000E-03   4.73636400000E-03   6.35138800000E-03   8.41982700000E-03
   1.09064000000E-02   1.35026500000E-02   1.57632300000E-02   1.82438100000E-02
   2.20531700000E-02   2.78398700000E-02   3.61633700000E-02   4.78415400000E-02
   6.40863500000E-02   8.66033100000E-02   1.17516300000E-01   1.58450400000E-01
   2.07683000000E-01   2.55676900000E-01   2.85242100000E-01   2.84220100000E-01
   2.57661100000E-01   2.20401700000E-01   1.83831200000E-01   1.52672200000E-01
   1.27624300000E-01   1.07881800000E-01   9.23429500000E-02   8.00255200000E-02
   7.01557000000E-02   5.53836600000E-02   4.51756400000E-02   3.78178100000E-02
   3.23234800000E-02   2.80997000000E-02   2.47750400000E-02   2.21078700000E-02
   1.99355500000E-02   1.81451500000E-02   1.66560500000E-02   1.43597500000E-02
   1.27244000000E-02   1.15526100000E-02   1.07142400000E-02   1.01187400000E-02
   9.70089400000E-03   9.41278500000E-03   9.21883800000E-03   9.09251000000E-03
   9.01396200000E-03   8.96837000000E-03   8.94466700000E-03   8.93461300000E-03
   8.93209400000E-03   8.93259900000E-03   8.93282600000E-03   8.93039000000E-03
   8.92359800000E-03   8.91128600000E-03   8.89268700000E-03   8.86734100000E-03
   8.83502000000E-03   8.79567100000E-03   8.74937600000E-03   8.69632000000E-03
   8.53593500000E-03   8.34040700000E-03   8.11616300000E-03   7.87004200000E-03
   7.33954800000E-03   6.80178600000E-03   6.30549300000E-03   5.89499600000E-03
   5.38415400000E-03   4.94279700000E-03   4.55840700000E-03   4.22122100000E-03
   3.92352300000E-03   3.65914400000E-03   0.00000000000E+00   1.00000000000E+00
   9.86448500000E-01   9.72897700000E-01   9.59347000000E-01   9.45796200000E-01
   9.32245400000E-01   5.49206900000E-01   5.81277800000E-01   6.00856500000E-01
   6.13495200000E-01   6.14687700000E-01   6.01287800000E-01   5.65884100000E-01
   5.08298200000E-01   4.24843100000E-01   1.93423900000E+00   8.13419300000E+00
   8.35497000000E+00   8.58220500000E+00   8.57267300000E+00   8.59975300000E+00
   8.58852900000E+00   8.52833800000E+00   8.56576600000E+00   8.56959900000E+00
   8.54673500000E+00   8.50252200000E+00   8.72498700000E+00   9.21587900000E+00
   9.90092900000E+00   1.05679600000E+01   1.12607700000E+01   1.18173800000E+01
   1.22057300000E+01   1.24569800000E+01   1.25980300000E+01   1.27589700000E+01
   1.29380700000E+01   1.31576700000E+01   1.33200700000E+01   1.35208700000E+01
   1.36548600000E+01   1.38331100000E+01   1.44076200000E+01   1.51406500000E+01
   1.61883600000E+01   1.72179800000E+01   1.79183600000E+01   1.85917400000E+01
   1.96637600000E+01   2.08492600000E+01   2.19592100000E+01   2.31751800000E+01
   2.43470100000E+01   2.54672900000E+01   2.66202800000E+01   2.78534100000E+01
   2.90835400000E+01   3.03415600000E+01   3.15292300000E+01   3.26886100000E+01
   3.38109900000E+01   3.49068200000E+01   3.59430700000E+01   3.70215600000E+01
   3.81092100000E+01   3.91373400000E+01   4.01946800000E+01   4.12407300000E+01
   4.23041200000E+01   4.33243300000E+01   4.43807400000E+01   4.54377600000E+01
   4.64965100000E+01   4.90816800000E+01   5.15502600000E+01   5.40783100000E+01
   5.66060500000E+01   6.18325600000E+01   6.68827600000E+01   7.20444300000E+01
   7.73433200000E+01   8.25790300000E+01   8.78104700000E+01   9.39443200000E+01
   9.84788600000E+01   1.03881600000E+02   1.09177400000E+02                   5
   0.00000000000E+00                   1                   1                  89
   0.00000000000E+00   3.15484400000E-05   9.53191900000E-05   2.00379500000E-04
   3.38004700000E-04   5.07309900000E-04   7.24185500000E-04   1.01191700000E-03
   1.39673400000E-03   1.91065100000E-03   2.59653700000E-03   3.51303400000E-03
   4.73636400000E-03   6.35138800000E-03   8.41982700000E-03   1.09064000000E-02
   1.35026500000E-02   1.57632300000E-02   1.82438100000E-02   2.20531700000E-02
   2.78398700000E-02   3.61633700000E-02   4.78415400000E-02   6.40863500000E-02
   8.66033100000E-02   1.17516300000E-01   1.58450400000E-01   2.07683000000E-01
   2.55676900000E-01   2.85242100000E-01   2.84220100000E-01   2.57661100000E-01
   2.20401700000E-01   1.83831200000E-01   1.52672200000E-01   1.27624300000E-01
   1.07881800000E-01   9.23429500000E-02   8.00255200000E-02   7.01557000000E-02
   5.53836600000E-02   4.51756400000E-02   3.78178100000E-02   3.23234800000E-02
   2.80997000000E-02   2.47750400000E-02   2.21078700000E-02   1.99355500000E-02
   1.81451500000E-02   1.66560500000E-02   1.43597500000E-02   1.27244000000E-02
   1.15526100000E-02   1.07142400000E-02   1.01187400000E-02   9.70089400000E-03
   9.41278500000E-03   9.21883800000E-03   9.09251000000E-03   9.01396200000E-03
   8.96837000000E-03   8.94466700000E-03   8.93461300000E-03   8.93209400000E-03
   8.93259900000E-03   8.93282600000E-03   8.93039000000E-03   8.92359800000E-03
   8.91128600000E-03   8.89268700000E-03   8.86734100000E-03   8.83502000000E-03
   8.79567100000E-03   8.74937600000E-03   8.69632000000E-03   8.53593500000E-03
   8.34040700000E-03   8.11616300000E-03   7.87004200000E-03   7.33954800000E-03
   6.80178600000E-03   6.30549300000E-03   5.89499600000E-03   5.38415400000E-03
   4.94279700000E-03   4.55840700000E-03   4.22122100000E-03   3.92352300000E-03
   3.65914400000E-03                   1                   1                 446
                 522                 598                 599                 600
                 601                 753                 754                 754
                 755                   2                   1               53119
               53210               53301               53302               53303
               53304               53476               53477               53477
               53478                   9                   1               67142
               67210               67278               67279               67280
               67281               67419               67420               67420
               67421                  31                   1              115710
              115767              115824              115825              115826
              115827              115941              115942              115942
              115943                  32                   1              156294
              156352              156410              156411              156412
              156413              156529              156530              156530
              156531                  33                   1              197362
              197412              197462              197463              197464
              197465              197567              197568              197568
              197569                  34                   1              233415
              233492              233569              233570              233571
              233572              233730              233731              233731
              233732                  16                  74   0.00000000000E+00
   2.80471800000E-04   1.56693700000E-02   1.81397200000E-02   2.19520000000E-02
   2.77084900000E-02   3.59783000000E-02   4.75883600000E-02   6.37511100000E-02
   8.61684600000E-02   1.16961300000E-01   1.57758100000E-01   2.06855100000E-01
   2.54758300000E-01   3.10513700000E-01   3.48607300000E-01   3.47645400000E-01
   3.21565200000E-01   2.84798300000E-01   2.47304700000E-01   2.13082900000E-01
   1.84465500000E-01   1.61118500000E-01   1.41684000000E-01   1.25749500000E-01
   1.01042100000E-01   8.34630800000E-02   7.04167600000E-02   6.06469900000E-02
   5.43077600000E-02   5.01070700000E-02   4.69949400000E-02   4.42779500000E-02
   4.15318900000E-02   3.89971900000E-02   3.45393100000E-02   3.15339600000E-02
   2.94998300000E-02   2.81267500000E-02   2.71030100000E-02   2.64061900000E-02
   2.60790700000E-02   2.60538400000E-02   2.63096200000E-02   2.67258400000E-02
   2.71980000000E-02   2.77951300000E-02   2.84366000000E-02   2.90684900000E-02
   2.97485600000E-02   3.03978800000E-02   3.10508000000E-02   3.16898600000E-02
   3.22511700000E-02   3.28438300000E-02   3.33821900000E-02   3.38805300000E-02
   3.43472100000E-02   3.47463700000E-02   3.51001600000E-02   3.58325200000E-02
   3.63789400000E-02   3.67030300000E-02   3.68049700000E-02   3.64928600000E-02
   3.57535200000E-02   3.49998700000E-02   3.42294200000E-02   3.27631100000E-02
   3.13699300000E-02   3.00831200000E-02   2.94790100000E-02   2.84338900000E-02
   2.74961700000E-02                  16                  74   0.00000000000E+00
   1.19764300000E-04   2.74260200000E-01   5.42924800000E-01   8.12433300000E-01
   1.00555600000E+00   1.19830700000E+00   1.39121600000E+00   1.58443200000E+00
   1.66204200000E+00   1.73984000000E+00   1.81778400000E+00   1.89583900000E+00
   1.86031600000E+00   1.99280800000E+00   2.20068000000E+00   2.37170500000E+00
   2.60005100000E+00   2.79846600000E+00   2.96531000000E+00   3.09693800000E+00
   3.24087800000E+00   3.37767400000E+00   3.49911800000E+00   3.61507800000E+00
   3.91509200000E+00   4.20323300000E+00   4.51490000000E+00   4.83032400000E+00
   5.15233900000E+00   5.57669300000E+00   6.01132000000E+00   6.43766000000E+00
   6.87888600000E+00   7.28680100000E+00   8.12669000000E+00   8.88127300000E+00
   9.67467500000E+00   1.04628300000E+01   1.12025200000E+01   1.19210300000E+01
   1.26796900000E+01   1.34487700000E+01   1.42966100000E+01   1.51274400000E+01
   1.59866200000E+01   1.68487300000E+01   1.77361300000E+01   1.86075000000E+01
   1.95249200000E+01   2.04154800000E+01   2.13346800000E+01   2.22755100000E+01
   2.31958200000E+01   2.41760600000E+01   2.51162000000E+01   2.60668500000E+01
   2.70354100000E+01   2.79939400000E+01   2.89593000000E+01   3.12923700000E+01
   3.37335100000E+01   3.61254000000E+01   3.85489600000E+01   4.32508500000E+01
   4.81205900000E+01   5.29410000000E+01   5.76061400000E+01   6.22317900000E+01
   6.68479900000E+01   7.06194300000E+01   7.59013000000E+01   8.02888000000E+01
   8.48304400000E+01                   5                  -1                   1
                   6                   5                   0                  74
   1.00000000000E+00   8.48932900000E+00   9.00000000000E+00   9.50000000000E+00
   1.00000000000E+01   1.05000000000E+01   1.10000000000E+01   1.15000000000E+01
   1.20000000000E+01   1.25000000000E+01   1.30000000000E+01   1.35000000000E+01
   1.40000000000E+01   1.45000000000E+01   1.50000000000E+01   1.55000000000E+01
   1.60000000000E+01   1.65000000000E+01   1.70000000000E+01   1.75000000000E+01
   1.80000000000E+01   1.85000000000E+01   1.90000000000E+01   1.95000000000E+01
   2.00000000000E+01   2.10000000000E+01   2.20000000000E+01   2.30000000000E+01
   2.40000000000E+01   2.50000000000E+01   2.60000000000E+01   2.70000000000E+01
   2.80000000000E+01   2.90000000000E+01   3.00000000000E+01   3.20000000000E+01
   3.40000000000E+01   3.60000000000E+01   3.80000000000E+01   4.00000000000E+01
   4.20000000000E+01   4.40000000000E+01   4.60000000000E+01   4.80000000000E+01
   5.00000000000E+01   5.20000000000E+01   5.40000000000E+01   5.60000000000E+01
   5.80000000000E+01   6.00000000000E+01   6.20000000000E+01   6.40000000000E+01
   6.60000000000E+01   6.80000000000E+01   7.00000000000E+01   7.20000000000E+01
   7.40000000000E+01   7.60000000000E+01   7.80000000000E+01   8.00000000000E+01
   8.50000000000E+01   9.00000000000E+01   9.50000000000E+01   1.00000000000E+02
   1.10000000000E+02   1.20000000000E+02   1.30000000000E+02   1.40000000000E+02
   1.50000000000E+02   1.60000000000E+02   1.70000000000E+02   1.80000000000E+02
   1.90000000000E+02   2.00000000000E+02   0.00000000000E+00   0.00000000000E+00
   9.94045600000E-01   9.94294500000E-01   9.95412500000E-01   9.95280900000E-01
   9.94882400000E-01   9.94707900000E-01   9.94768900000E-01   9.94978800000E-01
   9.95277300000E-01   9.95630800000E-01   9.96013600000E-01   9.96407200000E-01
   1.08859700000E+00   1.22654000000E+00   1.34923500000E+00   1.45899600000E+00
   1.54923800000E+00   1.61984100000E+00   1.66961100000E+00   1.70988500000E+00
   1.74478400000E+00   1.77048500000E+00   1.79243500000E+00   1.82440300000E+00
   1.84752400000E+00   1.86200000000E+00   1.87625200000E+00   1.93268100000E+00
   2.02248200000E+00   2.12571100000E+00   2.22105500000E+00   2.28887000000E+00
   2.34132300000E+00   2.40528600000E+00   2.47822800000E+00   2.55352100000E+00
   2.62517500000E+00   2.67849700000E+00   2.72203700000E+00   2.77060100000E+00
   2.82615200000E+00   2.89354900000E+00   2.96493800000E+00   3.03265800000E+00
   3.10745300000E+00   3.18274600000E+00   3.25438700000E+00   3.33033600000E+00
   3.40294100000E+00   3.47698100000E+00   3.55124200000E+00   3.61913800000E+00
   3.69335300000E+00   3.76462200000E+00   3.83479900000E+00   3.90501300000E+00
   3.97129700000E+00   4.03620800000E+00   4.19784400000E+00   4.36177000000E+00
   4.52221400000E+00   4.67659100000E+00   4.97208500000E+00   5.25649000000E+00
   5.55069500000E+00   5.80652100000E+00   6.08509900000E+00   6.34659500000E+00
   6.59948100000E+00   6.98352700000E+00   7.24703000000E+00   7.51437200000E+00
                   0                   1                   0                   4
                  10                   0                   2   1.00000000000E+00
   2.00000000000E+02   1.00000000000E+00   1.00000000000E+00                   0
                  31   1.00000000000E+00   8.48932900000E+00   1.00000000000E+01
   1.20000000000E+01   1.40000000000E+01   1.60000000000E+01   1.80000000000E+01
   2.00000000000E+01   2.20000000000E+01   2.40000000000E+01   2.60000000000E+01
   2.80000000000E+01   3.00000000000E+01   3.20000000000E+01   3.60000000000E+01
   4.00000000000E+01   4.40000000000E+01   4.80000000000E+01   5.00000000000E+01
   5.20000000000E+01   5.60000000000E+01   6.00000000000E+01   7.00000000000E+01
   8.00000000000E+01   9.00000000000E+01   1.00000000000E+02   1.20000000000E+02
   1.40000000000E+02   1.60000000000E+02   1.80000000000E+02   2.00000000000E+02
                  74                  97                 120                 241
                 576                1091                1885                2778
                3748                4784                6073                7414
                8807               10239               11697               13220
               14782               16629               18506               20413
               22335               24272               26239               28519
               30833               33457               36100               39063
               42354               45668               49005                   2
                   3   0.00000000000E+00   5.00000000000E-07   1.00000000000E-06
   0.00000000000E+00   2.00000000000E+06   0.00000000000E+00   0.00000000000E+00
   5.00000000000E-01   1.00000000000E+00                   0                   0
                   0                   0                   0                   0
                   0                   0                   0                   0
                   0                   0                   2                   3
   0.00000000000E+00   5.00000000000E-07   1.00000000000E-06   0.00000000000E+00
   2.00000000000E+06   0.00000000000E+00   0.00000000000E+00   5.00000000000E-01
   1.00000000000E+00                   0                   0                   0
                   0                   0                   0                   0
                   0                   0                   0                   0
                   0                   2                  17   0.00000000000E+00
   2.50000000000E-02   1.00000000000E-01   2.00000000000E-01   3.00000000000E-01
   4.00000000000E-01   5.00000000000E-01   6.00000000000E-01   7.00000000000E-01
   8.00000000000E-01   9.00000000000E-01   1.00000000000E+00   1.10000000000E+00
   1.20000000000E+00   1.30000000000E+00   1.40000000000E+00   1.50000000000E+00
   0.00000000000E+00   5.95554600000E-02   2.38159200000E-01   7.67780400000E-01
   5.41365500000E-01   1.32840400000E+00   3.19194900000E-02   3.47322700000E+00
   1.97211000000E-04   1.44696000000E-04   1.45117100000E-02   4.94341000000E-05
   2.47592000000E-05   1.00863000000E-05   2.76787000000E-06   2.26732600000E+00
   2.67374000000E+00   0.00000000000E+00   7.44443244000E-04   1.19087429000E-02
   6.22057225000E-02   1.27663017000E-01   2.21151491000E-01   2.89167665000E-01
   4.64424988000E-01   6.38096197000E-01   6.38113293000E-01   6.38846113000E-01
   6.39574170000E-01   6.39577880000E-01   6.39579622000E-01   6.39580265000E-01
   7.52946702000E-01   1.00000000000E+00                   0                   0
                   0                   0                   0                   0
                   0                   0                   0                   0
                   0                   0                   0                   0
                   0                   0                   0                   0
                   0                   0                   0                   0
                   0                   0                   0                   0
                   0                   0                   0                   0
                   0                   0                   0                   0
                   0                   0                   0                   0
                   0                   0                   0                   0
                   0                   0                   0                   0
                   0                   0                   0                   0
                   0                   0                   0                   0
                   0                   0                   0                   0
                   0                   0                   0                   0
                   0                   0                   0                   0
                   0                   0                   2   3.70000000000E+01
   0.00000000000E+00   2.50000000000E-02   1.00000000000E-01                   0
                   0                   0                   1   6.00000000000E-01
                   1                   1   9.00000000000E-01                   1
                   1                   1                   1                   1
                   2                   2                   2                   2
                   2                   2   2.10000000000E+00   2.20000000000E+00
   2.30000000000E+00   2.40000000000E+00                   3                   3
   2.70000000000E+00   2.80000000000E+00   2.90000000000E+00                   3
                   3                   3   3.30000000000E+00   3.40000000000E+00
   3.50000000000E+00   0.00000000000E+00   3.40268400000E-02   1.34896300000E-01
   2.20788500000E-01   2.77437000000E-01   3.15549600000E-01   3.42154500000E-01
   3.61330200000E-01   3.75284800000E-01   3.85144600000E-01   3.91392800000E-01
   3.94364200000E-01   3.94486100000E-01   3.91842900000E-01   3.86624700000E-01
   3.79086200000E-01   3.69531300000E-01   3.58263000000E-01   3.45599700000E-01
   3.31855600000E-01   3.17323600000E-01   1.54847900000E-01   3.14353600000E-01
   3.73255800000E-01   2.75305600000E-01   5.61282100000E-01   1.25285200000E-01
   1.02296000000E+00   4.19998000000E-05   2.86314000000E-05   9.14516200000E-02
   1.08927000000E-05   5.65031000000E-06   2.36233000000E-06   6.66637000000E-07
   3.41474300000E-01   5.33174200000E-01   0.00000000000E+00   4.25335483000E-04
   6.75995298000E-03   2.45441923000E-02   4.94554662000E-02   7.91047950000E-02
   1.11989999000E-01   1.47164232000E-01   1.83994981000E-01   2.22016449000E-01
   2.60843318000E-01   3.00131166000E-01   3.39573679000E-01   3.78890128000E-01
   4.17813506000E-01   4.56099050000E-01   4.93529923000E-01   5.29919637000E-01
   5.65112770000E-01   5.98985534000E-01   6.31444493000E-01   6.55053067000E-01
   6.78513141000E-01   7.12893609000E-01   7.45321678000E-01   7.87151061000E-01
   8.21479425000E-01   8.78891683000E-01   9.30041781000E-01   9.30045312000E-01
   9.34619324000E-01   9.39192450000E-01   9.39193277000E-01   9.39193678000E-01
   9.39193829000E-01   9.56267577000E-01   1.00000000000E+00   0.00000000000E+00
   0.00000000000E+00   0.00000000000E+00   0.00000000000E+00   0.00000000000E+00
   0.00000000000E+00   0.00000000000E+00   0.00000000000E+00   0.00000000000E+00
   0.00000000000E+00   0.00000000000E+00   0.00000000000E+00   0.00000000000E+00
   0.00000000000E+00   0.00000000000E+00   0.00000000000E+00   0.00000000000E+00
   0.00000000000E+00   0.00000000000E+00   0.00000000000E+00   0.00000000000E+00
   0.00000000000E+00                   0                   0                   0
                   0                   0                   0                   0
                   0                   0                   0                   0
                   0                   0                   0                   0
                   0                   0                   0                   0
                   0                   0                   0                   0
                   0                   0                   0                   0
