 50120.00u  118.872200  0.0000E+00   02/26/20
Ace Sn120 IAEA-PD                                                        mat5049
      0         0.      0         0.      0         0.      0         0.
      0         0.      0         0.      0         0.      0         0.
      0         0.      0         0.      0         0.      0         0.
      0         0.      0         0.      0         0.      0         0.
   298118    50120       89        1        7        2       12        0
        0        0        0        0        0        0        0        1
        1       90       90        0      179      268      269      270
      271      362      446        0        0        0        0        0
        0        0        0        0        0        0        0        0
        0        0        0        0        0        0        0        0
   9.99999000000E-01   1.00000000000E+00   1.50000000000E+00   2.00000000000E+00
   2.50000000000E+00   3.00000000000E+00   3.50000000000E+00   4.00000000000E+00
   4.50000000000E+00   5.00000000000E+00   5.50000000000E+00   6.00000000000E+00
   6.50000000000E+00   7.00000000000E+00   7.50000000000E+00   8.00000000000E+00
   8.50000000000E+00   9.00000000000E+00   9.50000000000E+00   1.00000000000E+01
   1.05000000000E+01   1.10000000000E+01   1.15000000000E+01   1.20000000000E+01
   1.25000000000E+01   1.30000000000E+01   1.35000000000E+01   1.40000000000E+01
   1.45000000000E+01   1.50000000000E+01   1.55000000000E+01   1.60000000000E+01
   1.65000000000E+01   1.70000000000E+01   1.75000000000E+01   1.80000000000E+01
   1.85000000000E+01   1.90000000000E+01   1.95000000000E+01   2.00000000000E+01
   2.10000000000E+01   2.20000000000E+01   2.30000000000E+01   2.40000000000E+01
   2.50000000000E+01   2.60000000000E+01   2.70000000000E+01   2.80000000000E+01
   2.90000000000E+01   3.00000000000E+01   3.20000000000E+01   3.40000000000E+01
   3.60000000000E+01   3.80000000000E+01   4.00000000000E+01   4.20000000000E+01
   4.40000000000E+01   4.60000000000E+01   4.80000000000E+01   5.00000000000E+01
   5.20000000000E+01   5.40000000000E+01   5.60000000000E+01   5.80000000000E+01
   6.00000000000E+01   6.20000000000E+01   6.40000000000E+01   6.60000000000E+01
   6.80000000000E+01   7.00000000000E+01   7.20000000000E+01   7.40000000000E+01
   7.60000000000E+01   7.80000000000E+01   8.00000000000E+01   8.50000000000E+01
   9.00000000000E+01   9.50000000000E+01   1.00000000000E+02   1.10000000000E+02
   1.20000000000E+02   1.30000000000E+02   1.40000000000E+02   1.50000000000E+02
   1.60000000000E+02   1.70000000000E+02   1.80000000000E+02   1.90000000000E+02
   2.00000000000E+02   0.00000000000E+00   1.60903400000E-05   4.61760000000E-05
   1.00864400000E-04   1.89048600000E-04   3.21385900000E-04   5.10986000000E-04
   7.74351000000E-04   1.13268200000E-03   1.61365300000E-03   2.25359600000E-03
   3.09931200000E-03   4.20674300000E-03   5.62998600000E-03   7.39633400000E-03
   9.49701300000E-03   1.19644400000E-02   1.49891000000E-02   1.89109800000E-02
   2.41460300000E-02   3.11894600000E-02   4.06761000000E-02   5.34426400000E-02
   7.05691100000E-02   9.33743600000E-02   1.23233600000E-01   1.60805900000E-01
   2.04172000000E-01   2.46469500000E-01   2.76286200000E-01   2.84196900000E-01
   2.70309400000E-01   2.43052700000E-01   2.11791500000E-01   1.82415300000E-01
   1.57397300000E-01   1.37276300000E-01   1.21678100000E-01   1.09423600000E-01
   9.84602600000E-02   7.72795500000E-02   6.14434000000E-02   5.05568500000E-02
   4.27098500000E-02   3.67862300000E-02   3.21616800000E-02   2.84608900000E-02
   2.54435200000E-02   2.29480000000E-02   2.08614500000E-02   1.76103300000E-02
   1.52525500000E-02   1.35242100000E-02   1.22524900000E-02   1.13172800000E-02
   1.06318000000E-02   1.01319100000E-02   9.76963400000E-03   9.50891600000E-03
   9.32257200000E-03   9.19010200000E-03   9.09604700000E-03   9.02876200000E-03
   8.97948200000E-03   8.94162900000E-03   8.91028200000E-03   8.88177900000E-03
   8.85342100000E-03   8.82323900000E-03   8.78982800000E-03   8.75221200000E-03
   8.70974600000E-03   8.66203800000E-03   8.60889400000E-03   8.55027000000E-03
   8.38040900000E-03   8.18011600000E-03   7.95437400000E-03   7.70903500000E-03
   7.18433600000E-03   6.65514200000E-03   6.16788600000E-03   5.76529000000E-03
   5.26507800000E-03   4.83307500000E-03   4.45693800000E-03   4.12706100000E-03
   3.83586300000E-03   3.57728800000E-03   0.00000000000E+00   1.00000000000E+00
   1.00296400000E+00   1.00592900000E+00   1.00889400000E+00   1.01185900000E+00
   1.01482400000E+00   5.75895700000E-01   5.48657700000E-01   5.31249000000E-01
   5.21415000000E-01   5.04461500000E-01   4.87253700000E-01   4.39070900000E-01
   3.59622000000E-01   2.57340500000E-01   1.16519200000E+00   2.18376400000E+00
   8.84524200000E+00   8.86945900000E+00   8.50778800000E+00   8.29054200000E+00
   8.62277300000E+00   9.01042200000E+00   9.08432800000E+00   9.09637000000E+00
   9.05819000000E+00   8.98498200000E+00   9.04896900000E+00   9.10805300000E+00
   9.16296200000E+00   9.40100000000E+00   1.02935000000E+01   1.11411800000E+01
   1.18352600000E+01   1.23521900000E+01   1.26916700000E+01   1.29198800000E+01
   1.31403000000E+01   1.34055600000E+01   1.36647100000E+01   1.40024000000E+01
   1.41411300000E+01   1.43168500000E+01   1.45755700000E+01   1.48808900000E+01
   1.54428400000E+01   1.61121800000E+01   1.69836300000E+01   1.78508500000E+01
   1.91900400000E+01   2.04978600000E+01   2.17443500000E+01   2.29109600000E+01
   2.39803900000E+01   2.51908500000E+01   2.63315700000E+01   2.75186200000E+01
   2.86569400000E+01   2.97401000000E+01   3.08727600000E+01   3.20758400000E+01
   3.32514500000E+01   3.43945300000E+01   3.54319800000E+01   3.65278000000E+01
   3.76356400000E+01   3.86926500000E+01   3.97239900000E+01   4.07908700000E+01
   4.19088300000E+01   4.30218700000E+01   4.41172600000E+01   4.51572100000E+01
   4.62098700000E+01   4.89230300000E+01   5.14824700000E+01   5.41130500000E+01
   5.66685200000E+01   6.20040200000E+01   6.71656800000E+01   7.25162600000E+01
   7.77499200000E+01   8.32215400000E+01   8.84367200000E+01   9.44597500000E+01
   9.91774100000E+01   1.04752700000E+02   1.10107800000E+02                   5
   0.00000000000E+00                   1                   1                  89
   0.00000000000E+00   1.60903400000E-05   4.61760000000E-05   1.00864400000E-04
   1.89048600000E-04   3.21385900000E-04   5.10986000000E-04   7.74351000000E-04
   1.13268200000E-03   1.61365300000E-03   2.25359600000E-03   3.09931200000E-03
   4.20674300000E-03   5.62998600000E-03   7.39633400000E-03   9.49701300000E-03
   1.19644400000E-02   1.49891000000E-02   1.89109800000E-02   2.41460300000E-02
   3.11894600000E-02   4.06761000000E-02   5.34426400000E-02   7.05691100000E-02
   9.33743600000E-02   1.23233600000E-01   1.60805900000E-01   2.04172000000E-01
   2.46469500000E-01   2.76286200000E-01   2.84196900000E-01   2.70309400000E-01
   2.43052700000E-01   2.11791500000E-01   1.82415300000E-01   1.57397300000E-01
   1.37276300000E-01   1.21678100000E-01   1.09423600000E-01   9.84602600000E-02
   7.72795500000E-02   6.14434000000E-02   5.05568500000E-02   4.27098500000E-02
   3.67862300000E-02   3.21616800000E-02   2.84608900000E-02   2.54435200000E-02
   2.29480000000E-02   2.08614500000E-02   1.76103300000E-02   1.52525500000E-02
   1.35242100000E-02   1.22524900000E-02   1.13172800000E-02   1.06318000000E-02
   1.01319100000E-02   9.76963400000E-03   9.50891600000E-03   9.32257200000E-03
   9.19010200000E-03   9.09604700000E-03   9.02876200000E-03   8.97948200000E-03
   8.94162900000E-03   8.91028200000E-03   8.88177900000E-03   8.85342100000E-03
   8.82323900000E-03   8.78982800000E-03   8.75221200000E-03   8.70974600000E-03
   8.66203800000E-03   8.60889400000E-03   8.55027000000E-03   8.38040900000E-03
   8.18011600000E-03   7.95437400000E-03   7.70903500000E-03   7.18433600000E-03
   6.65514200000E-03   6.16788600000E-03   5.76529000000E-03   5.26507800000E-03
   4.83307500000E-03   4.45693800000E-03   4.12706100000E-03   3.83586300000E-03
   3.57728800000E-03                   1                   1                 446
                 520                 594                 595                 596
                 597                 747                 748                 748
                 749                   2                   1               52054
               52145               52236               52237               52238
               52239               52411               52412               52412
               52413                   9                   1               66077
               66148               66219               66220               66221
               66222               66366               66367               66367
               66368                  31                   1              116324
              116382              116440              116441              116442
              116443              116561              116562              116562
              116563                  32                   1              157980
              158038              158096              158097              158098
              158099              158217              158218              158218
              158219                  33                   1              199330
              199382              199434              199435              199436
              199437              199545              199546              199546
              199547                  34                   1              237948
              238029              238110              238111              238112
              238113              238279              238280              238280
              238281                  18                  72   0.00000000000E+00
   1.85248300000E-02   2.35463000000E-02   3.05875100000E-02   4.00740900000E-02
   5.25786100000E-02   6.92852600000E-02   9.15841400000E-02   1.20904700000E-01
   1.57964100000E-01   2.00930000000E-01   2.43056600000E-01   2.73022000000E-01
   2.81385300000E-01   2.82248200000E-01   2.89087100000E-01   2.78424500000E-01
   2.58658100000E-01   2.35459300000E-01   2.12979600000E-01   1.93830800000E-01
   1.78298800000E-01   1.63049300000E-01   1.31281000000E-01   1.06278900000E-01
   8.86621500000E-02   7.55041400000E-02   6.53188400000E-02   5.75405900000E-02
   5.20138400000E-02   4.79331200000E-02   4.46219700000E-02   4.16176700000E-02
   3.64511100000E-02   3.24906600000E-02   2.95376500000E-02   2.74229600000E-02
   2.59441200000E-02   2.49863500000E-02   2.44542300000E-02   2.42249000000E-02
   2.42186500000E-02   2.43502900000E-02   2.46155200000E-02   2.49423500000E-02
   2.53839500000E-02   2.57910400000E-02   2.62266200000E-02   2.66777800000E-02
   2.71204100000E-02   2.75834900000E-02   2.80062900000E-02   2.83846500000E-02
   2.87716400000E-02   2.91064200000E-02   2.94425700000E-02   2.97610600000E-02
   3.00487600000E-02   3.05325400000E-02   3.08895300000E-02   3.10265000000E-02
   3.10293600000E-02   3.06543400000E-02   2.99729500000E-02   2.91806600000E-02
   2.85248800000E-02   2.71941200000E-02   2.60453200000E-02   2.49724800000E-02
   2.43822400000E-02   2.34744400000E-02   2.26823400000E-02                  18
                  72   0.00000000000E+00   3.88958600000E-01   8.76919200000E-01
   9.84483700000E-01   1.09205600000E+00   1.19345300000E+00   1.29369600000E+00
   1.37765700000E+00   1.46331800000E+00   1.55053000000E+00   1.63889900000E+00
   1.67010400000E+00   1.70142600000E+00   1.73266800000E+00   1.85673200000E+00
   2.10773400000E+00   2.32161200000E+00   2.49547700000E+00   2.62361500000E+00
   2.81013100000E+00   2.97686700000E+00   3.13863300000E+00   3.28494900000E+00
   3.64129800000E+00   3.98399000000E+00   4.34921600000E+00   4.69667700000E+00
   5.04264600000E+00   5.40863200000E+00   5.76672700000E+00   6.19384100000E+00
   6.61581100000E+00   7.01612500000E+00   7.87252400000E+00   8.65245700000E+00
   9.43578500000E+00   1.02139900000E+01   1.10193900000E+01   1.18016500000E+01
   1.26386300000E+01   1.34531500000E+01   1.42999300000E+01   1.51478600000E+01
   1.60005100000E+01   1.68466200000E+01   1.77504600000E+01   1.86285000000E+01
   1.95281800000E+01   2.04079900000E+01   2.12965800000E+01   2.22228400000E+01
   2.31431700000E+01   2.40562200000E+01   2.49523100000E+01   2.58367300000E+01
   2.67581200000E+01   2.77017700000E+01   2.86566600000E+01   3.09167200000E+01
   3.32966400000E+01   3.56191000000E+01   3.80208700000E+01   4.25761900000E+01
   4.73377700000E+01   5.19935700000E+01   5.67444000000E+01   6.11661600000E+01
   6.58317600000E+01   6.96462800000E+01   7.46999300000E+01   7.90063200000E+01
   8.35451800000E+01                   5                  -1                   1
                   6                   5                   0                  73
   1.00000000000E+00   9.10466400000E+00   9.50000000000E+00   1.00000000000E+01
   1.05000000000E+01   1.10000000000E+01   1.15000000000E+01   1.20000000000E+01
   1.25000000000E+01   1.30000000000E+01   1.35000000000E+01   1.40000000000E+01
   1.45000000000E+01   1.50000000000E+01   1.55000000000E+01   1.60000000000E+01
   1.65000000000E+01   1.70000000000E+01   1.75000000000E+01   1.80000000000E+01
   1.85000000000E+01   1.90000000000E+01   1.95000000000E+01   2.00000000000E+01
   2.10000000000E+01   2.20000000000E+01   2.30000000000E+01   2.40000000000E+01
   2.50000000000E+01   2.60000000000E+01   2.70000000000E+01   2.80000000000E+01
   2.90000000000E+01   3.00000000000E+01   3.20000000000E+01   3.40000000000E+01
   3.60000000000E+01   3.80000000000E+01   4.00000000000E+01   4.20000000000E+01
   4.40000000000E+01   4.60000000000E+01   4.80000000000E+01   5.00000000000E+01
   5.20000000000E+01   5.40000000000E+01   5.60000000000E+01   5.80000000000E+01
   6.00000000000E+01   6.20000000000E+01   6.40000000000E+01   6.60000000000E+01
   6.80000000000E+01   7.00000000000E+01   7.20000000000E+01   7.40000000000E+01
   7.60000000000E+01   7.80000000000E+01   8.00000000000E+01   8.50000000000E+01
   9.00000000000E+01   9.50000000000E+01   1.00000000000E+02   1.10000000000E+02
   1.20000000000E+02   1.30000000000E+02   1.40000000000E+02   1.50000000000E+02
   1.60000000000E+02   1.70000000000E+02   1.80000000000E+02   1.90000000000E+02
   2.00000000000E+02   0.00000000000E+00   0.00000000000E+00   9.79580600000E-01
   9.75162400000E-01   9.80700200000E-01   9.85199900000E-01   9.83832600000E-01
   9.81807200000E-01   9.80827500000E-01   9.81101700000E-01   9.82327800000E-01
   9.84121200000E-01   9.86152900000E-01   9.88185400000E-01   9.90106900000E-01
   1.04416700000E+00   1.18940100000E+00   1.31461600000E+00   1.41796300000E+00
   1.49595500000E+00   1.55146700000E+00   1.59298000000E+00   1.62943600000E+00
   1.65599100000E+00   1.69878100000E+00   1.72970400000E+00   1.75371200000E+00
   1.76783900000E+00   1.77563300000E+00   1.78910400000E+00   1.82755500000E+00
   1.88390300000E+00   1.94448200000E+00   1.99495600000E+00   2.06987100000E+00
   2.13017900000E+00   2.18405700000E+00   2.23815400000E+00   2.29243400000E+00
   2.35015200000E+00   2.41358500000E+00   2.47961200000E+00   2.54694100000E+00
   2.61197100000E+00   2.67848200000E+00   2.74210900000E+00   2.81145400000E+00
   2.87221900000E+00   2.93309200000E+00   2.99404400000E+00   3.05348800000E+00
   3.11557400000E+00   3.17415100000E+00   3.22926100000E+00   3.28735600000E+00
   3.34182200000E+00   3.39903500000E+00   3.45701300000E+00   3.51436400000E+00
   3.64332300000E+00   3.77617300000E+00   3.90055800000E+00   4.02506400000E+00
   4.26683000000E+00   4.50372800000E+00   4.73106300000E+00   4.94769200000E+00
   5.16499900000E+00   5.38897500000E+00   5.60305800000E+00   5.90789400000E+00
   6.11972800000E+00   6.34065200000E+00                   0                   1
                   0                   4                  10                   0
                   2   1.00000000000E+00   2.00000000000E+02   1.00000000000E+00
   1.00000000000E+00                   0                  31   1.00000000000E+00
   9.10466400000E+00   1.00000000000E+01   1.20000000000E+01   1.40000000000E+01
   1.60000000000E+01   1.80000000000E+01   2.00000000000E+01   2.20000000000E+01
   2.40000000000E+01   2.60000000000E+01   2.80000000000E+01   3.00000000000E+01
   3.20000000000E+01   3.60000000000E+01   4.00000000000E+01   4.40000000000E+01
   4.80000000000E+01   5.00000000000E+01   5.20000000000E+01   5.60000000000E+01
   6.00000000000E+01   7.00000000000E+01   8.00000000000E+01   9.00000000000E+01
   1.00000000000E+02   1.20000000000E+02   1.40000000000E+02   1.60000000000E+02
   1.80000000000E+02   2.00000000000E+02                  74                  85
                  96                 131                 412                 873
                1612                2450                3376                4368
                5605                6894                8235                9615
               11034               12518               14054               15871
               17733               19610               21502               23424
               25361               27607               29904               32509
               35133               38096               41364               44655
               47969                   2                   3   0.00000000000E+00
   5.00000000000E-07   1.00000000000E-06   0.00000000000E+00   2.00000000000E+06
   0.00000000000E+00   0.00000000000E+00   5.00000000000E-01   1.00000000000E+00
                   2                   3   0.00000000000E+00   5.00000000000E-07
   1.00000000000E-06   0.00000000000E+00   2.00000000000E+06   0.00000000000E+00
   0.00000000000E+00   5.00000000000E-01   1.00000000000E+00                   2
                  11   0.00000000000E+00   2.50000000000E-02   1.00000000000E-01
   2.00000000000E-01   3.00000000000E-01   4.00000000000E-01   5.00000000000E-01
   6.00000000000E-01   7.00000000000E-01   8.00000000000E-01   9.00000000000E-01
   0.00000000000E+00   1.07368600000E-03   4.29310700000E-03   1.08527200000E-03
   7.34482800000E-04   4.53294900000E-04   2.46245900000E-04   1.09709000000E-04
   3.41628900000E-05   2.41658200000E-02   1.99377600000E+01   0.00000000000E+00
   1.34210719000E-05   2.14675800000E-04   4.83594738000E-04   5.74582467000E-04
   6.33971354000E-04   6.68948395000E-04   6.86746141000E-04   6.93939735000E-04
   1.90393910000E-03   1.00000000000E+00                   2                  31
   0.00000000000E+00   2.50000000000E-02   1.00000000000E-01   2.00000000000E-01
   3.00000000000E-01   4.00000000000E-01   5.00000000000E-01   6.00000000000E-01
   7.00000000000E-01   8.00000000000E-01   9.00000000000E-01   1.00000000000E+00
   1.10000000000E+00   1.20000000000E+00   1.30000000000E+00   1.40000000000E+00
   1.50000000000E+00   1.60000000000E+00   1.70000000000E+00   1.80000000000E+00
   1.90000000000E+00   2.00000000000E+00   2.10000000000E+00   2.20000000000E+00
   2.30000000000E+00   2.40000000000E+00   2.50000000000E+00   2.60000000000E+00
   2.70000000000E+00   2.80000000000E+00   2.90000000000E+00   0.00000000000E+00
   3.71212200000E-02   1.47134100000E-01   2.37053500000E-01   2.91461700000E-01
   3.23956200000E-01   3.43244200000E-01   3.54282300000E-01   3.59804100000E-01
   3.61275500000E-01   3.59498200000E-01   3.54578600000E-01   1.80280500000E-01
   3.54442100000E-01   1.86710200000E+00   4.07204000000E-01   5.38879300000E-01
   7.44997400000E-01   8.71938600000E-01   4.64678900000E-01   2.94137000000E-04
   7.81794100000E-01   1.32753600000E-01   8.63068000000E-05   5.14944000000E-05
   2.82433000000E-05   1.37075000000E-05   5.47902000000E-06   1.53610000000E-06
   4.31188000000E-02   9.59744200000E-01   0.00000000000E+00   4.64015271000E-04
   7.37359008000E-03   2.65829709000E-02   5.30087321000E-02   8.37796285000E-02
   1.17139650000E-01   1.52015977000E-01   1.87720298000E-01   2.23774280000E-01
   2.59812966000E-01   2.95516808000E-01   3.22259764000E-01   3.48995895000E-01
   4.60073105000E-01   5.73788410000E-01   6.21092578000E-01   6.85286415000E-01
   7.66133219000E-01   8.32964097000E-01   8.56212750000E-01   8.95317164000E-01
   9.41044551000E-01   9.47686546000E-01   9.47693436000E-01   9.47697423000E-01
   9.47699521000E-01   9.47700480000E-01   9.47700831000E-01   9.49856848000E-01
   1.00000000000E+00                   0                   0                   0
                   0                   0                   0                   0
                   0                   0                   0                   0
                   0                   0                   0                   0
                   0                   0                   0                   0
                   0                   0                   0                   0
                   0                   0                   0                   0
                   0                   0                   0                   0
                   0                   0                   0                   0
                   0                   0                   0                   0
                   0                   0                   0                   0
                   0                   0                   0                   0
                   0                   0                   0                   0
                   0                   0                   0                   0
                   0                   0                   0                   0
                   0                   0                   0                   0
                   0                   0                   0                   0
                   0                   0                   0                   0
                   0                   0                   0                   0
                   0                   0                   0                   0
                   0                   0                   0                   0
                   0                   0                   0                   0
                   0                   0                   0                   0
                   0                   0                   0                   0
                   0                   0                   0                   0
                   0                   0                   0                   0
                   0                   0                   0                   0
                   0                   0                   0                   0
                   0                   0                   0                   0
                   0                   0                   0                   0
                   0                   0                   0                   0
                   0                   0                   0                   0
                   0                   0                   0                   0
                   0
