 50122.00u  120.856200  0.0000E+00   06/19/20
Ace Sn122 IAEA-PD                                                        mat5055
      0         0.      0         0.      0         0.      0         0.
      0         0.      0         0.      0         0.      0         0.
      0         0.      0         0.      0         0.      0         0.
      0         0.      0         0.      0         0.      0         0.
   294910    50122       89        1        7        2       12        0
        0        0        0        0        0        0        0        1
        1       90       90        0      179      268      269      270
      271      362      446        0        0        0        0        0
        0        0        0        0        0        0        0        0
        0        0        0        0        0        0        0        0
   9.99999000000E-01   1.00000000000E+00   1.50000000000E+00   2.00000000000E+00
   2.50000000000E+00   3.00000000000E+00   3.50000000000E+00   4.00000000000E+00
   4.50000000000E+00   5.00000000000E+00   5.50000000000E+00   6.00000000000E+00
   6.50000000000E+00   7.00000000000E+00   7.50000000000E+00   8.00000000000E+00
   8.50000000000E+00   9.00000000000E+00   9.50000000000E+00   1.00000000000E+01
   1.05000000000E+01   1.10000000000E+01   1.15000000000E+01   1.20000000000E+01
   1.25000000000E+01   1.30000000000E+01   1.35000000000E+01   1.40000000000E+01
   1.45000000000E+01   1.50000000000E+01   1.55000000000E+01   1.60000000000E+01
   1.65000000000E+01   1.70000000000E+01   1.75000000000E+01   1.80000000000E+01
   1.85000000000E+01   1.90000000000E+01   1.95000000000E+01   2.00000000000E+01
   2.10000000000E+01   2.20000000000E+01   2.30000000000E+01   2.40000000000E+01
   2.50000000000E+01   2.60000000000E+01   2.70000000000E+01   2.80000000000E+01
   2.90000000000E+01   3.00000000000E+01   3.20000000000E+01   3.40000000000E+01
   3.60000000000E+01   3.80000000000E+01   4.00000000000E+01   4.20000000000E+01
   4.40000000000E+01   4.60000000000E+01   4.80000000000E+01   5.00000000000E+01
   5.20000000000E+01   5.40000000000E+01   5.60000000000E+01   5.80000000000E+01
   6.00000000000E+01   6.20000000000E+01   6.40000000000E+01   6.60000000000E+01
   6.80000000000E+01   7.00000000000E+01   7.20000000000E+01   7.40000000000E+01
   7.60000000000E+01   7.80000000000E+01   8.00000000000E+01   8.50000000000E+01
   9.00000000000E+01   9.50000000000E+01   1.00000000000E+02   1.10000000000E+02
   1.20000000000E+02   1.30000000000E+02   1.40000000000E+02   1.50000000000E+02
   1.60000000000E+02   1.70000000000E+02   1.80000000000E+02   1.90000000000E+02
   2.00000000000E+02   0.00000000000E+00   1.53567900000E-05   4.39015000000E-05
   9.57091200000E-05   1.79261500000E-04   3.04829900000E-04   4.85198400000E-04
   7.36673100000E-04   1.08051100000E-03   1.54491800000E-03   2.16761300000E-03
   2.99830100000E-03   4.09846100000E-03   5.53254800000E-03   7.34850800000E-03
   9.58011200000E-03   1.23268200000E-02   1.58039200000E-02   2.01417200000E-02
   2.52715100000E-02   3.15381900000E-02   3.99386400000E-02   5.15920400000E-02
   6.76585900000E-02   8.94946300000E-02   1.18544500000E-01   1.55486000000E-01
   1.98087600000E-01   2.38568400000E-01   2.64559300000E-01   2.67235100000E-01
   2.48887900000E-01   2.19442900000E-01   1.88057000000E-01   1.59620000000E-01
   1.35678600000E-01   1.16141200000E-01   1.00354300000E-01   8.75856900000E-02
   7.71925000000E-02   6.13862600000E-02   5.02812400000E-02   4.21823800000E-02
   3.60801700000E-02   3.13543100000E-02   2.76103200000E-02   2.45887500000E-02
   2.21136500000E-02   2.00621600000E-02   1.83461900000E-02   1.56774300000E-02
   1.37530500000E-02   1.23549600000E-02   1.13385700000E-02   1.06025900000E-02
   1.00736100000E-02   9.69734200000E-03   9.43322200000E-03   9.25082000000E-03
   9.12727500000E-03   9.04540900000E-03   8.99233100000E-03   8.95838400000E-03
   8.93634900000E-03   8.92085200000E-03   8.90791700000E-03   8.89462700000E-03
   8.87886900000E-03   8.85914300000E-03   8.83441700000E-03   8.80401600000E-03
   8.76753700000E-03   8.72478700000E-03   8.67573100000E-03   8.62045800000E-03
   8.45642800000E-03   8.25927200000E-03   8.03480800000E-03   7.78944900000E-03
   7.26229900000E-03   6.72904200000E-03   6.23737400000E-03   5.83087900000E-03
   5.32534300000E-03   4.88864000000E-03   4.50834800000E-03   4.17478500000E-03
   3.88030500000E-03   3.61879700000E-03   0.00000000000E+00   1.00000000000E+00
   9.93688900000E-01   9.87378400000E-01   9.81068000000E-01   9.74757500000E-01
   9.68447100000E-01   5.73776900000E-01   5.94833300000E-01   6.09628200000E-01
   6.26181400000E-01   6.33830300000E-01   6.19535900000E-01   5.70595200000E-01
   4.88050800000E-01   3.82493800000E-01   1.78096500000E+00   8.60668300000E+00
   8.85195000000E+00   8.81563300000E+00   8.72764100000E+00   8.75228800000E+00
   8.77602900000E+00   8.77229200000E+00   8.82043300000E+00   8.83230900000E+00
   8.81185900000E+00   8.76341700000E+00   8.91904000000E+00   9.07212200000E+00
   9.45954900000E+00   1.01162800000E+01   1.09050000000E+01   1.15580800000E+01
   1.20605100000E+01   1.23696100000E+01   1.25586000000E+01   1.27313100000E+01
   1.29388100000E+01   1.31675700000E+01   1.33888400000E+01   1.36654300000E+01
   1.38433100000E+01   1.40647400000E+01   1.42907800000E+01   1.46673600000E+01
   1.54792200000E+01   1.63378600000E+01   1.70578600000E+01   1.78011000000E+01
   1.90946600000E+01   2.03220600000E+01   2.14721800000E+01   2.26619800000E+01
   2.38053500000E+01   2.49583300000E+01   2.60760000000E+01   2.72342800000E+01
   2.83702300000E+01   2.94500900000E+01   3.06289900000E+01   3.17973800000E+01
   3.29825600000E+01   3.40293300000E+01   3.50946400000E+01   3.61987600000E+01
   3.72435100000E+01   3.83432200000E+01   3.93504000000E+01   4.04116700000E+01
   4.14994500000E+01   4.25666600000E+01   4.35947000000E+01   4.46753200000E+01
   4.57309300000E+01   4.82957400000E+01   5.08385700000E+01   5.34364800000E+01
   5.59857200000E+01   6.10638000000E+01   6.61705700000E+01   7.15364800000E+01
   7.66565300000E+01   8.20002900000E+01   8.70288600000E+01   9.23211100000E+01
   9.75552800000E+01   1.02063700000E+02   1.08096700000E+02                   5
   0.00000000000E+00                   1                   1                  89
   0.00000000000E+00   1.53567900000E-05   4.39015000000E-05   9.57091200000E-05
   1.79261500000E-04   3.04829900000E-04   4.85198400000E-04   7.36673100000E-04
   1.08051100000E-03   1.54491800000E-03   2.16761300000E-03   2.99830100000E-03
   4.09846100000E-03   5.53254800000E-03   7.34850800000E-03   9.58011200000E-03
   1.23268200000E-02   1.58039200000E-02   2.01417200000E-02   2.52715100000E-02
   3.15381900000E-02   3.99386400000E-02   5.15920400000E-02   6.76585900000E-02
   8.94946300000E-02   1.18544500000E-01   1.55486000000E-01   1.98087600000E-01
   2.38568400000E-01   2.64559300000E-01   2.67235100000E-01   2.48887900000E-01
   2.19442900000E-01   1.88057000000E-01   1.59620000000E-01   1.35678600000E-01
   1.16141200000E-01   1.00354300000E-01   8.75856900000E-02   7.71925000000E-02
   6.13862600000E-02   5.02812400000E-02   4.21823800000E-02   3.60801700000E-02
   3.13543100000E-02   2.76103200000E-02   2.45887500000E-02   2.21136500000E-02
   2.00621600000E-02   1.83461900000E-02   1.56774300000E-02   1.37530500000E-02
   1.23549600000E-02   1.13385700000E-02   1.06025900000E-02   1.00736100000E-02
   9.69734200000E-03   9.43322200000E-03   9.25082000000E-03   9.12727500000E-03
   9.04540900000E-03   8.99233100000E-03   8.95838400000E-03   8.93634900000E-03
   8.92085200000E-03   8.90791700000E-03   8.89462700000E-03   8.87886900000E-03
   8.85914300000E-03   8.83441700000E-03   8.80401600000E-03   8.76753700000E-03
   8.72478700000E-03   8.67573100000E-03   8.62045800000E-03   8.45642800000E-03
   8.25927200000E-03   8.03480800000E-03   7.78944900000E-03   7.26229900000E-03
   6.72904200000E-03   6.23737400000E-03   5.83087900000E-03   5.32534300000E-03
   4.88864000000E-03   4.50834800000E-03   4.17478500000E-03   3.88030500000E-03
   3.61879700000E-03                   1                   1                 446
                 521                 596                 597                 598
                 599                 751                 752                 752
                 753                   2                   1               52717
               52808               52899               52900               52901
               52902               53074               53075               53075
               53076                   9                   1               66740
               66810               66880               66881               66882
               66883               67023               67024               67024
               67025                  31                   1              116069
              116127              116185              116186              116187
              116188              116304              116305              116305
              116306                  32                   1              157557
              157615              157673              157674              157675
              157676              157794              157795              157795
              157796                  33                   1              198795
              198846              198897              198898              198899
              198900              199004              199005              199005
              199006                  34                   1              235859
              235938              236017              236018              236019
              236020              236184              236185              236185
              236186                  17                  73   0.00000000000E+00
   1.55684800000E-02   1.99288300000E-02   2.50135500000E-02   3.12357000000E-02
   3.95120300000E-02   5.09907100000E-02   6.68431200000E-02   8.84331800000E-02
   1.17211900000E-01   1.53877800000E-01   1.96249900000E-01   2.36624800000E-01
   2.62699200000E-01   2.85921800000E-01   3.01860200000E-01   2.92152900000E-01
   2.69750100000E-01   2.41861700000E-01   2.13689700000E-01   1.87914500000E-01
   1.65926800000E-01   1.47357300000E-01   1.31784300000E-01   1.07176000000E-01
   8.92531200000E-02   7.58187800000E-02   6.53172300000E-02   5.71962500000E-02
   5.14835300000E-02   4.74737000000E-02   4.41741600000E-02   4.13276700000E-02
   3.87660300000E-02   3.42171400000E-02   3.07963500000E-02   2.83617200000E-02
   2.67078400000E-02   2.56296200000E-02   2.49551000000E-02   2.46543200000E-02
   2.46038300000E-02   2.47690400000E-02   2.50673500000E-02   2.54482200000E-02
   2.59560700000E-02   2.64644500000E-02   2.69830400000E-02   2.74838200000E-02
   2.79989900000E-02   2.85708700000E-02   2.90206700000E-02   2.95367400000E-02
   2.99695400000E-02   3.04067500000E-02   3.08072000000E-02   3.11765100000E-02
   3.14848600000E-02   3.17936500000E-02   3.24171300000E-02   3.27928500000E-02
   3.30144400000E-02   3.30426000000E-02   3.27890400000E-02   3.20240900000E-02
   3.12442000000E-02   3.06753300000E-02   2.92037500000E-02   2.79769700000E-02
   2.68492900000E-02   2.58075900000E-02   2.53247000000E-02   2.44324500000E-02
                  17                  73   0.00000000000E+00   1.15562200000E-01
   4.30425200000E-01   7.45053000000E-01   9.33580700000E-01   1.12041000000E+00
   1.30697800000E+00   1.49405000000E+00   1.56178100000E+00   1.63024300000E+00
   1.69926900000E+00   1.76871700000E+00   1.75760300000E+00   1.74643500000E+00
   1.86762200000E+00   2.10102400000E+00   2.33364400000E+00   2.54375700000E+00
   2.71820700000E+00   2.85770600000E+00   3.03467600000E+00   3.20221400000E+00
   3.36129500000E+00   3.51518300000E+00   3.86989000000E+00   4.21409100000E+00
   4.58429900000E+00   4.93676900000E+00   5.27668600000E+00   5.70254700000E+00
   6.11286300000E+00   6.54014600000E+00   6.97899100000E+00   7.39935200000E+00
   8.28097800000E+00   9.07005500000E+00   9.88677000000E+00   1.06719100000E+01
   1.14928900000E+01   1.22976100000E+01   1.31540100000E+01   1.39765400000E+01
   1.48425600000E+01   1.57091400000E+01   1.65814700000E+01   1.74766100000E+01
   1.83617200000E+01   1.92747500000E+01   2.01839300000E+01   2.10621000000E+01
   2.20046900000E+01   2.28795000000E+01   2.38367200000E+01   2.47609200000E+01
   2.56829400000E+01   2.66117400000E+01   2.75531800000E+01   2.84811400000E+01
   2.94511100000E+01   3.18264600000E+01   3.42226300000E+01   3.66070200000E+01
   3.90214900000E+01   4.38257400000E+01   4.86122900000E+01   5.32585200000E+01
   5.81306700000E+01   6.26319000000E+01   6.74857700000E+01   7.20629700000E+01
   7.67053900000E+01   8.19353900000E+01   8.57467200000E+01                   5
                  -1                   1                   6                   5
                   0                  74   1.00000000000E+00   8.81538500000E+00
   9.00000000000E+00   9.50000000000E+00   1.00000000000E+01   1.05000000000E+01
   1.10000000000E+01   1.15000000000E+01   1.20000000000E+01   1.25000000000E+01
   1.30000000000E+01   1.35000000000E+01   1.40000000000E+01   1.45000000000E+01
   1.50000000000E+01   1.55000000000E+01   1.60000000000E+01   1.65000000000E+01
   1.70000000000E+01   1.75000000000E+01   1.80000000000E+01   1.85000000000E+01
   1.90000000000E+01   1.95000000000E+01   2.00000000000E+01   2.10000000000E+01
   2.20000000000E+01   2.30000000000E+01   2.40000000000E+01   2.50000000000E+01
   2.60000000000E+01   2.70000000000E+01   2.80000000000E+01   2.90000000000E+01
   3.00000000000E+01   3.20000000000E+01   3.40000000000E+01   3.60000000000E+01
   3.80000000000E+01   4.00000000000E+01   4.20000000000E+01   4.40000000000E+01
   4.60000000000E+01   4.80000000000E+01   5.00000000000E+01   5.20000000000E+01
   5.40000000000E+01   5.60000000000E+01   5.80000000000E+01   6.00000000000E+01
   6.20000000000E+01   6.40000000000E+01   6.60000000000E+01   6.80000000000E+01
   7.00000000000E+01   7.20000000000E+01   7.40000000000E+01   7.60000000000E+01
   7.80000000000E+01   8.00000000000E+01   8.50000000000E+01   9.00000000000E+01
   9.50000000000E+01   1.00000000000E+02   1.10000000000E+02   1.20000000000E+02
   1.30000000000E+02   1.40000000000E+02   1.50000000000E+02   1.60000000000E+02
   1.70000000000E+02   1.80000000000E+02   1.90000000000E+02   2.00000000000E+02
   0.00000000000E+00   0.00000000000E+00   9.85102400000E-01   9.89430400000E-01
   9.89792500000E-01   9.90408800000E-01   9.89318400000E-01   9.88344500000E-01
   9.87947300000E-01   9.88139500000E-01   9.88758700000E-01   9.89656900000E-01
   9.90722800000E-01   9.91853100000E-01   9.92969100000E-01   1.06992600000E+00
   1.21283600000E+00   1.33133900000E+00   1.43440600000E+00   1.51523400000E+00
   1.57497000000E+00   1.61798300000E+00   1.65341000000E+00   1.68243600000E+00
   1.70721600000E+00   1.74592800000E+00   1.77507800000E+00   1.79740400000E+00
   1.81033600000E+00   1.82419100000E+00   1.86464800000E+00   1.93070800000E+00
   1.99759700000E+00   2.05998100000E+00   2.11302900000E+00   2.18257300000E+00
   2.23923800000E+00   2.29557400000E+00   2.35548600000E+00   2.41729800000E+00
   2.47727500000E+00   2.54237900000E+00   2.60821100000E+00   2.67749700000E+00
   2.74642200000E+00   2.81338500000E+00   2.88646700000E+00   2.95415400000E+00
   3.01947000000E+00   3.08085100000E+00   3.14315800000E+00   3.21214900000E+00
   3.26851000000E+00   3.33404000000E+00   3.39236200000E+00   3.45373600000E+00
   3.51378000000E+00   3.57332600000E+00   3.62907300000E+00   3.68816300000E+00
   3.83343100000E+00   3.97042900000E+00   4.10892700000E+00   4.24196900000E+00
   4.51496700000E+00   4.75908600000E+00   5.00919100000E+00   5.26084100000E+00
   5.48391900000E+00   5.72285300000E+00   5.95546100000E+00   6.18177700000E+00
   6.52647200000E+00   6.75153900000E+00                   0                   1
                   0                   4                  10                   0
                   2   1.00000000000E+00   2.00000000000E+02   1.00000000000E+00
   1.00000000000E+00                   0                  31   1.00000000000E+00
   8.81538500000E+00   1.00000000000E+01   1.20000000000E+01   1.40000000000E+01
   1.60000000000E+01   1.80000000000E+01   2.00000000000E+01   2.20000000000E+01
   2.40000000000E+01   2.60000000000E+01   2.80000000000E+01   3.00000000000E+01
   3.20000000000E+01   3.60000000000E+01   4.00000000000E+01   4.40000000000E+01
   4.80000000000E+01   5.00000000000E+01   5.20000000000E+01   5.60000000000E+01
   6.00000000000E+01   7.00000000000E+01   8.00000000000E+01   9.00000000000E+01
   1.00000000000E+02   1.20000000000E+02   1.40000000000E+02   1.60000000000E+02
   1.80000000000E+02   2.00000000000E+02                  74                  85
                  96                 140                 516                1112
                1873                2744                3692                4706
                5969                7284                8651               10057
               11502               12999               14548               16380
               18242               20134               22041               23963
               25915               28178               30475               33080
               35723               38686               41977               45291
               48628                   2                   3   0.00000000000E+00
   5.00000000000E-07   1.00000000000E-06   0.00000000000E+00   2.00000000000E+06
   0.00000000000E+00   0.00000000000E+00   5.00000000000E-01   1.00000000000E+00
                   2                   3   0.00000000000E+00   5.00000000000E-07
   1.00000000000E-06   0.00000000000E+00   2.00000000000E+06   0.00000000000E+00
   0.00000000000E+00   5.00000000000E-01   1.00000000000E+00                   2
                  14   0.00000000000E+00   2.50000000000E-02   1.00000000000E-01
   2.00000000000E-01   3.00000000000E-01   4.00000000000E-01   5.00000000000E-01
   6.00000000000E-01   7.00000000000E-01   8.00000000000E-01   9.00000000000E-01
   1.00000000000E+00   1.10000000000E+00   1.20000000000E+00   0.00000000000E+00
   3.05210100000E-01   1.21970100000E+00   1.06949100000E+00   1.85655100000E+00
   3.40797000000E-04   4.60689300000E-03   1.55264000000E-04   9.20039900000E-05
   4.74137000000E-05   1.91870000000E-05   4.71358000000E-06   3.75313000000E+00
   4.19143800000E+00   0.00000000000E+00   3.81512598000E-03   6.09992882000E-02
   1.75458880000E-01   3.21760970000E-01   4.14605553000E-01   4.14852938000E-01
   4.15091046000E-01   4.15103409000E-01   4.15110380000E-01   4.15113710000E-01
   4.15114905000E-01   6.02771628000E-01   1.00000000000E+00                   2
                  34   0.00000000000E+00   2.50000000000E-02   1.00000000000E-01
   2.00000000000E-01   3.00000000000E-01   4.00000000000E-01   5.00000000000E-01
   6.00000000000E-01   7.00000000000E-01   8.00000000000E-01   9.00000000000E-01
   1.00000000000E+00   1.10000000000E+00   1.20000000000E+00   1.30000000000E+00
   1.40000000000E+00   1.50000000000E+00   1.60000000000E+00   1.70000000000E+00
   1.80000000000E+00   1.90000000000E+00   2.00000000000E+00   2.10000000000E+00
   2.20000000000E+00   2.30000000000E+00   2.40000000000E+00   2.50000000000E+00
   2.60000000000E+00   2.70000000000E+00   2.80000000000E+00   2.90000000000E+00
   3.00000000000E+00   3.10000000000E+00   3.20000000000E+00   0.00000000000E+00
   3.95138600000E-02   1.50220500000E-01   2.43358700000E-01   3.02333000000E-01
   3.39839700000E-01   3.64177500000E-01   3.80106300000E-01   3.90265900000E-01
   3.96054000000E-01   3.98110700000E-01   3.96745000000E-01   3.92581600000E-01
   3.85818700000E-01   3.76863000000E-01   3.65890600000E-01   5.68266900000E-01
   9.46925900000E-02   1.49229100000E-01   4.71159800000E-01   4.30590000000E-03
   3.31593600000E-01   1.15303600000E+00   6.50861800000E-01   8.66980700000E-01
   7.43045000000E-05   6.14958200000E-02   2.79920000000E-05   1.51626000000E-05
   7.17977000000E-06   2.74623000000E-06   7.16431000000E-07   4.45346900000E-01
   6.39115600000E-01   0.00000000000E+00   4.93923271000E-04   7.60896207000E-03
   2.72879229000E-02   5.45725090000E-02   8.66811454000E-02   1.21882007000E-01
   1.59096198000E-01   1.97614810000E-01   2.36930807000E-01   2.76639043000E-01
   3.16381830000E-01   3.55848162000E-01   3.94768178000E-01   4.32902265000E-01
   4.70039947000E-01   5.16747824000E-01   5.49895799000E-01   5.62091884000E-01
   5.93111331000E-01   6.16884617000E-01   6.33679592000E-01   7.07911076000E-01
   7.98105969000E-01   8.73998098000E-01   9.17350850000E-01   9.20429356000E-01
   9.23505547000E-01   9.23507704000E-01   9.23508822000E-01   9.23509318000E-01
   9.23509491000E-01   9.45776873000E-01   1.00000000000E+00                   0
                   0                   0                   0                   0
                   0                   0                   0                   0
                   0                   0                   0                   0
                   0                   0                   0                   0
                   0                   0                   0                   0
                   0                   0                   0                   0
                   0                   0                   0                   0
                   0                   0                   0                   0
                   0                   0                   0                   0
                   0                   0                   0                   0
                   0                   0                   0                   0
                   0                   0                   0                   0
                   0                   0                   0                   0
                   0                   0                   0                   0
                   0                   0                   0                   0
                   0                   0                   0                   0
                   0                   0                   0                   0
                   0                   0                   0                   0
                   0                   0                   0                   0
                   0                   0                   0                   0
                   0                   0                   0                   0
                   0                   0                   0                   0
                   0                   0                   0                   0
                   0                   0                   0                   0
                   0                   0                   0                   0
                   0                   0                   0                   0
                   0                   0                   0                   0
                   0                   0                   0                   0
                   0                   0                   0                   0
                   0                   0                   0                   0
                   0                   0                   0                   0
                   0                   0                   0                   0
                   0                   0                   0
