 38084.00u   83.192560  0.0000E+00   06/19/20
Ace Sr84 IAEA-PD                                                         mat3825
      0         0.      0         0.      0         0.      0         0.
      0         0.      0         0.      0         0.      0         0.
      0         0.      0         0.      0         0.      0         0.
      0         0.      0         0.      0         0.      0         0.
   287675    38084       89        1        7        2       12        0
        0        0        0        0        0        0        0        1
        1       90       90        0      179      268      269      270
      271      362      446        0        0        0        0        0
        0        0        0        0        0        0        0        0
        0        0        0        0        0        0        0        0
   9.99999000000E-01   1.00000000000E+00   1.50000000000E+00   2.00000000000E+00
   2.50000000000E+00   3.00000000000E+00   3.50000000000E+00   4.00000000000E+00
   4.50000000000E+00   5.00000000000E+00   5.50000000000E+00   6.00000000000E+00
   6.50000000000E+00   7.00000000000E+00   7.50000000000E+00   8.00000000000E+00
   8.50000000000E+00   9.00000000000E+00   9.50000000000E+00   1.00000000000E+01
   1.05000000000E+01   1.10000000000E+01   1.15000000000E+01   1.20000000000E+01
   1.25000000000E+01   1.30000000000E+01   1.35000000000E+01   1.40000000000E+01
   1.45000000000E+01   1.50000000000E+01   1.55000000000E+01   1.60000000000E+01
   1.65000000000E+01   1.70000000000E+01   1.75000000000E+01   1.80000000000E+01
   1.85000000000E+01   1.90000000000E+01   1.95000000000E+01   2.00000000000E+01
   2.10000000000E+01   2.20000000000E+01   2.30000000000E+01   2.40000000000E+01
   2.50000000000E+01   2.60000000000E+01   2.70000000000E+01   2.80000000000E+01
   2.90000000000E+01   3.00000000000E+01   3.20000000000E+01   3.40000000000E+01
   3.60000000000E+01   3.80000000000E+01   4.00000000000E+01   4.20000000000E+01
   4.40000000000E+01   4.60000000000E+01   4.80000000000E+01   5.00000000000E+01
   5.20000000000E+01   5.40000000000E+01   5.60000000000E+01   5.80000000000E+01
   6.00000000000E+01   6.20000000000E+01   6.40000000000E+01   6.60000000000E+01
   6.80000000000E+01   7.00000000000E+01   7.20000000000E+01   7.40000000000E+01
   7.60000000000E+01   7.80000000000E+01   8.00000000000E+01   8.50000000000E+01
   9.00000000000E+01   9.50000000000E+01   1.00000000000E+02   1.10000000000E+02
   1.20000000000E+02   1.30000000000E+02   1.40000000000E+02   1.50000000000E+02
   1.60000000000E+02   1.70000000000E+02   1.80000000000E+02   1.90000000000E+02
   2.00000000000E+02   0.00000000000E+00   1.05980300000E-05   2.93903800000E-05
   6.26741700000E-05   1.15339700000E-04   1.93182500000E-04   3.03234600000E-04
   4.54217500000E-04   6.57177100000E-04   9.26393800000E-04   1.28066900000E-03
   1.74506000000E-03   2.35294100000E-03   3.14747000000E-03   4.17919100000E-03
   5.49169400000E-03   7.08763900000E-03   8.90531200000E-03   1.09005000000E-02
   1.32069800000E-02   1.61470900000E-02   2.01273500000E-02   2.56433000000E-02
   3.34229700000E-02   4.46567700000E-02   6.08475700000E-02   8.04040700000E-02
   9.61181700000E-02   1.10767600000E-01   1.29241500000E-01   1.49031400000E-01
   1.64833500000E-01   1.71871000000E-01   1.68577500000E-01   1.57128500000E-01
   1.41394000000E-01   1.24709100000E-01   1.09049000000E-01   9.52443900000E-02
   8.34537000000E-02   6.50641200000E-02   5.20685700000E-02   4.27071600000E-02
   3.57807800000E-02   3.05173700000E-02   2.64201600000E-02   2.31638800000E-02
   2.05304200000E-02   1.83698700000E-02   1.65766000000E-02   1.38067800000E-02
   1.18150000000E-02   1.03615000000E-02   9.29319900000E-03   8.50614400000E-03
   7.92662300000E-03   7.50091400000E-03   7.18923900000E-03   6.96188500000E-03
   6.79656200000E-03   6.67650800000E-03   6.58910500000E-03   6.52485200000E-03
   6.47659600000E-03   6.43896100000E-03   6.40791200000E-03   6.38043700000E-03
   6.35429500000E-03   6.32784300000E-03   6.29988700000E-03   6.26958100000E-03
   6.23634600000E-03   6.19980900000E-03   6.15975500000E-03   6.11609100000E-03
   5.99131900000E-03   5.84587000000E-03   5.68295400000E-03   5.50653000000E-03
   5.13030800000E-03   4.75159200000E-03   4.40319500000E-03   4.11543500000E-03
   3.75817700000E-03   3.44968000000E-03   3.18110700000E-03   2.94558500000E-03
   2.73769200000E-03   2.55310000000E-03   0.00000000000E+00   1.00000000000E+00
   9.22849600000E-01   8.45700200000E-01   7.68550700000E-01   6.91401200000E-01
   6.14251700000E-01   5.37102200000E-01   5.70379400000E-01   5.97688700000E-01
   6.16339800000E-01   6.19279600000E-01   6.43043900000E-01   6.35913000000E-01
   5.88957800000E-01   4.97295800000E-01   4.58124000000E-01   3.96833400000E-01
   3.29942900000E-01   2.69501000000E-01   4.16220400000E-01   8.14988700000E-01
   2.09470300000E+00   4.17770400000E+00   9.26891100000E+00   1.01613700000E+01
   1.07714900000E+01   1.12581400000E+01   1.13223000000E+01   1.14970100000E+01
   1.17433100000E+01   1.20025400000E+01   1.20908900000E+01   1.21419300000E+01
   1.21773100000E+01   1.21529500000E+01   1.21469800000E+01   1.21364400000E+01
   1.21838500000E+01   1.22590800000E+01   1.25772300000E+01   1.33295200000E+01
   1.40804100000E+01   1.47475100000E+01   1.53262400000E+01   1.60889100000E+01
   1.67941400000E+01   1.75028300000E+01   1.82157200000E+01   1.89327600000E+01
   2.01446400000E+01   2.14073600000E+01   2.27052000000E+01   2.41318700000E+01
   2.55149100000E+01   2.68713300000E+01   2.81864800000E+01   2.94576700000E+01
   3.07336200000E+01   3.19189100000E+01   3.31634200000E+01   3.43746700000E+01
   3.55781800000E+01   3.67779000000E+01   3.79997900000E+01   3.91797600000E+01
   4.03696000000E+01   4.15355000000E+01   4.27275800000E+01   4.38354900000E+01
   4.49723200000E+01   4.61372400000E+01   4.72196500000E+01   4.83222300000E+01
   4.94319300000E+01   5.22751100000E+01   5.51159400000E+01   5.79066000000E+01
   6.04544700000E+01   6.59884200000E+01   7.13738800000E+01   7.70027400000E+01
   8.21411400000E+01   8.76129000000E+01   9.29015900000E+01   9.84823100000E+01
   1.04020800000E+02   1.16720700000E+02   1.23868000000E+02                   5
   0.00000000000E+00                   1                   1                  89
   0.00000000000E+00   1.05980300000E-05   2.93903800000E-05   6.26741700000E-05
   1.15339700000E-04   1.93182500000E-04   3.03234600000E-04   4.54217500000E-04
   6.57177100000E-04   9.26393800000E-04   1.28066900000E-03   1.74506000000E-03
   2.35294100000E-03   3.14747000000E-03   4.17919100000E-03   5.49169400000E-03
   7.08763900000E-03   8.90531200000E-03   1.09005000000E-02   1.32069800000E-02
   1.61470900000E-02   2.01273500000E-02   2.56433000000E-02   3.34229700000E-02
   4.46567700000E-02   6.08475700000E-02   8.04040700000E-02   9.61181700000E-02
   1.10767600000E-01   1.29241500000E-01   1.49031400000E-01   1.64833500000E-01
   1.71871000000E-01   1.68577500000E-01   1.57128500000E-01   1.41394000000E-01
   1.24709100000E-01   1.09049000000E-01   9.52443900000E-02   8.34537000000E-02
   6.50641200000E-02   5.20685700000E-02   4.27071600000E-02   3.57807800000E-02
   3.05173700000E-02   2.64201600000E-02   2.31638800000E-02   2.05304200000E-02
   1.83698700000E-02   1.65766000000E-02   1.38067800000E-02   1.18150000000E-02
   1.03615000000E-02   9.29319900000E-03   8.50614400000E-03   7.92662300000E-03
   7.50091400000E-03   7.18923900000E-03   6.96188500000E-03   6.79656200000E-03
   6.67650800000E-03   6.58910500000E-03   6.52485200000E-03   6.47659600000E-03
   6.43896100000E-03   6.40791200000E-03   6.38043700000E-03   6.35429500000E-03
   6.32784300000E-03   6.29988700000E-03   6.26958100000E-03   6.23634600000E-03
   6.19980900000E-03   6.15975500000E-03   6.11609100000E-03   5.99131900000E-03
   5.84587000000E-03   5.68295400000E-03   5.50653000000E-03   5.13030800000E-03
   4.75159200000E-03   4.40319500000E-03   4.11543500000E-03   3.75817700000E-03
   3.44968000000E-03   3.18110700000E-03   2.94558500000E-03   2.73769200000E-03
   2.55310000000E-03                   1                   1                 446
                 515                 584                 585                 586
                 587                 725                 726                 726
                 727                   2                   1               47155
               47246               47337               47338               47339
               47340               47510               47511               47511
               47512                   9                   1               61173
               61248               61323               61324               61325
               61326               61476               61477               61477
               61478                  31                   1              111614
              111671              111728              111729              111730
              111731              111847              111848              111848
              111849                  32                   1              151904
              151956              152008              152009              152010
              152011              152117              152118              152118
              152119                  33                   1              189931
              189987              190043              190044              190045
              190046              190160              190161              190161
              190162                  34                   1              230418
              230499              230580              230581              230582
              230583              230749              230750              230750
              230751                  23                  67   0.00000000000E+00
   2.09252100000E-03   2.10168900000E-02   3.83414600000E-02   5.12554200000E-02
   6.32727400000E-02   8.44400200000E-02   1.06215100000E-01   1.26879500000E-01
   1.43975600000E-01   1.53045400000E-01   1.52385300000E-01   1.43689000000E-01
   1.30590800000E-01   1.16139300000E-01   1.02161000000E-01   8.78813700000E-02
   7.64920400000E-02   5.89674600000E-02   5.07655900000E-02   4.37472500000E-02
   3.75893600000E-02   3.24330700000E-02   2.86485900000E-02   2.55999300000E-02
   2.30627000000E-02   2.10991600000E-02   1.93678300000E-02   1.66184100000E-02
   1.45482700000E-02   1.30900800000E-02   1.21145700000E-02   1.14860400000E-02
   1.10768800000E-02   1.08124300000E-02   1.06575300000E-02   1.05724400000E-02
   1.05606100000E-02   1.05966000000E-02   1.06825200000E-02   1.07888500000E-02
   1.09222400000E-02   1.10421600000E-02   1.11940700000E-02   1.13306300000E-02
   1.14742200000E-02   1.15936300000E-02   1.17473300000E-02   1.18635400000E-02
   1.19559200000E-02   1.20719700000E-02   1.21611400000E-02   1.22248400000E-02
   1.24255000000E-02   1.25217800000E-02   1.25355100000E-02   1.25381700000E-02
   1.23531700000E-02   1.20199100000E-02   1.16591500000E-02   1.14473500000E-02
   1.08583400000E-02   1.03393700000E-02   9.91004200000E-03   9.50726400000E-03
   9.12340800000E-03   9.56174800000E-03                  23                  67
   0.00000000000E+00   3.21490800000E-03   1.81667700000E-01   4.54108400000E-01
   6.72740500000E-01   9.14998200000E-01   1.03007700000E+00   1.07866500000E+00
   1.08444000000E+00   1.07875600000E+00   1.11798600000E+00   1.15341600000E+00
   1.18555800000E+00   1.21629600000E+00   1.41837900000E+00   1.61994200000E+00
   1.78567800000E+00   1.96277700000E+00   2.19552200000E+00   2.63596700000E+00
   3.06980700000E+00   3.45632000000E+00   3.81362000000E+00   4.21453500000E+00
   4.59077800000E+00   4.96646400000E+00   5.32226000000E+00   5.66251500000E+00
   6.36094600000E+00   7.02384000000E+00   7.73630800000E+00   8.42426600000E+00
   9.18349800000E+00   9.93376000000E+00   1.06903900000E+01   1.14509900000E+01
   1.21986300000E+01   1.29874200000E+01   1.37680600000E+01   1.45728200000E+01
   1.53819400000E+01   1.62041900000E+01   1.70026100000E+01   1.78232000000E+01
   1.86298000000E+01   1.94636100000E+01   2.02760800000E+01   2.11731400000E+01
   2.20265800000E+01   2.28641300000E+01   2.37784300000E+01   2.46739100000E+01
   2.55512900000E+01   2.77147900000E+01   2.98671900000E+01   3.20344900000E+01
   3.43864500000E+01   3.88296600000E+01   4.33843200000E+01   4.76554300000E+01
   5.24181500000E+01   5.68443500000E+01   6.14543000000E+01   6.58120800000E+01
   7.01919900000E+01   6.74319700000E+01   7.01162500000E+01                   5
                  -1                   1                   6                   5
                   0                  67   1.00000000000E+00   1.19232800000E+01
   1.25000000000E+01   1.30000000000E+01   1.35000000000E+01   1.40000000000E+01
   1.45000000000E+01   1.50000000000E+01   1.55000000000E+01   1.60000000000E+01
   1.65000000000E+01   1.70000000000E+01   1.75000000000E+01   1.80000000000E+01
   1.85000000000E+01   1.90000000000E+01   1.95000000000E+01   2.00000000000E+01
   2.10000000000E+01   2.20000000000E+01   2.30000000000E+01   2.40000000000E+01
   2.50000000000E+01   2.60000000000E+01   2.70000000000E+01   2.80000000000E+01
   2.90000000000E+01   3.00000000000E+01   3.20000000000E+01   3.40000000000E+01
   3.60000000000E+01   3.80000000000E+01   4.00000000000E+01   4.20000000000E+01
   4.40000000000E+01   4.60000000000E+01   4.80000000000E+01   5.00000000000E+01
   5.20000000000E+01   5.40000000000E+01   5.60000000000E+01   5.80000000000E+01
   6.00000000000E+01   6.20000000000E+01   6.40000000000E+01   6.60000000000E+01
   6.80000000000E+01   7.00000000000E+01   7.20000000000E+01   7.40000000000E+01
   7.60000000000E+01   7.80000000000E+01   8.00000000000E+01   8.50000000000E+01
   9.00000000000E+01   9.50000000000E+01   1.00000000000E+02   1.10000000000E+02
   1.20000000000E+02   1.30000000000E+02   1.40000000000E+02   1.50000000000E+02
   1.60000000000E+02   1.70000000000E+02   1.80000000000E+02   1.90000000000E+02
   2.00000000000E+02   0.00000000000E+00   0.00000000000E+00   4.70631700000E-01
   6.30123100000E-01   6.37473000000E-01   6.58280700000E-01   7.62317000000E-01
   8.21834300000E-01   8.51360900000E-01   8.73460800000E-01   8.90466700000E-01
   9.03948000000E-01   9.14468100000E-01   9.23595100000E-01   9.31281700000E-01
   9.36835700000E-01   9.22693400000E-01   9.16580600000E-01   9.06297700000E-01
   9.74975700000E-01   1.02435400000E+00   1.05054600000E+00   1.06277400000E+00
   1.08434600000E+00   1.10516600000E+00   1.12334300000E+00   1.14857400000E+00
   1.16838400000E+00   1.20364100000E+00   1.23133900000E+00   1.26333800000E+00
   1.30359500000E+00   1.35032300000E+00   1.39742700000E+00   1.44148200000E+00
   1.48242800000E+00   1.51861700000E+00   1.55381600000E+00   1.58714700000E+00
   1.62124000000E+00   1.65350100000E+00   1.68641700000E+00   1.71489800000E+00
   1.74691400000E+00   1.77583900000E+00   1.80574200000E+00   1.83216100000E+00
   1.86468900000E+00   1.89223800000E+00   1.91713500000E+00   1.94715200000E+00
   1.97429000000E+00   1.99880000000E+00   2.07391700000E+00   2.14198700000E+00
   2.20580900000E+00   2.27696400000E+00   2.40788100000E+00   2.52966000000E+00
   2.64788400000E+00   2.78156500000E+00   2.88925700000E+00   2.99719700000E+00
   3.11528100000E+00   3.22763200000E+00   3.33251800000E+00   3.74515200000E+00
                   0                   1                   0                   4
                  10                   0                   2   1.00000000000E+00
   2.00000000000E+02   1.00000000000E+00   1.00000000000E+00                   0
                  29   1.00000000000E+00   1.19232800000E+01   1.40000000000E+01
   1.60000000000E+01   1.80000000000E+01   2.00000000000E+01   2.20000000000E+01
   2.40000000000E+01   2.60000000000E+01   2.80000000000E+01   3.00000000000E+01
   3.20000000000E+01   3.60000000000E+01   4.00000000000E+01   4.40000000000E+01
   4.80000000000E+01   5.00000000000E+01   5.20000000000E+01   5.60000000000E+01
   6.00000000000E+01   7.00000000000E+01   8.00000000000E+01   9.00000000000E+01
   1.00000000000E+02   1.20000000000E+02   1.40000000000E+02   1.60000000000E+02
   1.80000000000E+02   2.00000000000E+02                  70                  81
                  92                 163                 285                 446
                1267                2192                3195                4276
                5422                6620                7870                9198
               10591               12258               13985               15727
               17499               19301               21133               23277
               25489               27999               30547               33426
               36625               39870               43138                   2
                   3   0.00000000000E+00   5.00000000000E-07   1.00000000000E-06
   0.00000000000E+00   2.00000000000E+06   0.00000000000E+00   0.00000000000E+00
   5.00000000000E-01   1.00000000000E+00                   2                   3
   0.00000000000E+00   5.00000000000E-07   1.00000000000E-06   0.00000000000E+00
   2.00000000000E+06   0.00000000000E+00   0.00000000000E+00   5.00000000000E-01
   1.00000000000E+00                   2                  23   0.00000000000E+00
   2.50000000000E-02   1.00000000000E-01   2.00000000000E-01   3.00000000000E-01
   4.00000000000E-01   5.00000000000E-01   6.00000000000E-01   7.00000000000E-01
   8.00000000000E-01   9.00000000000E-01   1.00000000000E+00   1.10000000000E+00
   1.20000000000E+00   1.30000000000E+00   1.40000000000E+00   1.50000000000E+00
   1.60000000000E+00   1.70000000000E+00   1.80000000000E+00   1.90000000000E+00
   2.00000000000E+00   2.10000000000E+00   0.00000000000E+00   1.26945300000E-01
   4.90744100000E-01   4.65145000000E-01   1.15404400000E-02   6.88158500000E-03
   2.33893100000E-02   2.06025000000E-02   9.39356500000E-02   4.23828200000E-02
   3.41856800000E-03   2.77453300000E-01   3.64776600000E-01   1.44085700000E-02
   1.86359800000E+00   2.71642600000E+00   7.25168400000E-03   6.96941800000E-01
   9.55252100000E-06   1.45103500000E+00   1.04084000000E-06   7.09324600000E-01
   1.47720700000E+00   0.00000000000E+00   1.58681640000E-03   2.47501711000E-02
   7.25446307000E-02   9.63789049000E-02   9.73000062000E-02   9.88135511000E-02
   1.01013142000E-01   1.06740049000E-01   1.13555973000E-01   1.15846043000E-01
   1.29889637000E-01   1.62001135000E-01   1.80960396000E-01   2.74860733000E-01
   5.03861955000E-01   6.40045852000E-01   6.75255525000E-01   7.10103091000E-01
   7.82655325000E-01   8.55207134000E-01   8.90673415000E-01   1.00000000000E+00
                   2                  40   0.00000000000E+00   2.66666700000E-02
   1.06666700000E-01   2.13333300000E-01   3.20000000000E-01   4.26666700000E-01
   5.33333300000E-01   6.40000000000E-01   7.46666700000E-01   8.53333300000E-01
   9.60000000000E-01   1.06666700000E+00   1.17333300000E+00   1.28000000000E+00
   1.38666700000E+00   1.49333300000E+00   1.60000000000E+00   1.70666700000E+00
   1.81333300000E+00   1.92000000000E+00   2.02666700000E+00   2.13333300000E+00
   2.24000000000E+00   2.34666700000E+00   2.45333300000E+00   2.56000000000E+00
   2.66666700000E+00   2.77333300000E+00   2.88000000000E+00   2.98666700000E+00
   3.09333300000E+00   3.20000000000E+00   3.30666700000E+00   3.41333300000E+00
   3.52000000000E+00   3.62666700000E+00   3.73333300000E+00   3.84000000000E+00
   3.94666700000E+00   4.05333300000E+00   0.00000000000E+00   5.60357700000E-02
   2.21395400000E-01   4.12404900000E-01   5.42105600000E-01   6.10539700000E-01
   6.32351200000E-01   6.24228400000E-01   5.98580000000E-01   5.63718400000E-01
   5.24890400000E-01   4.85254700000E-01   4.46627400000E-01   4.09959100000E-01
   3.75653500000E-01   3.43806100000E-01   3.14345300000E-01   2.87109400000E-01
   2.61901400000E-01   2.38532700000E-01   2.16844000000E-01   9.86302900000E-02
   4.11376000000E-04   5.42047300000E-02   9.27777200000E-02   2.60363800000E-03
   1.78888700000E-01   6.63557000000E-05   3.89180400000E-02   7.10448000000E-02
   7.11197500000E-02   1.21689200000E-02   2.65914500000E-01   1.34350300000E-01
   3.73700000000E-03   9.84899400000E-02   1.98613000000E-07   6.04010700000E-02
   6.01089000000E-09   1.61366600000E-01   0.00000000000E+00   7.47143699000E-04
   1.18443948000E-02   4.56470566000E-02   9.65542996000E-02   1.58028735000E-01
   2.24316209000E-01   2.91333809000E-01   3.56550278000E-01   4.18539488000E-01
   4.76598642000E-01   5.30473217000E-01   5.80173285000E-01   6.25858042000E-01
   6.67757511000E-01   7.06128451000E-01   7.41229969000E-01   7.73307653000E-01
   8.02588046000E-01   8.29277949000E-01   8.53564782000E-01   8.70389973000E-01
   8.75672211000E-01   8.78585079000E-01   8.86424094000E-01   8.91511116000E-01
   9.01190738000E-01   9.10734948000E-01   9.12814122000E-01   9.18678825000E-01
   9.26260887000E-01   9.30702964000E-01   9.45534126000E-01   9.66881449000E-01
   9.74246128000E-01   9.79698248000E-01   9.84951023000E-01   9.88172434000E-01
   9.91393835000E-01   1.00000000000E+00                   2                  53
   0.00000000000E+00   3.00000000000E-02   1.20000000000E-01   2.40000000000E-01
   3.60000000000E-01   4.80000000000E-01   6.00000000000E-01   7.20000000000E-01
   8.40000000000E-01   9.60000000000E-01   1.08000000000E+00   1.20000000000E+00
   1.32000000000E+00   1.44000000000E+00   1.56000000000E+00   1.68000000000E+00
   1.80000000000E+00   1.92000000000E+00   2.04000000000E+00   2.16000000000E+00
   2.28000000000E+00   2.40000000000E+00   2.52000000000E+00   2.64000000000E+00
   2.76000000000E+00   2.88000000000E+00   3.00000000000E+00   3.12000000000E+00
   3.24000000000E+00   3.36000000000E+00   3.48000000000E+00   3.60000000000E+00
   3.72000000000E+00   3.84000000000E+00   3.96000000000E+00   4.08000000000E+00
   4.20000000000E+00   4.32000000000E+00   4.44000000000E+00   4.56000000000E+00
   4.68000000000E+00   4.80000000000E+00   4.92000000000E+00   5.04000000000E+00
   5.16000000000E+00   5.28000000000E+00   5.40000000000E+00   5.52000000000E+00
   5.64000000000E+00   5.76000000000E+00   5.88000000000E+00   6.00000000000E+00
   6.12000000000E+00   0.00000000000E+00   6.02393900000E-02   2.29854500000E-01
   4.21161800000E-01   5.37998700000E-01   5.87131500000E-01   5.91573600000E-01
   5.70041800000E-01   5.35153500000E-01   4.94766400000E-01   4.53349600000E-01
   4.13271100000E-01   3.75635800000E-01   3.40833800000E-01   3.08873300000E-01
   2.79563400000E-01   2.52644100000E-01   2.27866200000E-01   2.05017900000E-01
   1.83936900000E-01   1.64506500000E-01   1.46642200000E-01   1.30277700000E-01
   1.15353500000E-01   1.01809600000E-01   8.95808400000E-02   7.85953900000E-02
   6.87750700000E-02   6.00369500000E-02   5.22952700000E-02   4.54635100000E-02
   3.94563300000E-02   3.41912500000E-02   2.95897900000E-02   2.55784800000E-02
   2.20893700000E-02   9.53870700000E-03   6.63327000000E-03   7.01318700000E-03
   4.48809100000E-03   1.77984100000E-02   3.88347800000E-03   4.96801400000E-03
   3.22649400000E-03   7.69834700000E-03   1.65065600000E-02   1.76319300000E-02
   9.88786000000E-04   6.85891300000E-03   4.21668500000E-03   2.48169000000E-09
   4.09515000000E-03   6.96761600000E-03   0.00000000000E+00   9.03590847000E-04
   1.39578158000E-02   5.30187937000E-02   1.10568423000E-01   1.78076235000E-01
   2.48798541000E-01   3.18495465000E-01   3.84807182000E-01   4.46602376000E-01
   5.03489336000E-01   5.55486578000E-01   6.02820992000E-01   6.45809167000E-01
   6.84791593000E-01   7.20097795000E-01   7.52030245000E-01   7.80860863000E-01
   8.06833909000E-01   8.30171197000E-01   8.51077801000E-01   8.69746723000E-01
   8.86361917000E-01   9.01099788000E-01   9.14129574000E-01   9.25613001000E-01
   9.35703575000E-01   9.44545802000E-01   9.52274523000E-01   9.59014456000E-01
   9.64879983000E-01   9.69975174000E-01   9.74394028000E-01   9.78220891000E-01
   9.81530987000E-01   9.84391058000E-01   9.86288743000E-01   9.87259061000E-01
   9.88077849000E-01   9.88767925000E-01   9.90105115000E-01   9.91406029000E-01
   9.91937118000E-01   9.92428789000E-01   9.93084279000E-01   9.94536573000E-01
   9.96584883000E-01   9.97702126000E-01   9.98172988000E-01   9.98837524000E-01
   9.99090525000E-01   9.99336234000E-01   1.00000000000E+00                   2
                  63   0.00000000000E+00   3.33333200000E-02   1.33333300000E-01
   2.66666700000E-01   4.00000000000E-01   5.33333300000E-01   6.66666700000E-01
   8.00000000000E-01   9.33333300000E-01   1.06666700000E+00   1.20000000000E+00
   1.33333300000E+00   1.46666700000E+00   1.60000000000E+00   1.73333300000E+00
   1.86666700000E+00   2.00000000000E+00   2.13333300000E+00   2.26666700000E+00
   2.40000000000E+00   2.53333300000E+00   2.66666700000E+00   2.80000000000E+00
   2.93333300000E+00   3.06666700000E+00   3.20000000000E+00   3.33333300000E+00
   3.46666700000E+00   3.60000000000E+00   3.73333300000E+00   3.86666700000E+00
   4.00000000000E+00   4.13333300000E+00   4.26666700000E+00   4.40000000000E+00
   4.53333300000E+00   4.66666700000E+00   4.80000000000E+00   4.93333300000E+00
   5.06666700000E+00   5.20000000000E+00   5.33333300000E+00   5.46666700000E+00
   5.60000000000E+00   5.73333300000E+00   5.86666700000E+00   6.00000000000E+00
   6.13333300000E+00   6.26666700000E+00   6.40000000000E+00   6.53333300000E+00
   6.66666700000E+00   6.80000000000E+00   6.93333300000E+00   7.06666700000E+00
   7.20000000000E+00   7.33333300000E+00   7.46666700000E+00   7.60000000000E+00
   7.73333300000E+00   7.86666700000E+00   8.00000000000E+00   8.13333300000E+00
   0.00000000000E+00   3.20353100000E-02   1.27606100000E-01   2.38858900000E-01
   3.09331500000E-01   3.43474500000E-01   3.53410300000E-01   3.49312800000E-01
   3.37908400000E-01   3.23280800000E-01   3.07743700000E-01   2.92496700000E-01
   2.78056100000E-01   2.64544000000E-01   2.51871600000E-01   2.39860600000E-01
   2.28328000000E-01   2.17133400000E-01   2.06195500000E-01   1.95424600000E-01
   1.85013600000E-01   1.75028800000E-01   1.65464700000E-01   1.56323800000E-01
   1.47610900000E-01   1.39327400000E-01   1.31470300000E-01   1.24031200000E-01
   1.16995800000E-01   1.10345500000E-01   1.04057600000E-01   9.81063300000E-02
   9.24639500000E-02   8.71011600000E-02   8.19880400000E-02   7.70945400000E-02
   7.23908500000E-02   6.78477900000E-02   6.34369500000E-02   5.91309300000E-02
   5.49033300000E-02   5.07288700000E-02   4.65833900000E-02   4.24437400000E-02
   3.82878600000E-02   3.40946700000E-02   2.98439700000E-02   2.50295500000E-02
   2.63247900000E-02   1.81799000000E-07   1.85748600000E-02   8.55042200000E-03
   1.22203500000E-03   4.79257000000E-04   3.67457000000E-04   3.45651000000E-04
   1.04449800000E-03   3.04451000000E-04   2.56610000000E-04   3.19865000000E-10
   1.63313000000E-04   1.86331000000E-04   2.60546000000E-04   0.00000000000E+00
   5.33921610000E-04   8.51599036000E-03   3.29470021000E-02   6.94930190000E-02
   1.13013407000E-01   1.59472416000E-01   2.06320610000E-01   2.52135345000E-01
   2.96214745000E-01   3.38282939000E-01   3.78298865000E-01   4.16335908000E-01
   4.52509157000E-01   4.86936777000E-01   5.19719087000E-01   5.50931581000E-01
   5.80628933000E-01   6.08851001000E-01   6.35625606000E-01   6.60988089000E-01
   6.84991035000E-01   7.07690545000E-01   7.29143058000E-01   7.49405472000E-01
   7.68534644000E-01   7.86587778000E-01   8.03621296000E-01   8.19689723000E-01
   8.34845771000E-01   8.49139382000E-01   8.62616944000E-01   8.75321597000E-01
   8.87292664000E-01   8.98565249000E-01   9.09170727000E-01   9.19136470000E-01
   9.28485689000E-01   9.37237983000E-01   9.45409216000E-01   9.53011480000E-01
   9.60053609000E-01   9.66541126000E-01   9.72476253000E-01   9.77858346000E-01
   9.82683872000E-01   9.86946437000E-01   9.90604663000E-01   9.94028302000E-01
   9.95783296000E-01   9.97021629000E-01   9.98829990000E-01   9.99481486000E-01
   9.99594905000E-01   9.99651353000E-01   9.99698893000E-01   9.99791569000E-01
   9.99881500000E-01   9.99918904000E-01   9.99936011000E-01   9.99946899000E-01
   9.99970208000E-01   1.00000000000E+00                   0                   0
                   0                   0                   0                   0
                   0                   0                   0                   0
                   0                   0                   0                   0
                   0                   0                   0                   0
                   0                   0                   0                   0
                   0                   0                   0                   0
                   0                   0                   0                   0
                   0                   0                   0                   0
                   0                   0                   0                   0
                   0                   0                   0                   0
                   0                   0                   0                   0
                   0                   0                   0                   0
                   0                   0                   0                   0
                   0                   0                   0                   0
                   0                   0                   0                   0
                   0                   0                   0                   0
                   0                   0                   0                   0
                   0                   0                   0                   0
                   0                   0                   0                   0
                   0                   0                   0                   0
                   0                   0                   0                   0
                   0                   0                   0                   0
                   0                   0                   0                   0
                   0                   0                   0                   0
                   0                   0                   0                   0
                   0                   0                   0                   0
                   0                   0                   0                   0
                   0                   0                   0                   0
                   0                   0                   0                   0
                   0                   0                   0                   0
                   0                   0
