 38087.00u   86.162290  0.0000E+00   05/27/20
Ace Sr87 IAEA-PD                                                         mat3834
      0         0.      0         0.      0         0.      0         0.
      0         0.      0         0.      0         0.      0         0.
      0         0.      0         0.      0         0.      0         0.
      0         0.      0         0.      0         0.      0         0.
   299621    38087       89        1        7        2       12        0
        0        0        0        0        0        0        0        1
        1       90       90        0      179      268      269      270
      271      362      446        0        0        0        0        0
        0        0        0        0        0        0        0        0
        0        0        0        0        0        0        0        0
   9.99999000000E-01   1.00000000000E+00   1.50000000000E+00   2.00000000000E+00
   2.50000000000E+00   3.00000000000E+00   3.50000000000E+00   4.00000000000E+00
   4.50000000000E+00   5.00000000000E+00   5.50000000000E+00   6.00000000000E+00
   6.50000000000E+00   7.00000000000E+00   7.50000000000E+00   8.00000000000E+00
   8.50000000000E+00   9.00000000000E+00   9.50000000000E+00   1.00000000000E+01
   1.05000000000E+01   1.10000000000E+01   1.15000000000E+01   1.20000000000E+01
   1.25000000000E+01   1.30000000000E+01   1.35000000000E+01   1.40000000000E+01
   1.45000000000E+01   1.50000000000E+01   1.55000000000E+01   1.60000000000E+01
   1.65000000000E+01   1.70000000000E+01   1.75000000000E+01   1.80000000000E+01
   1.85000000000E+01   1.90000000000E+01   1.95000000000E+01   2.00000000000E+01
   2.10000000000E+01   2.20000000000E+01   2.30000000000E+01   2.40000000000E+01
   2.50000000000E+01   2.60000000000E+01   2.70000000000E+01   2.80000000000E+01
   2.90000000000E+01   3.00000000000E+01   3.20000000000E+01   3.40000000000E+01
   3.60000000000E+01   3.80000000000E+01   4.00000000000E+01   4.20000000000E+01
   4.40000000000E+01   4.60000000000E+01   4.80000000000E+01   5.00000000000E+01
   5.20000000000E+01   5.40000000000E+01   5.60000000000E+01   5.80000000000E+01
   6.00000000000E+01   6.20000000000E+01   6.40000000000E+01   6.60000000000E+01
   6.80000000000E+01   7.00000000000E+01   7.20000000000E+01   7.40000000000E+01
   7.60000000000E+01   7.80000000000E+01   8.00000000000E+01   8.50000000000E+01
   9.00000000000E+01   9.50000000000E+01   1.00000000000E+02   1.10000000000E+02
   1.20000000000E+02   1.30000000000E+02   1.40000000000E+02   1.50000000000E+02
   1.60000000000E+02   1.70000000000E+02   1.80000000000E+02   1.90000000000E+02
   2.00000000000E+02   0.00000000000E+00   8.35351400000E-06   2.31614300000E-05
   4.93684700000E-05   9.07898000000E-05   1.51923100000E-04   2.38197200000E-04
   3.56310200000E-04   5.14707600000E-04   7.24267300000E-04   9.99264800000E-04
   1.35864500000E-03   1.82742400000E-03   2.43733400000E-03   3.22375700000E-03
   4.21253900000E-03   5.39370600000E-03   6.71424000000E-03   8.15459200000E-03
   9.82748500000E-03   1.19479900000E-02   1.47522800000E-02   1.84902100000E-02
   2.34652200000E-02   3.00766800000E-02   3.88547600000E-02   5.04881300000E-02
   6.58289200000E-02   8.57820400000E-02   1.10828500000E-01   1.39883300000E-01
   1.68754600000E-01   1.90054400000E-01   1.96984800000E-01   1.88633400000E-01
   1.70160800000E-01   1.48085100000E-01   1.26789600000E-01   1.08183500000E-01
   9.26617300000E-02   6.94703900000E-02   5.39541800000E-02   4.32811100000E-02
   3.56755200000E-02   3.00703500000E-02   2.58158200000E-02   2.25048000000E-02
   1.98739300000E-02   1.77474700000E-02   1.60046900000E-02   1.33527300000E-02
   1.14756500000E-02   1.01217300000E-02   9.13550900000E-03   8.41435300000E-03
   7.88707900000E-03   7.50261400000E-03   7.22351900000E-03   7.02200300000E-03
   6.87728700000E-03   6.77376900000E-03   6.69971500000E-03   6.64629300000E-03
   6.60685900000E-03   6.57642100000E-03   6.55124300000E-03   6.52853900000E-03
   6.50625100000E-03   6.48287600000E-03   6.45733300000E-03   6.42886800000E-03
   6.39697900000E-03   6.36135400000E-03   6.32183000000E-03   6.27835900000E-03
   6.15283600000E-03   6.00523500000E-03   5.83912900000E-03   5.65875500000E-03
   5.27325800000E-03   4.88463300000E-03   4.52687800000E-03   4.23130300000E-03
   3.86413500000E-03   3.54704500000E-03   3.27096700000E-03   3.02884700000E-03
   2.81512000000E-03   2.62534000000E-03   0.00000000000E+00   1.00000000000E+00
   1.00728600000E+00   1.01457200000E+00   1.02185900000E+00   1.02914500000E+00
   1.03643200000E+00   5.89459800000E-01   5.05875800000E-01   4.23126400000E-01
   3.88192800000E-01   4.03535200000E-01   3.44658300000E-01   2.93877100000E-01
   2.41849900000E-01   1.82707300000E-01   3.45580500000E-01   1.26480900000E+00
   2.16096000000E+00   3.22322100000E+00   5.67809200000E+00   6.60469500000E+00
   7.29859600000E+00   8.16781700000E+00   7.99578500000E+00   8.06727500000E+00
   8.16903800000E+00   8.27894800000E+00   8.29458300000E+00   8.32451400000E+00
   8.36266600000E+00   8.41535900000E+00   8.44435000000E+00   8.47278200000E+00
   8.50160400000E+00   8.52879100000E+00   8.58257600000E+00   8.61279200000E+00
   8.65845200000E+00   8.69416900000E+00   1.05781100000E+01   1.23605500000E+01
   1.36350700000E+01   1.47139000000E+01   1.54526000000E+01   1.61279900000E+01
   1.67003900000E+01   1.72508900000E+01   1.77575300000E+01   1.82739800000E+01
   1.93777900000E+01   2.07500700000E+01   2.20276100000E+01   2.33081200000E+01
   2.45793700000E+01   2.57421800000E+01   2.69129900000E+01   2.81661500000E+01
   2.94026400000E+01   3.06662400000E+01   3.18964800000E+01   3.30930800000E+01
   3.43037200000E+01   3.55030200000E+01   3.66983500000E+01   3.78499900000E+01
   3.90467700000E+01   4.01434000000E+01   4.12884600000E+01   4.24455000000E+01
   4.36065000000E+01   4.47334800000E+01   4.58478400000E+01   4.70063600000E+01
   4.81344600000E+01   5.09737900000E+01   5.36997300000E+01   5.64604300000E+01
   5.91537600000E+01   6.47708100000E+01   7.00822600000E+01   7.54426700000E+01
   8.07972800000E+01   8.62579600000E+01   9.18517300000E+01   9.75990700000E+01
   1.03036100000E+02   1.15182900000E+02   1.21843600000E+02                   5
   0.00000000000E+00                   1                   1                  89
   0.00000000000E+00   8.35351400000E-06   2.31614300000E-05   4.93684700000E-05
   9.07898000000E-05   1.51923100000E-04   2.38197200000E-04   3.56310200000E-04
   5.14707600000E-04   7.24267300000E-04   9.99264800000E-04   1.35864500000E-03
   1.82742400000E-03   2.43733400000E-03   3.22375700000E-03   4.21253900000E-03
   5.39370600000E-03   6.71424000000E-03   8.15459200000E-03   9.82748500000E-03
   1.19479900000E-02   1.47522800000E-02   1.84902100000E-02   2.34652200000E-02
   3.00766800000E-02   3.88547600000E-02   5.04881300000E-02   6.58289200000E-02
   8.57820400000E-02   1.10828500000E-01   1.39883300000E-01   1.68754600000E-01
   1.90054400000E-01   1.96984800000E-01   1.88633400000E-01   1.70160800000E-01
   1.48085100000E-01   1.26789600000E-01   1.08183500000E-01   9.26617300000E-02
   6.94703900000E-02   5.39541800000E-02   4.32811100000E-02   3.56755200000E-02
   3.00703500000E-02   2.58158200000E-02   2.25048000000E-02   1.98739300000E-02
   1.77474700000E-02   1.60046900000E-02   1.33527300000E-02   1.14756500000E-02
   1.01217300000E-02   9.13550900000E-03   8.41435300000E-03   7.88707900000E-03
   7.50261400000E-03   7.22351900000E-03   7.02200300000E-03   6.87728700000E-03
   6.77376900000E-03   6.69971500000E-03   6.64629300000E-03   6.60685900000E-03
   6.57642100000E-03   6.55124300000E-03   6.52853900000E-03   6.50625100000E-03
   6.48287600000E-03   6.45733300000E-03   6.42886800000E-03   6.39697900000E-03
   6.36135400000E-03   6.32183000000E-03   6.27835900000E-03   6.15283600000E-03
   6.00523500000E-03   5.83912900000E-03   5.65875500000E-03   5.27325800000E-03
   4.88463300000E-03   4.52687800000E-03   4.23130300000E-03   3.86413500000E-03
   3.54704500000E-03   3.27096700000E-03   3.02884700000E-03   2.81512000000E-03
   2.62534000000E-03                   1                   1                 446
                 522                 598                 599                 600
                 601                 753                 754                 754
                 755                   2                   1               53650
               53741               53832               53833               53834
               53835               54007               54008               54008
               54009                   9                   1               67658
               67732               67806               67807               67808
               67809               67957               67958               67958
               67959                  31                   1              119989
              120050              120111              120112              120113
              120114              120236              120237              120237
              120238                  32                   1              163450
              163502              163554              163555              163556
              163557              163663              163664              163664
              163665                  33                   1              201535
              201592              201649              201650              201651
              201652              201768              201769              201769
              201770                  34                   1              243122
              243199              243276              243277              243278
              243279              243435              243436              243436
              243437                  16                  74   0.00000000000E+00
   5.94833000000E-05   5.90366800000E-04   1.38536200000E-03   3.67804700000E-03
   7.48079500000E-03   1.33616100000E-02   1.77348400000E-02   2.27594700000E-02
   2.93094300000E-02   3.79842600000E-02   4.94941100000E-02   6.46842800000E-02
   8.44603900000E-02   1.09294200000E-01   1.38064100000E-01   1.66592200000E-01
   1.87514100000E-01   1.94057100000E-01   1.85384800000E-01   1.66691800000E-01
   1.44519200000E-01   1.23195300000E-01   1.04597100000E-01   8.91062700000E-02
   7.57712200000E-02   6.62836800000E-02   5.71083900000E-02   4.91301900000E-02
   4.24869700000E-02   3.70957600000E-02   3.27770700000E-02   2.92253300000E-02
   2.63005100000E-02   2.39668600000E-02   2.05003300000E-02   1.83452000000E-02
   1.68386500000E-02   1.57644700000E-02   1.49887100000E-02   1.44193200000E-02
   1.40664500000E-02   1.38730100000E-02   1.38350400000E-02   1.38963300000E-02
   1.40167400000E-02   1.42019300000E-02   1.43921400000E-02   1.46046900000E-02
   1.48058600000E-02   1.50601200000E-02   1.52645700000E-02   1.54991900000E-02
   1.57040600000E-02   1.58789700000E-02   1.60593700000E-02   1.62508900000E-02
   1.64206100000E-02   1.65358500000E-02   1.66553800000E-02   1.68420500000E-02
   1.69800700000E-02   1.70365300000E-02   1.70083900000E-02   1.66943300000E-02
   1.63076400000E-02   1.58040000000E-02   1.53708100000E-02   1.47016200000E-02
   1.40297800000E-02   1.33741900000E-02   1.28204500000E-02   1.23354900000E-02
   1.29108300000E-02                  16                  74   0.00000000000E+00
   2.94354700000E-04   1.87110600000E-02   6.77698700000E-02   2.18950600000E-01
   4.36455400000E-01   7.32875800000E-01   8.83585400000E-01   1.00220800000E+00
   1.09825600000E+00   1.19337800000E+00   1.28856800000E+00   1.38368200000E+00
   1.42660700000E+00   1.46907000000E+00   1.51055200000E+00   1.55108500000E+00
   1.64313800000E+00   1.73342500000E+00   1.82183100000E+00   1.90822300000E+00
   2.03882000000E+00   2.16709100000E+00   2.29289000000E+00   2.41628700000E+00
   2.79625500000E+00   3.21228000000E+00   3.68672300000E+00   4.09479200000E+00
   4.50469900000E+00   4.88996200000E+00   5.25535900000E+00   5.60809200000E+00
   5.94589000000E+00   6.30575700000E+00   7.04998100000E+00   7.77540400000E+00
   8.54381200000E+00   9.29742400000E+00   1.00467100000E+01   1.07896100000E+01
   1.15555500000E+01   1.22976500000E+01   1.30885400000E+01   1.38845300000E+01
   1.46717000000E+01   1.54852900000E+01   1.62840700000E+01   1.71192100000E+01
   1.79405200000E+01   1.88035400000E+01   1.96181700000E+01   2.04903100000E+01
   2.13468600000E+01   2.21885800000E+01   2.30342500000E+01   2.39277500000E+01
   2.48237400000E+01   2.56717500000E+01   2.65612100000E+01   2.86980700000E+01
   3.09782100000E+01   3.32029200000E+01   3.54795600000E+01   3.97696300000E+01
   4.44695700000E+01   4.89415100000E+01   5.34634200000E+01   5.79588800000E+01
   6.22967100000E+01   6.64582700000E+01   7.09321000000E+01   6.86962700000E+01
   7.17846200000E+01                   5                  -1                   1
                   6                   5                   0                  74
   1.00000000000E+00   8.42829400000E+00   9.00000000000E+00   9.50000000000E+00
   1.00000000000E+01   1.05000000000E+01   1.10000000000E+01   1.15000000000E+01
   1.20000000000E+01   1.25000000000E+01   1.30000000000E+01   1.35000000000E+01
   1.40000000000E+01   1.45000000000E+01   1.50000000000E+01   1.55000000000E+01
   1.60000000000E+01   1.65000000000E+01   1.70000000000E+01   1.75000000000E+01
   1.80000000000E+01   1.85000000000E+01   1.90000000000E+01   1.95000000000E+01
   2.00000000000E+01   2.10000000000E+01   2.20000000000E+01   2.30000000000E+01
   2.40000000000E+01   2.50000000000E+01   2.60000000000E+01   2.70000000000E+01
   2.80000000000E+01   2.90000000000E+01   3.00000000000E+01   3.20000000000E+01
   3.40000000000E+01   3.60000000000E+01   3.80000000000E+01   4.00000000000E+01
   4.20000000000E+01   4.40000000000E+01   4.60000000000E+01   4.80000000000E+01
   5.00000000000E+01   5.20000000000E+01   5.40000000000E+01   5.60000000000E+01
   5.80000000000E+01   6.00000000000E+01   6.20000000000E+01   6.40000000000E+01
   6.60000000000E+01   6.80000000000E+01   7.00000000000E+01   7.20000000000E+01
   7.40000000000E+01   7.60000000000E+01   7.80000000000E+01   8.00000000000E+01
   8.50000000000E+01   9.00000000000E+01   9.50000000000E+01   1.00000000000E+02
   1.10000000000E+02   1.20000000000E+02   1.30000000000E+02   1.40000000000E+02
   1.50000000000E+02   1.60000000000E+02   1.70000000000E+02   1.80000000000E+02
   1.90000000000E+02   2.00000000000E+02   0.00000000000E+00   0.00000000000E+00
   8.79275700000E-02   1.69887300000E-01   3.74261300000E-01   6.26113300000E-01
   9.05731900000E-01   9.59147600000E-01   9.69923600000E-01   9.74490200000E-01
   9.77596100000E-01   9.80311800000E-01   9.82611900000E-01   9.84592900000E-01
   9.86156100000E-01   9.86994900000E-01   9.87186100000E-01   9.86633800000E-01
   9.85137400000E-01   9.82778200000E-01   9.79613400000E-01   9.75919900000E-01
   9.71651500000E-01   9.66848900000E-01   9.61629700000E-01   1.09069800000E+00
   1.22851800000E+00   1.31947600000E+00   1.37714000000E+00   1.41291900000E+00
   1.43693900000E+00   1.45644800000E+00   1.47053600000E+00   1.48193000000E+00
   1.49749000000E+00   1.53529100000E+00   1.59862000000E+00   1.66361400000E+00
   1.72562600000E+00   1.78132700000E+00   1.82822100000E+00   1.87487300000E+00
   1.92053300000E+00   1.97024100000E+00   2.02061200000E+00   2.06926700000E+00
   2.11978100000E+00   2.16543900000E+00   2.21053500000E+00   2.25135500000E+00
   2.29881900000E+00   2.33813000000E+00   2.38220000000E+00   2.42239100000E+00
   2.45906000000E+00   2.49800900000E+00   2.54040100000E+00   2.58130700000E+00
   2.61567500000E+00   2.65282400000E+00   2.73728200000E+00   2.82754500000E+00
   2.91764900000E+00   3.00567700000E+00   3.16584700000E+00   3.33856000000E+00
   3.49114800000E+00   3.63264200000E+00   3.80463400000E+00   3.95534300000E+00
   4.08875700000E+00   4.23278200000E+00   4.38187000000E+00   4.91777400000E+00
                   0                   1                   0                   4
                  10                   0                   2   1.00000000000E+00
   2.00000000000E+02   1.00000000000E+00   1.00000000000E+00                   0
                  31   1.00000000000E+00   8.42829400000E+00   1.00000000000E+01
   1.20000000000E+01   1.40000000000E+01   1.60000000000E+01   1.80000000000E+01
   2.00000000000E+01   2.20000000000E+01   2.40000000000E+01   2.60000000000E+01
   2.80000000000E+01   3.00000000000E+01   3.20000000000E+01   3.60000000000E+01
   4.00000000000E+01   4.40000000000E+01   4.80000000000E+01   5.00000000000E+01
   5.20000000000E+01   5.60000000000E+01   6.00000000000E+01   7.00000000000E+01
   8.00000000000E+01   9.00000000000E+01   1.00000000000E+02   1.20000000000E+02
   1.40000000000E+02   1.60000000000E+02   1.80000000000E+02   2.00000000000E+02
                  74                  85                  96                 149
                 493                1133                1938                2842
                3823                5060                6349                7690
                9083               10515               11973               13496
               15298               17145               19037               20944
               22866               24803               26770               29050
               31364               33988               36631               39594
               42885               46199               49536                   2
                   3   0.00000000000E+00   5.00000000000E-07   1.00000000000E-06
   0.00000000000E+00   2.00000000000E+06   0.00000000000E+00   0.00000000000E+00
   5.00000000000E-01   1.00000000000E+00                   2                   3
   0.00000000000E+00   5.00000000000E-07   1.00000000000E-06   0.00000000000E+00
   2.00000000000E+06   0.00000000000E+00   0.00000000000E+00   5.00000000000E-01
   1.00000000000E+00                   2                  17   0.00000000000E+00
   1.00000000000E-01   2.00000000000E-01   3.00000000000E-01   4.00000000000E-01
   5.00000000000E-01   6.00000000000E-01   7.00000000000E-01   8.00000000000E-01
   9.00000000000E-01   1.00000000000E+00   1.10000000000E+00   1.20000000000E+00
   1.30000000000E+00   1.40000000000E+00   1.50000000000E+00   1.60000000000E+00
   0.00000000000E+00   2.80708000000E-04   5.12650000000E-04   7.27073000000E-04
   9.79611000000E-04   9.21998100000E+00   1.30211700000E-03   1.24175800000E-03
   1.07758600000E-03   8.60920000000E-04   6.32288000000E-04   4.20427000000E-04
   1.48791000000E-04   5.82680000000E-05   1.71358000000E-05   2.16920000000E-06
   1.54351500000E+00   0.00000000000E+00   1.40354000000E-05   5.37033000000E-05
   1.15689450000E-04   2.01023650000E-04   4.61249054000E-01   9.22313210000E-01
   9.22440404000E-01   9.22556371000E-01   9.22653296000E-01   9.22727957000E-01
   9.22780592000E-01   9.22809053000E-01   9.22819406000E-01   9.22823176000E-01
   9.22824142000E-01   1.00000000000E+00                   2                  38
   0.00000000000E+00   2.50000000000E-02   1.00000000000E-01   2.00000000000E-01
   3.00000000000E-01   4.00000000000E-01   5.00000000000E-01   6.00000000000E-01
   7.00000000000E-01   8.00000000000E-01   9.00000000000E-01   1.00000000000E+00
   1.10000000000E+00   1.20000000000E+00   1.30000000000E+00   1.40000000000E+00
   1.50000000000E+00   1.60000000000E+00   1.70000000000E+00   1.80000000000E+00
   1.90000000000E+00   2.00000000000E+00   2.10000000000E+00   2.20000000000E+00
   2.30000000000E+00   2.40000000000E+00   2.50000000000E+00   2.60000000000E+00
   2.70000000000E+00   2.80000000000E+00   2.90000000000E+00   3.00000000000E+00
   3.10000000000E+00   3.20000000000E+00   3.30000000000E+00   3.40000000000E+00
   3.50000000000E+00   3.60000000000E+00   0.00000000000E+00   8.78460300000E-02
   3.50010700000E-01   6.35713500000E-01   2.94647800000E-01   3.91038000000E-01
   4.92310800000E-01   1.53262900000E-01   2.49368000000E+00   1.94228300000E-01
   7.71093400000E-01   1.16916800000E-03   7.27412700000E-01   2.97731100000E-02
   1.75409200000E+00   2.20176000000E-02   2.70965900000E-02   2.06725000000E-04
   5.45653900000E-01   1.37266000000E-04   1.14978000000E-04   9.29273000000E-05
   7.69208000000E-05   6.38265000000E-05   4.66692000000E-05   3.33124000000E-05
   1.03531500000E+00   1.46808000000E-05   8.56388000000E-06   5.05340000000E-06
   3.03799000000E-06   1.77727000000E-06   9.67344000000E-07   4.59967000000E-07
   1.78731000000E-07   4.87643000000E-08   5.61876000000E-09   1.61010700000E-01
   0.00000000000E+00   1.09807539000E-03   1.75177029000E-02   6.68039135000E-02
   1.13321979000E-01   1.47606269000E-01   1.91773710000E-01   2.24052395000E-01
   3.56399542000E-01   4.90794958000E-01   5.39061043000E-01   5.77674172000E-01
   6.14103266000E-01   6.51962557000E-01   7.41155813000E-01   8.29961294000E-01
   8.32417004000E-01   8.33782170000E-01   8.61075201000E-01   8.88364760000E-01
   8.88377372000E-01   8.88387767000E-01   8.88396260000E-01   8.88403297000E-01
   8.88408822000E-01   8.88412821000E-01   9.40180237000E-01   9.91946722000E-01
   9.91947884000E-01   9.91948565000E-01   9.91948969000E-01   9.91949210000E-01
   9.91949347000E-01   9.91949419000E-01   9.91949451000E-01   9.91949462000E-01
   9.91949465000E-01   1.00000000000E+00                   0                   0
                   0                   0                   0                   0
                   0                   0                   0                   0
                   0                   0                   0                   0
                   0                   0                   0                   0
                   0                   0                   0                   0
                   0                   0                   0                   0
                   0                   0                   0                   0
                   0                   0                   0                   0
                   0                   0                   0                   0
                   0                   0                   0                   0
                   0                   0                   0                   0
                   0                   0                   0                   0
                   0                   0                   0                   0
                   0                   0                   0                   0
                   0                   0                   0                   0
                   0                   0                   0                   0
                   0                   0                   0                   0
                   0                   0                   0                   0
                   0                   0                   0                   0
                   0                   0                   0                   0
                   0                   0                   0                   0
                   0                   0                   0                   0
                   0                   0                   0                   0
                   0                   0                   0                   0
                   0                   0                   0                   0
                   0                   0                   0                   0
                   0                   0                   0                   0
                   0                   0                   0                   0
                   0                   0                   0                   0
                   0                   0                   0                   0
                   0                   0                   0                   0
                   0                   0                   0                   0
                   0                   0
