 38088.00u   87.150460  0.0000E+00   05/27/20
Ace Sr88 IAEA-PD                                                         mat3837
      0         0.      0         0.      0         0.      0         0.
      0         0.      0         0.      0         0.      0         0.
      0         0.      0         0.      0         0.      0         0.
      0         0.      0         0.      0         0.      0         0.
   280476    38088       89        1        7        2       12        0
        0        0        0        0        0        0        0        1
        1       90       90        0      179      268      269      270
      271      362      446        0        0        0        0        0
        0        0        0        0        0        0        0        0
        0        0        0        0        0        0        0        0
   9.99999000000E-01   1.00000000000E+00   1.50000000000E+00   2.00000000000E+00
   2.50000000000E+00   3.00000000000E+00   3.50000000000E+00   4.00000000000E+00
   4.50000000000E+00   5.00000000000E+00   5.50000000000E+00   6.00000000000E+00
   6.50000000000E+00   7.00000000000E+00   7.50000000000E+00   8.00000000000E+00
   8.50000000000E+00   9.00000000000E+00   9.50000000000E+00   1.00000000000E+01
   1.05000000000E+01   1.10000000000E+01   1.15000000000E+01   1.20000000000E+01
   1.25000000000E+01   1.30000000000E+01   1.35000000000E+01   1.40000000000E+01
   1.45000000000E+01   1.50000000000E+01   1.55000000000E+01   1.60000000000E+01
   1.65000000000E+01   1.70000000000E+01   1.75000000000E+01   1.80000000000E+01
   1.85000000000E+01   1.90000000000E+01   1.95000000000E+01   2.00000000000E+01
   2.10000000000E+01   2.20000000000E+01   2.30000000000E+01   2.40000000000E+01
   2.50000000000E+01   2.60000000000E+01   2.70000000000E+01   2.80000000000E+01
   2.90000000000E+01   3.00000000000E+01   3.20000000000E+01   3.40000000000E+01
   3.60000000000E+01   3.80000000000E+01   4.00000000000E+01   4.20000000000E+01
   4.40000000000E+01   4.60000000000E+01   4.80000000000E+01   5.00000000000E+01
   5.20000000000E+01   5.40000000000E+01   5.60000000000E+01   5.80000000000E+01
   6.00000000000E+01   6.20000000000E+01   6.40000000000E+01   6.60000000000E+01
   6.80000000000E+01   7.00000000000E+01   7.20000000000E+01   7.40000000000E+01
   7.60000000000E+01   7.80000000000E+01   8.00000000000E+01   8.50000000000E+01
   9.00000000000E+01   9.50000000000E+01   1.00000000000E+02   1.10000000000E+02
   1.20000000000E+02   1.30000000000E+02   1.40000000000E+02   1.50000000000E+02
   1.60000000000E+02   1.70000000000E+02   1.80000000000E+02   1.90000000000E+02
   2.00000000000E+02   0.00000000000E+00   6.84842100000E-06   1.88788400000E-05
   4.00788400000E-05   7.34911200000E-05   1.22708200000E-04   1.92073100000E-04
   2.86953500000E-04   4.14130800000E-04   5.82362900000E-04   8.03176800000E-04
   1.09190900000E-03   1.46883500000E-03   1.95963600000E-03   2.59276900000E-03
   3.38867200000E-03   4.33943100000E-03   5.40679600000E-03   6.58681000000E-03
   7.98321800000E-03   9.77995800000E-03   1.21863100000E-02   1.54475000000E-02
   1.99076300000E-02   2.61403500000E-02   3.53656300000E-02   5.06004500000E-02
   6.62136300000E-02   8.09484100000E-02   1.05715400000E-01   1.38566300000E-01
   1.74316000000E-01   2.01742400000E-01   2.08931700000E-01   1.94844500000E-01
   1.69414500000E-01   1.42868800000E-01   1.20365700000E-01   1.03220400000E-01
   9.10301700000E-02   7.60003500000E-02   6.19761100000E-02   4.73522000000E-02
   3.66335200000E-02   2.94467200000E-02   2.44859900000E-02   2.09030900000E-02
   1.82129600000E-02   1.61312600000E-02   1.44827500000E-02   1.20685100000E-02
   1.04271000000E-02   9.27935000000E-03   8.46488500000E-03   7.88348300000E-03
   7.46853400000E-03   7.17379900000E-03   6.96622700000E-03   6.82174800000E-03
   6.72261700000E-03   6.65565800000E-03   6.61104700000E-03   6.58144500000E-03
   6.56137500000E-03   6.54675000000E-03   6.53454300000E-03   6.52252200000E-03
   6.50906300000E-03   6.49300500000E-03   6.47354100000E-03   6.45013300000E-03
   6.42245200000E-03   6.39032700000E-03   6.35371000000E-03   6.31264600000E-03
   6.19141800000E-03   6.04630800000E-03   5.88145400000E-03   5.70147400000E-03
   5.31516300000E-03   4.92462000000E-03   4.56463500000E-03   4.26704700000E-03
   3.89703700000E-03   3.57742100000E-03   3.29910000000E-03   3.05498500000E-03
   2.83947600000E-03   2.64810000000E-03   0.00000000000E+00   1.00000000000E+00
   1.06081600000E+00   1.12163200000E+00   1.18244800000E+00   1.24326500000E+00
   1.30408100000E+00   1.36489800000E+00   1.42571400000E+00   1.48653000000E+00
   1.22775200000E+00   8.22483300000E-01   8.52978500000E-01   8.54656500000E-01
   8.48950200000E-01   8.48198500000E-01   7.46003900000E-01   6.55654600000E-01
   5.99971900000E-01   5.79371400000E-01   1.76418600000E+00   3.03581800000E+00
   5.61968900000E+00   1.10909200000E+01   1.08423300000E+01   1.08526200000E+01
   1.09205000000E+01   1.13231000000E+01   1.13040200000E+01   1.13681100000E+01
   1.13994700000E+01   1.13716500000E+01   1.14249600000E+01   1.14401200000E+01
   1.14240500000E+01   1.13801200000E+01   1.14099100000E+01   1.14380400000E+01
   1.14692900000E+01   1.17647500000E+01   1.35665300000E+01   1.45992400000E+01
   1.52127100000E+01   1.57179900000E+01   1.61028400000E+01   1.66044500000E+01
   1.69935200000E+01   1.74251500000E+01   1.78140600000E+01   1.82309400000E+01
   1.90724000000E+01   2.04241500000E+01   2.18529800000E+01   2.33211000000E+01
   2.47220600000E+01   2.60176700000E+01   2.72601700000E+01   2.85126300000E+01
   2.97120700000E+01   3.09336000000E+01   3.21462600000E+01   3.33034200000E+01
   3.44880900000E+01   3.56343600000E+01   3.67737600000E+01   3.79881800000E+01
   3.91206400000E+01   4.02790000000E+01   4.14273600000E+01   4.25617200000E+01
   4.37258500000E+01   4.48346700000E+01   4.59695700000E+01   4.70619800000E+01
   4.81724400000E+01   5.08971900000E+01   5.36062300000E+01   5.65395500000E+01
   5.90518700000E+01   6.45664200000E+01   6.98694100000E+01   7.51989400000E+01
   8.04802500000E+01   8.60741200000E+01   9.13409600000E+01   9.67842400000E+01
   1.02449700000E+02   1.14641600000E+02   1.20874200000E+02                   5
   0.00000000000E+00                   1                   1                  89
   0.00000000000E+00   6.84842100000E-06   1.88788400000E-05   4.00788400000E-05
   7.34911200000E-05   1.22708200000E-04   1.92073100000E-04   2.86953500000E-04
   4.14130800000E-04   5.82362900000E-04   8.03176800000E-04   1.09190900000E-03
   1.46883500000E-03   1.95963600000E-03   2.59276900000E-03   3.38867200000E-03
   4.33943100000E-03   5.40679600000E-03   6.58681000000E-03   7.98321800000E-03
   9.77995800000E-03   1.21863100000E-02   1.54475000000E-02   1.99076300000E-02
   2.61403500000E-02   3.53656300000E-02   5.06004500000E-02   6.62136300000E-02
   8.09484100000E-02   1.05715400000E-01   1.38566300000E-01   1.74316000000E-01
   2.01742400000E-01   2.08931700000E-01   1.94844500000E-01   1.69414500000E-01
   1.42868800000E-01   1.20365700000E-01   1.03220400000E-01   9.10301700000E-02
   7.60003500000E-02   6.19761100000E-02   4.73522000000E-02   3.66335200000E-02
   2.94467200000E-02   2.44859900000E-02   2.09030900000E-02   1.82129600000E-02
   1.61312600000E-02   1.44827500000E-02   1.20685100000E-02   1.04271000000E-02
   9.27935000000E-03   8.46488500000E-03   7.88348300000E-03   7.46853400000E-03
   7.17379900000E-03   6.96622700000E-03   6.82174800000E-03   6.72261700000E-03
   6.65565800000E-03   6.61104700000E-03   6.58144500000E-03   6.56137500000E-03
   6.54675000000E-03   6.53454300000E-03   6.52252200000E-03   6.50906300000E-03
   6.49300500000E-03   6.47354100000E-03   6.45013300000E-03   6.42245200000E-03
   6.39032700000E-03   6.35371000000E-03   6.31264600000E-03   6.19141800000E-03
   6.04630800000E-03   5.88145400000E-03   5.70147400000E-03   5.31516300000E-03
   4.92462000000E-03   4.56463500000E-03   4.26704700000E-03   3.89703700000E-03
   3.57742100000E-03   3.29910000000E-03   3.05498500000E-03   2.83947600000E-03
   2.64810000000E-03                   1                   1                 446
                 516                 586                 587                 588
                 589                 731                 732                 732
                 733                   2                   1               48754
               48845               48936               48937               48938
               48939               49105               49106               49106
               49107                   9                   1               62626
               62697               62768               62769               62770
               62771               62915               62916               62916
               62917                  31                   1              112700
              112756              112812              112813              112814
              112815              112927              112928              112928
              112929                  32                   1              152396
              152448              152500              152501              152502
              152503              152609              152610              152610
              152611                  33                   1              189351
              189402              189453              189454              189455
              189456              189560              189561              189561
              189562                  34                   1              225730
              225806              225882              225883              225884
              225885              226039              226040              226040
              226041                  22                  68   0.00000000000E+00
   2.67868900000E-03   1.92118800000E-02   2.56261700000E-02   3.48731900000E-02
   5.00275800000E-02   6.54889300000E-02   8.02071600000E-02   1.04937800000E-01
   1.37697500000E-01   1.73313500000E-01   2.00677800000E-01   2.07904400000E-01
   1.93911700000E-01   1.68579200000E-01   1.42079500000E-01   1.19575100000E-01
   1.02374000000E-01   9.47575800000E-02   9.53175900000E-02   8.44117100000E-02
   6.72826500000E-02   5.35382800000E-02   4.38859200000E-02   3.69732300000E-02
   3.18461700000E-02   2.79499200000E-02   2.49067100000E-02   2.24664500000E-02
   1.88877700000E-02   1.67817200000E-02   1.55589500000E-02   1.47553700000E-02
   1.41848800000E-02   1.38483300000E-02   1.36471900000E-02   1.35737000000E-02
   1.36426600000E-02   1.37804000000E-02   1.39737200000E-02   1.42195700000E-02
   1.44539300000E-02   1.47226200000E-02   1.49949500000E-02   1.52389600000E-02
   1.55389700000E-02   1.57928100000E-02   1.60433200000E-02   1.62827800000E-02
   1.64800200000E-02   1.67062700000E-02   1.68903000000E-02   1.70467100000E-02
   1.71899000000E-02   1.74957900000E-02   1.76560700000E-02   1.76042400000E-02
   1.76804800000E-02   1.74722500000E-02   1.71092900000E-02   1.66658100000E-02
   1.62708600000E-02   1.54928800000E-02   1.48138300000E-02   1.42227000000E-02
   1.36031600000E-02   1.30681000000E-02   1.37525000000E-02                  22
                  68   0.00000000000E+00   3.50391600000E-02   4.46858200000E-01
   6.33749200000E-01   8.18333800000E-01   1.00184100000E+00   1.18364000000E+00
   1.20455800000E+00   1.22556100000E+00   1.24573600000E+00   1.26523000000E+00
   1.36517600000E+00   1.46505000000E+00   1.56463400000E+00   1.66378700000E+00
   1.74076100000E+00   1.81681900000E+00   1.89159200000E+00   2.06693700000E+00
   2.59220500000E+00   2.92571500000E+00   3.33461100000E+00   3.72024000000E+00
   4.13075900000E+00   4.52655700000E+00   4.89601100000E+00   5.26295000000E+00
   5.62142900000E+00   5.97565800000E+00   6.69841100000E+00   7.39530900000E+00
   8.23264500000E+00   9.02454300000E+00   9.79634600000E+00   1.05591900000E+01
   1.13093000000E+01   1.20661300000E+01   1.28795700000E+01   1.36865600000E+01
   1.45048600000E+01   1.53274100000E+01   1.61277100000E+01   1.69536700000E+01
   1.77916200000E+01   1.85878800000E+01   1.94719100000E+01   2.03229800000E+01
   2.11975200000E+01   2.20887100000E+01   2.29256500000E+01   2.38376200000E+01
   2.47264400000E+01   2.56119200000E+01   2.65154100000E+01   2.87698100000E+01
   3.10261800000E+01   3.30653000000E+01   3.55654300000E+01   3.99938000000E+01
   4.46919600000E+01   4.92369300000E+01   5.37935100000E+01   5.81763100000E+01
   6.27748600000E+01   6.72965200000E+01   7.15142200000E+01   6.91877700000E+01
   7.27382800000E+01                   5                  -1                   1
                   6                   5                   0                  69
   1.00000000000E+00   1.11128700000E+01   1.15000000000E+01   1.20000000000E+01
   1.25000000000E+01   1.30000000000E+01   1.35000000000E+01   1.40000000000E+01
   1.45000000000E+01   1.50000000000E+01   1.55000000000E+01   1.60000000000E+01
   1.65000000000E+01   1.70000000000E+01   1.75000000000E+01   1.80000000000E+01
   1.85000000000E+01   1.90000000000E+01   1.95000000000E+01   2.00000000000E+01
   2.10000000000E+01   2.20000000000E+01   2.30000000000E+01   2.40000000000E+01
   2.50000000000E+01   2.60000000000E+01   2.70000000000E+01   2.80000000000E+01
   2.90000000000E+01   3.00000000000E+01   3.20000000000E+01   3.40000000000E+01
   3.60000000000E+01   3.80000000000E+01   4.00000000000E+01   4.20000000000E+01
   4.40000000000E+01   4.60000000000E+01   4.80000000000E+01   5.00000000000E+01
   5.20000000000E+01   5.40000000000E+01   5.60000000000E+01   5.80000000000E+01
   6.00000000000E+01   6.20000000000E+01   6.40000000000E+01   6.60000000000E+01
   6.80000000000E+01   7.00000000000E+01   7.20000000000E+01   7.40000000000E+01
   7.60000000000E+01   7.80000000000E+01   8.00000000000E+01   8.50000000000E+01
   9.00000000000E+01   9.50000000000E+01   1.00000000000E+02   1.10000000000E+02
   1.20000000000E+02   1.30000000000E+02   1.40000000000E+02   1.50000000000E+02
   1.60000000000E+02   1.70000000000E+02   1.80000000000E+02   1.90000000000E+02
   2.00000000000E+02   0.00000000000E+00   0.00000000000E+00   1.73406000000E-01
   9.65051100000E-01   9.80330000000E-01   9.86075700000E-01   9.88678600000E-01
   9.89055100000E-01   9.90842900000E-01   9.92644400000E-01   9.93730100000E-01
   9.94249000000E-01   9.94723000000E-01   9.95083100000E-01   9.95212600000E-01
   9.95069500000E-01   9.94475400000E-01   9.93431700000E-01   9.91800100000E-01
   1.04094700000E+00   1.25417300000E+00   1.36200400000E+00   1.42089800000E+00
   1.46145600000E+00   1.49035000000E+00   1.50997500000E+00   1.52351500000E+00
   1.53461700000E+00   1.54400300000E+00   1.55125600000E+00   1.56504600000E+00
   1.60943300000E+00   1.67672800000E+00   1.74312700000E+00   1.79931600000E+00
   1.85422300000E+00   1.90236600000E+00   1.94850100000E+00   1.99987700000E+00
   2.04985600000E+00   2.09952500000E+00   2.15088000000E+00   2.19616400000E+00
   2.24383200000E+00   2.29044200000E+00   2.33206200000E+00   2.38235600000E+00
   2.42628000000E+00   2.47086200000E+00   2.51528200000E+00   2.55498900000E+00
   2.60122900000E+00   2.64310400000E+00   2.68295400000E+00   2.72308900000E+00
   2.82581300000E+00   2.92014100000E+00   2.99317800000E+00   3.10103700000E+00
   3.28724600000E+00   3.47423600000E+00   3.65107200000E+00   3.81314300000E+00
   3.97555400000E+00   4.14092400000E+00   4.31108500000E+00   4.45277500000E+00
   4.60229300000E+00   5.19334600000E+00                   0                   1
                   0                   4                  10                   0
                   2   1.00000000000E+00   2.00000000000E+02   1.00000000000E+00
   1.00000000000E+00                   0                  30   1.00000000000E+00
   1.11128700000E+01   1.20000000000E+01   1.40000000000E+01   1.60000000000E+01
   1.80000000000E+01   2.00000000000E+01   2.20000000000E+01   2.40000000000E+01
   2.60000000000E+01   2.80000000000E+01   3.00000000000E+01   3.20000000000E+01
   3.60000000000E+01   4.00000000000E+01   4.40000000000E+01   4.80000000000E+01
   5.00000000000E+01   5.20000000000E+01   5.60000000000E+01   6.00000000000E+01
   7.00000000000E+01   8.00000000000E+01   9.00000000000E+01   1.00000000000E+02
   1.20000000000E+02   1.40000000000E+02   1.60000000000E+02   1.80000000000E+02
   2.00000000000E+02                  72                  83                  94
                 126                 469                 999                1650
                2411                3249                4330                5476
                6674                7924                9226               10606
               12038               13750               15507               17294
               19096               20928               22790               24968
               27197               29460               32027               34927
               38149               41417               44708                   2
                   3   0.00000000000E+00   5.00000000000E-07   1.00000000000E-06
   0.00000000000E+00   2.00000000000E+06   0.00000000000E+00   0.00000000000E+00
   5.00000000000E-01   1.00000000000E+00                   2                   3
   0.00000000000E+00   5.00000000000E-07   1.00000000000E-06   0.00000000000E+00
   2.00000000000E+06   0.00000000000E+00   0.00000000000E+00   5.00000000000E-01
   1.00000000000E+00                   2                  10   0.00000000000E+00
   1.00000000000E-01   2.00000000000E-01   3.00000000000E-01   4.00000000000E-01
   5.00000000000E-01   6.00000000000E-01   7.00000000000E-01   8.00000000000E-01
   9.00000000000E-01   0.00000000000E+00   1.32657000000E+00   4.55189000000E-05
   3.69981000000E-05   2.56072000000E-05   8.27066800000E+00   1.43757000000E-06
   4.04397000000E-07   5.07412000000E-08   8.05303600000E-01   0.00000000000E+00
   6.63285012000E-02   1.32659278000E-01   1.32663404000E-01   1.32666534000E-01
   5.46201222000E-01   9.59734702000E-01   9.59734794000E-01   9.59734817000E-01
   1.00000000000E+00                   2                  31   0.00000000000E+00
   2.50000000000E-02   1.00000000000E-01   2.00000000000E-01   3.00000000000E-01
   4.00000000000E-01   5.00000000000E-01   6.00000000000E-01   7.00000000000E-01
   8.00000000000E-01   9.00000000000E-01   1.00000000000E+00   1.10000000000E+00
   1.20000000000E+00   1.30000000000E+00   1.40000000000E+00   1.50000000000E+00
   1.60000000000E+00   1.70000000000E+00   1.80000000000E+00   1.90000000000E+00
   2.00000000000E+00   2.10000000000E+00   2.20000000000E+00   2.30000000000E+00
   2.40000000000E+00   2.50000000000E+00   2.60000000000E+00   2.70000000000E+00
   2.80000000000E+00   2.90000000000E+00   0.00000000000E+00   1.92520000000E-02
   7.67562600000E-02   1.32534700000E+00   2.08354200000E-01   1.75845900000E-02
   3.81858300000E-01   3.13464200000E-02   1.60764300000E+00   4.43135800000E-01
   2.92784000000E-04   9.67529300000E-02   2.09802800000E+00   1.32445000000E-04
   9.97290100000E-05   7.29200100000E-05   5.30478000000E-05   3.86741300000E-01
   1.35366600000E+00   1.85586000000E-05   1.17615000000E-05   8.98705400000E-01
   4.20533000000E-06   2.26541000000E-06   1.13854000000E-06   5.53566000000E-07
   7.48362500000E-01   1.06659000000E-07   3.01852000000E-08   3.51532000000E-09
   6.49993300000E-01   0.00000000000E+00   2.40650022000E-04   3.84095972000E-03
   7.39461285000E-02   1.50631195000E-01   1.61928136000E-01   1.81900282000E-01
   2.02560520000E-01   2.84509999000E-01   3.87048948000E-01   4.09220379000E-01
   4.14072665000E-01   5.23811721000E-01   6.28719752000E-01   6.28731361000E-01
   6.28739993000E-01   6.28746292000E-01   6.48086011000E-01   7.35106384000E-01
   8.02790618000E-01   8.02792134000E-01   8.47727991000E-01   8.92663470000E-01
   8.92663794000E-01   8.92663964000E-01   8.92664049000E-01   9.30082200000E-01
   9.67500328000E-01   9.67500335000E-01   9.67500337000E-01   1.00000000000E+00
                   0                   0                   0                   0
                   0                   0                   0                   0
                   0                   0                   0                   0
                   0                   0                   0                   0
                   0                   0                   0                   0
                   0                   0                   0                   0
                   0                   0                   0                   0
                   0                   0                   0                   0
                   0                   0                   0                   0
                   0                   0                   0                   0
                   0                   0                   0                   0
                   0                   0                   0                   0
                   0                   0                   0                   0
                   0                   0                   0                   0
                   0                   0                   0                   0
                   0                   0                   0                   0
                   0                   0                   0                   0
                   0                   0                   0                   0
                   0                   0                   0                   0
                   0                   0                   0                   0
                   0                   0                   0                   0
                   0                   0                   0                   0
                   0                   0                   0                   0
                   0                   0                   0                   0
                   0                   0                   0                   0
                   0                   0                   0                   0
                   0                   0                   0                   0
                   0                   0                   0                   0
                   0                   0                   0                   0
                   0                   0                   0                   0
                   0                   0                   0                   0
                   0                   0                   0                   0
                   0                   0
