 38090.00u   89.135380  0.0000E+00   05/27/20
Ace Sr90 IAEA-PD                                                         mat3843
      0         0.      0         0.      0         0.      0         0.
      0         0.      0         0.      0         0.      0         0.
      0         0.      0         0.      0         0.      0         0.
      0         0.      0         0.      0         0.      0         0.
   305347    38090       89        1        7        2       12        0
        0        0        0        0        0        0        0        1
        1       90       90        0      179      268      269      270
      271      362      446        0        0        0        0        0
        0        0        0        0        0        0        0        0
        0        0        0        0        0        0        0        0
   9.99999000000E-01   1.00000000000E+00   1.50000000000E+00   2.00000000000E+00
   2.50000000000E+00   3.00000000000E+00   3.50000000000E+00   4.00000000000E+00
   4.50000000000E+00   5.00000000000E+00   5.50000000000E+00   6.00000000000E+00
   6.50000000000E+00   7.00000000000E+00   7.50000000000E+00   8.00000000000E+00
   8.50000000000E+00   9.00000000000E+00   9.50000000000E+00   1.00000000000E+01
   1.05000000000E+01   1.10000000000E+01   1.15000000000E+01   1.20000000000E+01
   1.25000000000E+01   1.30000000000E+01   1.35000000000E+01   1.40000000000E+01
   1.45000000000E+01   1.50000000000E+01   1.55000000000E+01   1.60000000000E+01
   1.65000000000E+01   1.70000000000E+01   1.75000000000E+01   1.80000000000E+01
   1.85000000000E+01   1.90000000000E+01   1.95000000000E+01   2.00000000000E+01
   2.10000000000E+01   2.20000000000E+01   2.30000000000E+01   2.40000000000E+01
   2.50000000000E+01   2.60000000000E+01   2.70000000000E+01   2.80000000000E+01
   2.90000000000E+01   3.00000000000E+01   3.20000000000E+01   3.40000000000E+01
   3.60000000000E+01   3.80000000000E+01   4.00000000000E+01   4.20000000000E+01
   4.40000000000E+01   4.60000000000E+01   4.80000000000E+01   5.00000000000E+01
   5.20000000000E+01   5.40000000000E+01   5.60000000000E+01   5.80000000000E+01
   6.00000000000E+01   6.20000000000E+01   6.40000000000E+01   6.60000000000E+01
   6.80000000000E+01   7.00000000000E+01   7.20000000000E+01   7.40000000000E+01
   7.60000000000E+01   7.80000000000E+01   8.00000000000E+01   8.50000000000E+01
   9.00000000000E+01   9.50000000000E+01   1.00000000000E+02   1.10000000000E+02
   1.20000000000E+02   1.30000000000E+02   1.40000000000E+02   1.50000000000E+02
   1.60000000000E+02   1.70000000000E+02   1.80000000000E+02   1.90000000000E+02
   2.00000000000E+02   0.00000000000E+00   1.04537700000E-05   2.92583400000E-05
   6.27871400000E-05   1.16074100000E-04   1.95074200000E-04   3.07003100000E-04
   4.60799700000E-04   6.67775200000E-04   9.42538000000E-04   1.30428300000E-03
   1.77846700000E-03   2.39854800000E-03   3.20638100000E-03   4.24682600000E-03
   5.54820400000E-03   7.08974400000E-03   8.80924200000E-03   1.07174800000E-02
   1.29957100000E-02   1.59284100000E-02   1.98168800000E-02   2.49859900000E-02
   3.18287900000E-02   4.08380400000E-02   5.26048700000E-02   6.77596400000E-02
   8.67921900000E-02   1.09616800000E-01   1.34775300000E-01   1.58653900000E-01
   1.75943600000E-01   1.82246100000E-01   1.76986500000E-01   1.63416200000E-01
   1.45992300000E-01   1.28149000000E-01   1.11744600000E-01   9.74666600000E-02
   8.53670400000E-02   6.66058300000E-02   5.33939900000E-02   4.38834400000E-02
   3.68433300000E-02   3.14881800000E-02   2.73145100000E-02   2.39931000000E-02
   2.13033200000E-02   1.90935000000E-02   1.72567800000E-02   1.44140800000E-02
   1.23642800000E-02   1.08645500000E-02   9.75960700000E-03   8.94379100000E-03
   8.34194400000E-03   7.89910600000E-03   7.57443400000E-03   7.33732100000E-03
   7.16473500000E-03   7.03930500000E-03   6.94792800000E-03   6.88071400000E-03
   6.83020500000E-03   6.79078700000E-03   6.75824300000E-03   6.72941700000E-03
   6.70196500000E-03   6.67416300000E-03   6.64475700000E-03   6.61286200000E-03
   6.57786900000E-03   6.53938600000E-03   6.49718900000E-03   6.45117900000E-03
   6.31967200000E-03   6.16633600000E-03   5.99456200000E-03   5.80852500000E-03
   5.41176500000E-03   5.01234200000E-03   4.64488100000E-03   4.34137500000E-03
   3.96452700000E-03   3.63911100000E-03   3.35580800000E-03   3.10736600000E-03
   2.88806700000E-03   2.69334700000E-03   0.00000000000E+00   1.00000000000E+00
   9.21541400000E-01   8.43083600000E-01   7.64625800000E-01   6.86168000000E-01
   6.07710200000E-01   5.29252400000E-01   5.92307900000E-01   6.30541000000E-01
   6.64824500000E-01   6.99882900000E-01   8.18467400000E-01   9.30522300000E-01
   1.02436900000E+00   7.67358100000E+00   8.04481900000E+00   7.70370200000E+00
   7.73874400000E+00   8.00247500000E+00   7.94147000000E+00   8.03871800000E+00
   7.91877200000E+00   7.89991500000E+00   7.96846600000E+00   7.97917200000E+00
   7.92843500000E+00   7.82335000000E+00   8.36093000000E+00   9.51503600000E+00
   1.04453200000E+01   1.13080800000E+01   1.18811600000E+01   1.22383600000E+01
   1.24938200000E+01   1.26284000000E+01   1.27715900000E+01   1.28583600000E+01
   1.29338000000E+01   1.30574300000E+01   1.31677000000E+01   1.33185900000E+01
   1.34696000000E+01   1.36275200000E+01   1.36952400000E+01   1.37686100000E+01
   1.45004900000E+01   1.55424400000E+01   1.70499800000E+01   1.83964400000E+01
   2.02623800000E+01   2.13662600000E+01   2.23858200000E+01   2.36400100000E+01
   2.48173000000E+01   2.61845800000E+01   2.74867400000E+01   2.85847800000E+01
   2.97206900000E+01   3.08273700000E+01   3.20596400000E+01   3.34513000000E+01
   3.48531900000E+01   3.59306900000E+01   3.71709300000E+01   3.84343400000E+01
   3.96854600000E+01   4.08589200000E+01   4.19982100000E+01   4.31227500000E+01
   4.42688000000E+01   4.54222100000E+01   4.65896900000E+01   4.77430600000E+01
   4.89449600000E+01   5.19365500000E+01   5.48797500000E+01   5.78496200000E+01
   6.07242000000E+01   6.67592200000E+01   7.25207700000E+01   7.84667600000E+01
   8.42704400000E+01   9.03443000000E+01   9.63778800000E+01   1.02944300000E+02
   1.13422300000E+02   1.19996800000E+02   1.26653800000E+02                   5
   0.00000000000E+00                   1                   1                  89
   0.00000000000E+00   1.04537700000E-05   2.92583400000E-05   6.27871400000E-05
   1.16074100000E-04   1.95074200000E-04   3.07003100000E-04   4.60799700000E-04
   6.67775200000E-04   9.42538000000E-04   1.30428300000E-03   1.77846700000E-03
   2.39854800000E-03   3.20638100000E-03   4.24682600000E-03   5.54820400000E-03
   7.08974400000E-03   8.80924200000E-03   1.07174800000E-02   1.29957100000E-02
   1.59284100000E-02   1.98168800000E-02   2.49859900000E-02   3.18287900000E-02
   4.08380400000E-02   5.26048700000E-02   6.77596400000E-02   8.67921900000E-02
   1.09616800000E-01   1.34775300000E-01   1.58653900000E-01   1.75943600000E-01
   1.82246100000E-01   1.76986500000E-01   1.63416200000E-01   1.45992300000E-01
   1.28149000000E-01   1.11744600000E-01   9.74666600000E-02   8.53670400000E-02
   6.66058300000E-02   5.33939900000E-02   4.38834400000E-02   3.68433300000E-02
   3.14881800000E-02   2.73145100000E-02   2.39931000000E-02   2.13033200000E-02
   1.90935000000E-02   1.72567800000E-02   1.44140800000E-02   1.23642800000E-02
   1.08645500000E-02   9.75960700000E-03   8.94379100000E-03   8.34194400000E-03
   7.89910600000E-03   7.57443400000E-03   7.33732100000E-03   7.16473500000E-03
   7.03930500000E-03   6.94792800000E-03   6.88071400000E-03   6.83020500000E-03
   6.79078700000E-03   6.75824300000E-03   6.72941700000E-03   6.70196500000E-03
   6.67416300000E-03   6.64475700000E-03   6.61286200000E-03   6.57786900000E-03
   6.53938600000E-03   6.49718900000E-03   6.45117900000E-03   6.31967200000E-03
   6.16633600000E-03   5.99456200000E-03   5.80852500000E-03   5.41176500000E-03
   5.01234200000E-03   4.64488100000E-03   4.34137500000E-03   3.96452700000E-03
   3.63911100000E-03   3.35580800000E-03   3.10736600000E-03   2.88806700000E-03
   2.69334700000E-03                   1                   1                 446
                 523                 600                 601                 602
                 603                 759                 760                 760
                 761                   2                   1               54554
               54645               54736               54737               54738
               54739               54909               54910               54910
               54911                   9                   1               68563
               68632               68701               68702               68703
               68704               68844               68845               68845
               68846                  31                   1              117672
              117732              117792              117793              117794
              117795              117915              117916              117916
              117917                  32                   1              160596
              160656              160716              160717              160718
              160719              160839              160840              160840
              160841                  33                   1              204322
              204374              204426              204427              204428
              204429              204535              204536              204536
              204537                  34                   1              243261
              243342              243423              243424              243425
              243426              243592              243593              243593
              243594                  15                  75   0.00000000000E+00
   5.45269200000E-03   7.07187800000E-03   8.79693600000E-03   1.07046400000E-02
   1.29810000000E-02   1.59147700000E-02   1.97993900000E-02   2.49672900000E-02
   3.18103600000E-02   4.08215200000E-02   5.25886100000E-02   6.77421700000E-02
   8.67716900000E-02   1.17112600000E-01   1.71529700000E-01   2.25489200000E-01
   2.72342600000E-01   2.96821300000E-01   2.97554800000E-01   2.82349700000E-01
   2.56440600000E-01   2.28221500000E-01   2.01076900000E-01   1.76509400000E-01
   1.55790600000E-01   1.22900200000E-01   9.92508800000E-02   8.19565400000E-02
   6.90008100000E-02   5.89858000000E-02   5.12303000000E-02   4.59325300000E-02
   4.27360800000E-02   4.04994300000E-02   3.82587300000E-02   3.38340500000E-02
   2.98401900000E-02   2.66326400000E-02   2.44861900000E-02   2.32445800000E-02
   2.24579200000E-02   2.19066100000E-02   2.14905600000E-02   2.11799700000E-02
   2.10243500000E-02   2.10603600000E-02   2.12860100000E-02   2.15731000000E-02
   2.19237300000E-02   2.19256500000E-02   2.21973300000E-02   2.24398000000E-02
   2.27238100000E-02   2.30013800000E-02   2.32342200000E-02   2.35140800000E-02
   2.37230400000E-02   2.39274500000E-02   2.41176600000E-02   2.42362900000E-02
   2.45526300000E-02   2.46948300000E-02   2.47355800000E-02   2.46581800000E-02
   2.41682200000E-02   2.35130700000E-02   2.28067900000E-02   2.22465900000E-02
   2.11627800000E-02   2.01591000000E-02   2.04458200000E-02   1.95882800000E-02
   1.88262300000E-02   1.80843500000E-02                  15                  75
   0.00000000000E+00   1.96557000000E-01   4.38258500000E-01   6.77783200000E-01
   9.16997100000E-01   1.15615200000E+00   1.17914900000E+00   1.20179500000E+00
   1.22463700000E+00   1.24752800000E+00   1.28220000000E+00   1.31677900000E+00
   1.35130500000E+00   1.38579300000E+00   1.49840200000E+00   1.80581200000E+00
   2.03986800000E+00   2.24696500000E+00   2.50415300000E+00   2.72937200000E+00
   2.95339900000E+00   3.15342500000E+00   3.25252000000E+00   3.34227200000E+00
   3.41998000000E+00   3.50308700000E+00   3.72827100000E+00   3.94357500000E+00
   4.24760600000E+00   4.54573300000E+00   4.84183000000E+00   5.14314800000E+00
   5.37747500000E+00   5.76892700000E+00   6.17888100000E+00   6.54100900000E+00
   7.30083400000E+00   8.01841100000E+00   8.66432300000E+00   9.28100100000E+00
   1.00419600000E+01   1.07821700000E+01   1.14986300000E+01   1.22166500000E+01
   1.28899300000E+01   1.35829700000E+01   1.42835500000E+01   1.50080400000E+01
   1.57495500000E+01   1.67846800000E+01   1.75482700000E+01   1.83268000000E+01
   1.90891600000E+01   1.99008600000E+01   2.07268400000E+01   2.15355700000E+01
   2.23661400000E+01   2.31576300000E+01   2.39742000000E+01   2.48082500000E+01
   2.56004800000E+01   2.76362300000E+01   2.96852100000E+01   3.16947800000E+01
   3.37480200000E+01   3.77037400000E+01   4.19170100000E+01   4.58441700000E+01
   4.99000800000E+01   5.37650200000E+01   5.76460300000E+01   6.08230400000E+01
   6.02629500000E+01   6.35967300000E+01   6.68260000000E+01                   5
                  -1                   1                   6                   5
                   0                  76   1.00000000000E+00   7.81042700000E+00
   8.00000000000E+00   8.50000000000E+00   9.00000000000E+00   9.50000000000E+00
   1.00000000000E+01   1.05000000000E+01   1.10000000000E+01   1.15000000000E+01
   1.20000000000E+01   1.25000000000E+01   1.30000000000E+01   1.35000000000E+01
   1.40000000000E+01   1.45000000000E+01   1.50000000000E+01   1.55000000000E+01
   1.60000000000E+01   1.65000000000E+01   1.70000000000E+01   1.75000000000E+01
   1.80000000000E+01   1.85000000000E+01   1.90000000000E+01   1.95000000000E+01
   2.00000000000E+01   2.10000000000E+01   2.20000000000E+01   2.30000000000E+01
   2.40000000000E+01   2.50000000000E+01   2.60000000000E+01   2.70000000000E+01
   2.80000000000E+01   2.90000000000E+01   3.00000000000E+01   3.20000000000E+01
   3.40000000000E+01   3.60000000000E+01   3.80000000000E+01   4.00000000000E+01
   4.20000000000E+01   4.40000000000E+01   4.60000000000E+01   4.80000000000E+01
   5.00000000000E+01   5.20000000000E+01   5.40000000000E+01   5.60000000000E+01
   5.80000000000E+01   6.00000000000E+01   6.20000000000E+01   6.40000000000E+01
   6.60000000000E+01   6.80000000000E+01   7.00000000000E+01   7.20000000000E+01
   7.40000000000E+01   7.60000000000E+01   7.80000000000E+01   8.00000000000E+01
   8.50000000000E+01   9.00000000000E+01   9.50000000000E+01   1.00000000000E+02
   1.10000000000E+02   1.20000000000E+02   1.30000000000E+02   1.40000000000E+02
   1.50000000000E+02   1.60000000000E+02   1.70000000000E+02   1.80000000000E+02
   1.90000000000E+02   2.00000000000E+02   0.00000000000E+00   0.00000000000E+00
   9.82785100000E-01   9.97480000000E-01   9.98603100000E-01   9.98802000000E-01
   9.98868100000E-01   9.99143700000E-01   9.99117400000E-01   9.99251600000E-01
   9.99421000000E-01   9.99595500000E-01   9.99690900000E-01   9.99742200000E-01
   9.99763800000E-01   1.06838200000E+00   1.27270900000E+00   1.42126500000E+00
   1.54789700000E+00   1.62868400000E+00   1.68122900000E+00   1.72779500000E+00
   1.75653500000E+00   1.78090700000E+00   1.79943300000E+00   1.81097200000E+00
   1.82495000000E+00   1.84518700000E+00   1.85884000000E+00   1.86759600000E+00
   1.87281700000E+00   1.87326800000E+00   1.87557100000E+00   1.91440600000E+00
   2.00607600000E+00   2.12111100000E+00   2.21702600000E+00   2.34729200000E+00
   2.41341900000E+00   2.45133400000E+00   2.50893200000E+00   2.59896300000E+00
   2.69216900000E+00   2.77330200000E+00   2.83725000000E+00   2.88660800000E+00
   2.93442100000E+00   2.99182400000E+00   3.06364900000E+00   3.13530000000E+00
   3.20982000000E+00   3.22873500000E+00   3.28448200000E+00   3.33458300000E+00
   3.39061900000E+00   3.44633200000E+00   3.49662400000E+00   3.55581000000E+00
   3.60649300000E+00   3.65897500000E+00   3.71201500000E+00   3.75687800000E+00
   3.88511100000E+00   4.00478200000E+00   4.12633700000E+00   4.24517100000E+00
   4.46586600000E+00   4.69103500000E+00   4.91009100000E+00   5.12431900000E+00
   5.33803400000E+00   5.53956700000E+00   6.09266700000E+00   6.30382100000E+00
   6.51862600000E+00   6.71445200000E+00                   0                   1
                   0                   4                  10                   0
                   2   1.00000000000E+00   2.00000000000E+02   1.00000000000E+00
   1.00000000000E+00                   0                  32   1.00000000000E+00
   7.81042700000E+00   8.00000000000E+00   1.00000000000E+01   1.20000000000E+01
   1.40000000000E+01   1.60000000000E+01   1.80000000000E+01   2.00000000000E+01
   2.20000000000E+01   2.40000000000E+01   2.60000000000E+01   2.80000000000E+01
   3.00000000000E+01   3.20000000000E+01   3.60000000000E+01   4.00000000000E+01
   4.40000000000E+01   4.80000000000E+01   5.00000000000E+01   5.20000000000E+01
   5.60000000000E+01   6.00000000000E+01   7.00000000000E+01   8.00000000000E+01
   9.00000000000E+01   1.00000000000E+02   1.20000000000E+02   1.40000000000E+02
   1.60000000000E+02   1.80000000000E+02   2.00000000000E+02                  76
                  87                  98                 109                 327
                 725                1431                2302                3261
                4286                5377                6718                8111
                9543               11014               12511               14060
               15907               17784               19706               21643
               23580               25547               27529               29826
               32157               34800               37462               40446
               43760               47097               50434                   2
                   3   0.00000000000E+00   5.00000000000E-07   1.00000000000E-06
   0.00000000000E+00   2.00000000000E+06   0.00000000000E+00   0.00000000000E+00
   5.00000000000E-01   1.00000000000E+00                   2                   3
   0.00000000000E+00   5.00000000000E-07   1.00000000000E-06   0.00000000000E+00
   2.00000000000E+06   0.00000000000E+00   0.00000000000E+00   5.00000000000E-01
   1.00000000000E+00                   2                   3   0.00000000000E+00
   1.00000000000E-01   2.00000000000E-01   0.00000000000E+00   1.38966000000E-06
   2.00000000000E+01   0.00000000000E+00   6.94829903000E-08   1.00000000000E+00
                   2                  24   0.00000000000E+00   2.50000000000E-02
   1.00000000000E-01   2.00000000000E-01   3.00000000000E-01   4.00000000000E-01
   5.00000000000E-01   6.00000000000E-01   7.00000000000E-01   8.00000000000E-01
   9.00000000000E-01   1.00000000000E+00   1.10000000000E+00   1.20000000000E+00
   1.30000000000E+00   1.40000000000E+00   1.50000000000E+00   1.60000000000E+00
   1.70000000000E+00   1.80000000000E+00   1.90000000000E+00   2.00000000000E+00
   2.10000000000E+00   2.20000000000E+00   0.00000000000E+00   1.03010600000E-01
   4.12041900000E-01   2.29820300000E+00   1.61000000000E-04   1.46748000000E-04
   1.31664000000E-04   1.16522000000E-04   1.65225600000E-01   8.76213000000E-05
   7.42929000000E-05   6.19015000000E-05   4.42405000000E-05   4.71060700000E+00
   2.31675000000E-05   1.65723000000E-05   1.13940000000E-05   7.30129000000E-06
   4.29819000000E-06   2.24736000000E-06   9.71381000000E-07   2.86893000000E-07
   3.26643000000E-08   4.82606500000E+00   0.00000000000E+00   1.28763246000E-03
   2.06021006000E-02   1.56114341000E-01   2.71032537000E-01   2.71047925000E-01
   2.71061845000E-01   2.71074255000E-01   2.79341361000E-01   2.87607021000E-01
   2.87615117000E-01   2.87621927000E-01   2.87627234000E-01   5.23159788000E-01
   7.58691289000E-01   7.58693276000E-01   7.58694674000E-01   7.58695609000E-01
   7.58696189000E-01   7.58696516000E-01   7.58696677000E-01   7.58696740000E-01
   7.58696756000E-01   1.00000000000E+00                   0                   0
                   0                   0                   0                   0
                   0                   0                   0                   0
                   0                   0                   0                   0
                   0                   0                   0                   0
                   0                   0                   0                   0
                   0                   0                   0                   0
                   0                   0                   0                   0
                   0                   0                   0                   0
                   0                   0                   0                   0
                   0                   0                   0                   0
                   0                   0                   0                   0
                   0                   0                   0                   0
                   0                   0                   0                   0
                   0                   0                   0                   0
                   0                   0                   0                   0
                   0                   0                   0                   0
                   0                   0                   0                   0
                   0                   0                   0                   0
                   0                   0                   0                   0
                   0                   0                   0                   0
                   0                   0                   0                   0
                   0                   0                   0                   0
                   0                   0                   0                   0
                   0                   0                   0                   0
                   0                   0                   0                   0
                   0                   0                   0                   0
                   0                   0                   0                   0
                   0                   0                   0                   0
                   0                   0                   0                   0
                   0                   0                   0                   0
                   0                   0                   0                   0
                   0                   0                   0                   0
                   0                   0                   0                   0
