 52128.00u  126.805700  0.0000E+00   02/26/20
Ace Te128 IAEA-PD                                                        mat5249
      0         0.      0         0.      0         0.      0         0.
      0         0.      0         0.      0         0.      0         0.
      0         0.      0         0.      0         0.      0         0.
      0         0.      0         0.      0         0.      0         0.
   313193    52128       89        1        7        2       12        0
        0        0        0        0        0        0        0        1
        1       90       90        0      179      268      269      270
      271      362      446        0        0        0        0        0
        0        0        0        0        0        0        0        0
        0        0        0        0        0        0        0        0
   9.99999000000E-01   1.00000000000E+00   1.50000000000E+00   2.00000000000E+00
   2.50000000000E+00   3.00000000000E+00   3.50000000000E+00   4.00000000000E+00
   4.50000000000E+00   5.00000000000E+00   5.50000000000E+00   6.00000000000E+00
   6.50000000000E+00   7.00000000000E+00   7.50000000000E+00   8.00000000000E+00
   8.50000000000E+00   9.00000000000E+00   9.50000000000E+00   1.00000000000E+01
   1.05000000000E+01   1.10000000000E+01   1.15000000000E+01   1.20000000000E+01
   1.25000000000E+01   1.30000000000E+01   1.35000000000E+01   1.40000000000E+01
   1.45000000000E+01   1.50000000000E+01   1.55000000000E+01   1.60000000000E+01
   1.65000000000E+01   1.70000000000E+01   1.75000000000E+01   1.80000000000E+01
   1.85000000000E+01   1.90000000000E+01   1.95000000000E+01   2.00000000000E+01
   2.10000000000E+01   2.20000000000E+01   2.30000000000E+01   2.40000000000E+01
   2.50000000000E+01   2.60000000000E+01   2.70000000000E+01   2.80000000000E+01
   2.90000000000E+01   3.00000000000E+01   3.20000000000E+01   3.40000000000E+01
   3.60000000000E+01   3.80000000000E+01   4.00000000000E+01   4.20000000000E+01
   4.40000000000E+01   4.60000000000E+01   4.80000000000E+01   5.00000000000E+01
   5.20000000000E+01   5.40000000000E+01   5.60000000000E+01   5.80000000000E+01
   6.00000000000E+01   6.20000000000E+01   6.40000000000E+01   6.60000000000E+01
   6.80000000000E+01   7.00000000000E+01   7.20000000000E+01   7.40000000000E+01
   7.60000000000E+01   7.80000000000E+01   8.00000000000E+01   8.50000000000E+01
   9.00000000000E+01   9.50000000000E+01   1.00000000000E+02   1.10000000000E+02
   1.20000000000E+02   1.30000000000E+02   1.40000000000E+02   1.50000000000E+02
   1.60000000000E+02   1.70000000000E+02   1.80000000000E+02   1.90000000000E+02
   2.00000000000E+02   0.00000000000E+00   1.93516400000E-05   5.56590500000E-05
   1.21915500000E-04   2.29291300000E-04   3.91445000000E-04   6.25551300000E-04
   9.53735100000E-04   1.40509400000E-03   2.01848200000E-03   2.84594100000E-03
   3.95558700000E-03   5.42977300000E-03   7.35092600000E-03   9.77969400000E-03
   1.27859900000E-02   1.65988200000E-02   2.17458600000E-02   2.90508300000E-02
   3.95691700000E-02   5.41917700000E-02   7.22274600000E-02   9.10273100000E-02
   1.11130600000E-01   1.37636900000E-01   1.74245500000E-01   2.19762700000E-01
   2.65768700000E-01   2.97776700000E-01   3.05646400000E-01   2.92917400000E-01
   2.70288300000E-01   2.44088600000E-01   2.15274100000E-01   1.85277000000E-01
   1.57249600000E-01   1.33336100000E-01   1.13893400000E-01   9.83418300000E-02
   8.58910800000E-02   6.74148400000E-02   5.47526700000E-02   4.56681900000E-02
   3.88945700000E-02   3.36841800000E-02   2.95752400000E-02   2.62702300000E-02
   2.35702000000E-02   2.13375300000E-02   1.94740900000E-02   1.65848100000E-02
   1.45097500000E-02   1.30076900000E-02   1.19191200000E-02   1.11328400000E-02
   1.05687200000E-02   1.01678900000E-02   9.88663200000E-03   9.69231600000E-03
   9.56052800000E-03   9.47298800000E-03   9.41601300000E-03   9.37936700000E-03
   9.35541400000E-03   9.33847400000E-03   9.32434600000E-03   9.30994800000E-03
   9.29304800000E-03   9.27206100000E-03   9.24589500000E-03   9.21383300000E-03
   9.17544800000E-03   9.13053000000E-03   9.07904000000E-03   9.02106500000E-03
   8.84915500000E-03   8.64266100000E-03   8.40764500000E-03   8.15080400000E-03
   7.59907700000E-03   7.04101800000E-03   6.52650900000E-03   6.10113900000E-03
   5.57215400000E-03   5.11519900000E-03   4.71727400000E-03   4.36824600000E-03
   4.06011400000E-03   3.78648400000E-03   0.00000000000E+00   1.00000000000E+00
   1.04987300000E+00   1.09974600000E+00   1.14962000000E+00   1.19949300000E+00
   9.33270600000E-01   5.32352100000E-01   5.19282700000E-01   5.15838400000E-01
   5.10836500000E-01   4.88644400000E-01   4.89994700000E-01   4.63370600000E-01
   4.10901300000E-01   3.37457800000E-01   1.94057700000E+00   8.62419200000E+00
   8.63746200000E+00   8.82060100000E+00   8.68336800000E+00   8.72580700000E+00
   8.78411100000E+00   8.79867900000E+00   8.85237500000E+00   8.86276200000E+00
   8.84315600000E+00   8.80081300000E+00   8.95969900000E+00   9.11068300000E+00
   9.60039900000E+00   1.03994800000E+01   1.13088200000E+01   1.20309300000E+01
   1.25350800000E+01   1.29166100000E+01   1.30493800000E+01   1.31903100000E+01
   1.33581500000E+01   1.35556400000E+01   1.36983200000E+01   1.38452000000E+01
   1.40323100000E+01   1.42326500000E+01   1.45254800000E+01   1.49337400000E+01
   1.57980300000E+01   1.66867600000E+01   1.75742300000E+01   1.84370000000E+01
   1.96209200000E+01   2.07486200000E+01   2.18118800000E+01   2.31094000000E+01
   2.43122700000E+01   2.54372600000E+01   2.65550100000E+01   2.75877500000E+01
   2.86636300000E+01   2.98500800000E+01   3.09756400000E+01   3.21039000000E+01
   3.32321200000E+01   3.43289600000E+01   3.54539400000E+01   3.65852300000E+01
   3.77872200000E+01   3.89252100000E+01   4.00127900000E+01   4.11169500000E+01
   4.22046600000E+01   4.32587900000E+01   4.43259800000E+01   4.53374300000E+01
   4.63469500000E+01   4.88919000000E+01   5.13897100000E+01   5.39440800000E+01
   5.64791100000E+01   6.16452400000E+01   6.66063600000E+01   7.17705900000E+01
   7.66314000000E+01   8.19307900000E+01   8.71164100000E+01   9.23085300000E+01
   9.74282500000E+01   1.01788900000E+02   1.07849300000E+02                   5
   0.00000000000E+00                   1                   1                  89
   0.00000000000E+00   1.93516400000E-05   5.56590500000E-05   1.21915500000E-04
   2.29291300000E-04   3.91445000000E-04   6.25551300000E-04   9.53735100000E-04
   1.40509400000E-03   2.01848200000E-03   2.84594100000E-03   3.95558700000E-03
   5.42977300000E-03   7.35092600000E-03   9.77969400000E-03   1.27859900000E-02
   1.65988200000E-02   2.17458600000E-02   2.90508300000E-02   3.95691700000E-02
   5.41917700000E-02   7.22274600000E-02   9.10273100000E-02   1.11130600000E-01
   1.37636900000E-01   1.74245500000E-01   2.19762700000E-01   2.65768700000E-01
   2.97776700000E-01   3.05646400000E-01   2.92917400000E-01   2.70288300000E-01
   2.44088600000E-01   2.15274100000E-01   1.85277000000E-01   1.57249600000E-01
   1.33336100000E-01   1.13893400000E-01   9.83418300000E-02   8.58910800000E-02
   6.74148400000E-02   5.47526700000E-02   4.56681900000E-02   3.88945700000E-02
   3.36841800000E-02   2.95752400000E-02   2.62702300000E-02   2.35702000000E-02
   2.13375300000E-02   1.94740900000E-02   1.65848100000E-02   1.45097500000E-02
   1.30076900000E-02   1.19191200000E-02   1.11328400000E-02   1.05687200000E-02
   1.01678900000E-02   9.88663200000E-03   9.69231600000E-03   9.56052800000E-03
   9.47298800000E-03   9.41601300000E-03   9.37936700000E-03   9.35541400000E-03
   9.33847400000E-03   9.32434600000E-03   9.30994800000E-03   9.29304800000E-03
   9.27206100000E-03   9.24589500000E-03   9.21383300000E-03   9.17544800000E-03
   9.13053000000E-03   9.07904000000E-03   9.02106500000E-03   8.84915500000E-03
   8.64266100000E-03   8.40764500000E-03   8.15080400000E-03   7.59907700000E-03
   7.04101800000E-03   6.52650900000E-03   6.10113900000E-03   5.57215400000E-03
   5.11519900000E-03   4.71727400000E-03   4.36824600000E-03   4.06011400000E-03
   3.78648400000E-03                   1                   1                 446
                 521                 596                 597                 598
                 599                 751                 752                 752
                 753                   2                   1               52692
               52783               52874               52875               52876
               52877               53051               53052               53052
               53053                   9                   1               66717
               66790               66863               66864               66865
               66866               67014               67015               67015
               67016                  31                   1              119484
              119545              119606              119607              119608
              119609              119733              119734              119734
              119735                  32                   1              163322
              163383              163444              163445              163446
              163447              163571              163572              163572
              163573                  33                   1              207014
              207068              207122              207123              207124
              207125              207239              207240              207240
              207241                  34                   1              248648
              248732              248816              248817              248818
              248819              248993              248994              248994
              248995                  17                  73   0.00000000000E+00
   2.12664800000E-02   2.87323900000E-02   3.92355900000E-02   5.38543300000E-02
   7.18063100000E-02   9.05266400000E-02   1.10592500000E-01   1.37083500000E-01
   1.73687700000E-01   2.19218200000E-01   2.65266400000E-01   2.97346300000E-01
   3.05300300000E-01   3.20033100000E-01   3.38733700000E-01   3.41400100000E-01
   3.28184300000E-01   2.97208800000E-01   2.60555400000E-01   2.25303200000E-01
   1.95139000000E-01   1.70426300000E-01   1.50037900000E-01   1.19505500000E-01
   9.79063700000E-02   8.20854200000E-02   7.00953300000E-02   6.08661300000E-02
   5.46280400000E-02   5.04173800000E-02   4.71235200000E-02   4.40836100000E-02
   4.13116100000E-02   3.63202500000E-02   3.26069300000E-02   3.01419000000E-02
   2.85474500000E-02   2.75007100000E-02   2.68252500000E-02   2.64098800000E-02
   2.62084300000E-02   2.62366600000E-02   2.65032700000E-02   2.68649200000E-02
   2.73087200000E-02   2.77246200000E-02   2.82845400000E-02   2.88004200000E-02
   2.93902900000E-02   2.98677900000E-02   3.03687700000E-02   3.08786800000E-02
   3.13517200000E-02   3.17782200000E-02   3.21857900000E-02   3.25519300000E-02
   3.29361200000E-02   3.32723500000E-02   3.39198500000E-02   3.43634100000E-02
   3.46076900000E-02   3.46697900000E-02   3.43914500000E-02   3.37684700000E-02
   3.29543400000E-02   3.24132000000E-02   3.10090300000E-02   2.97392700000E-02
   2.85504100000E-02   2.74996600000E-02   2.70604900000E-02   2.61505900000E-02
                  17                  73   0.00000000000E+00   1.22573000000E-01
   4.10056100000E-01   6.97931700000E-01   8.57767600000E-01   1.01645700000E+00
   1.17519600000E+00   1.33447900000E+00   1.36387800000E+00   1.39332100000E+00
   1.42267300000E+00   1.45186900000E+00   1.43897400000E+00   1.42587800000E+00
   1.54482200000E+00   1.75498900000E+00   2.03361000000E+00   2.29824100000E+00
   2.50425600000E+00   2.67550700000E+00   2.87502800000E+00   3.06382800000E+00
   3.24930400000E+00   3.42679000000E+00   3.79478400000E+00   4.14795400000E+00
   4.49819600000E+00   4.83969900000E+00   5.13574500000E+00   5.53928600000E+00
   5.93745500000E+00   6.37482000000E+00   6.82306800000E+00   7.24765000000E+00
   8.13908600000E+00   8.90479300000E+00   9.75222100000E+00   1.05658500000E+01
   1.13985100000E+01   1.22329300000E+01   1.30513500000E+01   1.38593400000E+01
   1.47029100000E+01   1.55356300000E+01   1.63909500000E+01   1.72778200000E+01
   1.81346600000E+01   1.90256900000E+01   1.98948400000E+01   2.08020200000E+01
   2.16499800000E+01   2.25393500000E+01   2.34651400000E+01   2.43965200000E+01
   2.52809700000E+01   2.61868000000E+01   2.70972200000E+01   2.80632100000E+01
   2.90307700000E+01   3.13725200000E+01   3.37887800000E+01   3.61582200000E+01
   3.85818800000E+01   4.32805200000E+01   4.82275200000E+01   5.28676100000E+01
   5.78265200000E+01   6.24412400000E+01   6.71855300000E+01   7.17415000000E+01
   7.64956800000E+01   8.18431700000E+01   8.56941600000E+01                   5
                  -1                   1                   6                   5
                   0                  74   1.00000000000E+00   8.78335500000E+00
   9.00000000000E+00   9.50000000000E+00   1.00000000000E+01   1.05000000000E+01
   1.10000000000E+01   1.15000000000E+01   1.20000000000E+01   1.25000000000E+01
   1.30000000000E+01   1.35000000000E+01   1.40000000000E+01   1.45000000000E+01
   1.50000000000E+01   1.55000000000E+01   1.60000000000E+01   1.65000000000E+01
   1.70000000000E+01   1.75000000000E+01   1.80000000000E+01   1.85000000000E+01
   1.90000000000E+01   1.95000000000E+01   2.00000000000E+01   2.10000000000E+01
   2.20000000000E+01   2.30000000000E+01   2.40000000000E+01   2.50000000000E+01
   2.60000000000E+01   2.70000000000E+01   2.80000000000E+01   2.90000000000E+01
   3.00000000000E+01   3.20000000000E+01   3.40000000000E+01   3.60000000000E+01
   3.80000000000E+01   4.00000000000E+01   4.20000000000E+01   4.40000000000E+01
   4.60000000000E+01   4.80000000000E+01   5.00000000000E+01   5.20000000000E+01
   5.40000000000E+01   5.60000000000E+01   5.80000000000E+01   6.00000000000E+01
   6.20000000000E+01   6.40000000000E+01   6.60000000000E+01   6.80000000000E+01
   7.00000000000E+01   7.20000000000E+01   7.40000000000E+01   7.60000000000E+01
   7.80000000000E+01   8.00000000000E+01   8.50000000000E+01   9.00000000000E+01
   9.50000000000E+01   1.00000000000E+02   1.10000000000E+02   1.20000000000E+02
   1.30000000000E+02   1.40000000000E+02   1.50000000000E+02   1.60000000000E+02
   1.70000000000E+02   1.80000000000E+02   1.90000000000E+02   2.00000000000E+02
   0.00000000000E+00   0.00000000000E+00   9.77955300000E-01   9.89038500000E-01
   9.91569700000E-01   9.93773200000E-01   9.94169100000E-01   9.94499800000E-01
   9.95157900000E-01   9.95979300000E-01   9.96798800000E-01   9.97522300000E-01
   9.98110000000E-01   9.98554600000E-01   9.98867600000E-01   1.09257100000E+00
   1.25323100000E+00   1.39867300000E+00   1.52449500000E+00   1.60413200000E+00
   1.65695400000E+00   1.68973900000E+00   1.71334800000E+00   1.73299900000E+00
   1.74683900000E+00   1.77268800000E+00   1.78815700000E+00   1.79743100000E+00
   1.80218800000E+00   1.80696500000E+00   1.84708700000E+00   1.91918300000E+00
   1.99928400000E+00   2.06601300000E+00   2.12136300000E+00   2.18997100000E+00
   2.24724300000E+00   2.31723700000E+00   2.39509700000E+00   2.47023300000E+00
   2.53817400000E+00   2.59738100000E+00   2.65089600000E+00   2.70695500000E+00
   2.77215500000E+00   2.83595000000E+00   2.90024200000E+00   2.95591600000E+00
   3.02333400000E+00   3.08406100000E+00   3.15199500000E+00   3.20815900000E+00
   3.26790200000E+00   3.33029300000E+00   3.39088000000E+00   3.44896900000E+00
   3.50781700000E+00   3.56517400000E+00   3.62771000000E+00   3.68829500000E+00
   3.83311700000E+00   3.97602200000E+00   4.11621700000E+00   4.25354200000E+00
   4.52574000000E+00   4.79596400000E+00   5.04930600000E+00   5.31264700000E+00
   5.56499900000E+00   5.81390300000E+00   6.05231100000E+00   6.29535500000E+00
   6.66495800000E+00   6.90629900000E+00                   0                   1
                   0                   4                  10                   0
                   2   1.00000000000E+00   2.00000000000E+02   1.00000000000E+00
   1.00000000000E+00                   0                  31   1.00000000000E+00
   8.78335500000E+00   1.00000000000E+01   1.20000000000E+01   1.40000000000E+01
   1.60000000000E+01   1.80000000000E+01   2.00000000000E+01   2.20000000000E+01
   2.40000000000E+01   2.60000000000E+01   2.80000000000E+01   3.00000000000E+01
   3.20000000000E+01   3.60000000000E+01   4.00000000000E+01   4.40000000000E+01
   4.80000000000E+01   5.00000000000E+01   5.20000000000E+01   5.60000000000E+01
   6.00000000000E+01   7.00000000000E+01   8.00000000000E+01   9.00000000000E+01
   1.00000000000E+02   1.20000000000E+02   1.40000000000E+02   1.60000000000E+02
   1.80000000000E+02   2.00000000000E+02                  74                  85
                  96                 140                 448                1044
                1816                2687                3635                4649
                5912                7227                8594               10000
               11445               12942               14491               16323
               18200               20092               21999               23921
               25873               28136               30450               33055
               35698               38661               41952               45266
               48603                   2                   3   0.00000000000E+00
   5.00000000000E-07   1.00000000000E-06   0.00000000000E+00   2.00000000000E+06
   0.00000000000E+00   0.00000000000E+00   5.00000000000E-01   1.00000000000E+00
                   2                   3   0.00000000000E+00   5.00000000000E-07
   1.00000000000E-06   0.00000000000E+00   2.00000000000E+06   0.00000000000E+00
   0.00000000000E+00   5.00000000000E-01   1.00000000000E+00                   2
                  14   0.00000000000E+00   2.50000000000E-02   1.00000000000E-01
   2.00000000000E-01   3.00000000000E-01   4.00000000000E-01   5.00000000000E-01
   6.00000000000E-01   7.00000000000E-01   8.00000000000E-01   9.00000000000E-01
   1.00000000000E+00   1.10000000000E+00   1.20000000000E+00   0.00000000000E+00
   1.89479400000E-01   7.54420400000E-01   4.09983000000E-04   6.95460800000E-03
   7.78379800000E-01   1.40987800000E+00   1.79491300000E+00   2.85396000000E+00
   2.01649000000E-05   8.89681200000E-03   2.34419000000E-06   1.00408000000E-02
   4.76337500000E+00   0.00000000000E+00   2.36849232000E-03   3.77647359000E-02
   7.55062572000E-02   7.58744868000E-02   1.15141209000E-01   2.24554096000E-01
   3.84793634000E-01   6.17237267000E-01   7.59936264000E-01   7.60382113000E-01
   7.60827071000E-01   7.61329228000E-01   1.00000000000E+00                   2
                  34   0.00000000000E+00   2.50000000000E-02   1.00000000000E-01
   2.00000000000E-01   3.00000000000E-01   4.00000000000E-01   5.00000000000E-01
   6.00000000000E-01   7.00000000000E-01   8.00000000000E-01   9.00000000000E-01
   1.00000000000E+00   1.10000000000E+00   1.20000000000E+00   1.30000000000E+00
   1.40000000000E+00   1.50000000000E+00   1.60000000000E+00   1.70000000000E+00
   1.80000000000E+00   1.90000000000E+00   2.00000000000E+00   2.10000000000E+00
   2.20000000000E+00   2.30000000000E+00   2.40000000000E+00   2.50000000000E+00
   2.60000000000E+00   2.70000000000E+00   2.80000000000E+00   2.90000000000E+00
   3.00000000000E+00   3.10000000000E+00   3.20000000000E+00   0.00000000000E+00
   5.60973000000E-02   2.13952000000E-01   3.25868400000E-01   3.92393200000E-01
   4.31357600000E-01   4.53279100000E-01   4.64100400000E-01   4.67194500000E-01
   4.64253100000E-01   4.56272600000E-01   4.43996300000E-01   4.28009000000E-01
   4.08944200000E-01   3.87485400000E-01   3.64283600000E-01   3.39999000000E-01
   3.41180300000E-01   2.54561700000E-01   4.20036300000E-01   7.83470000000E-01
   2.39030500000E-01   5.64562100000E-01   3.27231000000E-05   4.60622500000E-02
   2.42849300000E-01   2.20160200000E-01   2.77471700000E-01   3.06353400000E-01
   1.33703000000E-06   5.49284500000E-02   1.48141000000E-07   3.79646500000E-02
   3.37283400000E-01   0.00000000000E+00   7.01216263000E-04   1.08280652000E-02
   3.78190857000E-02   7.37321664000E-02   1.14919707000E-01   1.59151543000E-01
   2.05020519000E-01   2.51585265000E-01   2.98157646000E-01   3.44183932000E-01
   3.89197377000E-01   4.32797643000E-01   4.74645304000E-01   5.14466785000E-01
   5.52055236000E-01   5.87269366000E-01   6.21328332000E-01   6.51115432000E-01
   6.84845333000E-01   7.45020649000E-01   7.96145675000E-01   8.36325306000E-01
   8.64555048000E-01   8.66859796000E-01   8.81305374000E-01   9.04455850000E-01
   9.29337445000E-01   9.58528701000E-01   9.73846438000E-01   9.76592927000E-01
   9.79339357000E-01   9.81237597000E-01   1.00000000000E+00                   0
                   0                   0                   0                   0
                   0                   0                   0                   0
                   0                   0                   0                   0
                   0                   0                   0                   0
                   0                   0                   0                   0
                   0                   0                   0                   0
                   0                   0                   0                   0
                   0                   0                   0                   0
                   0                   0                   0                   0
                   0                   0                   0                   0
                   0                   0                   0                   0
                   0                   0                   0                   0
                   0                   0                   0                   0
                   0                   0                   0                   0
                   0                   0                   0                   0
                   0                   0                   0                   0
                   0                   0                   0                   0
                   0                   0                   0                   0
                   0                   0                   0                   0
                   0                   0                   0                   0
                   0                   0                   0                   0
                   0                   0                   0                   0
                   0                   0                   0                   0
                   0                   0                   0                   0
                   0                   0                   0                   0
                   0                   0                   0                   0
                   0                   0                   0                   0
                   0                   0                   0                   0
                   0                   0                   0                   0
                   0                   0                   0                   0
                   0                   0                   0                   0
                   0                   0                   0                   0
                   0                   0                   0
