 52125.00u  123.831400  0.0000E+00   06/19/20
Ace Te125 IAEA-PD                                                        mat5240
      0         0.      0         0.      0         0.      0         0.
      0         0.      0         0.      0         0.      0         0.
      0         0.      0         0.      0         0.      0         0.
      0         0.      0         0.      0         0.      0         0.
   331751    52125       89        1        7        2       12        0
        0        0        0        0        0        0        0        1
        1       90       90        0      179      268      269      270
      271      362      446        0        0        0        0        0
        0        0        0        0        0        0        0        0
        0        0        0        0        0        0        0        0
   9.99999000000E-01   1.00000000000E+00   1.50000000000E+00   2.00000000000E+00
   2.50000000000E+00   3.00000000000E+00   3.50000000000E+00   4.00000000000E+00
   4.50000000000E+00   5.00000000000E+00   5.50000000000E+00   6.00000000000E+00
   6.50000000000E+00   7.00000000000E+00   7.50000000000E+00   8.00000000000E+00
   8.50000000000E+00   9.00000000000E+00   9.50000000000E+00   1.00000000000E+01
   1.05000000000E+01   1.10000000000E+01   1.15000000000E+01   1.20000000000E+01
   1.25000000000E+01   1.30000000000E+01   1.35000000000E+01   1.40000000000E+01
   1.45000000000E+01   1.50000000000E+01   1.55000000000E+01   1.60000000000E+01
   1.65000000000E+01   1.70000000000E+01   1.75000000000E+01   1.80000000000E+01
   1.85000000000E+01   1.90000000000E+01   1.95000000000E+01   2.00000000000E+01
   2.10000000000E+01   2.20000000000E+01   2.30000000000E+01   2.40000000000E+01
   2.50000000000E+01   2.60000000000E+01   2.70000000000E+01   2.80000000000E+01
   2.90000000000E+01   3.00000000000E+01   3.20000000000E+01   3.40000000000E+01
   3.60000000000E+01   3.80000000000E+01   4.00000000000E+01   4.20000000000E+01
   4.40000000000E+01   4.60000000000E+01   4.80000000000E+01   5.00000000000E+01
   5.20000000000E+01   5.40000000000E+01   5.60000000000E+01   5.80000000000E+01
   6.00000000000E+01   6.20000000000E+01   6.40000000000E+01   6.60000000000E+01
   6.80000000000E+01   7.00000000000E+01   7.20000000000E+01   7.40000000000E+01
   7.60000000000E+01   7.80000000000E+01   8.00000000000E+01   8.50000000000E+01
   9.00000000000E+01   9.50000000000E+01   1.00000000000E+02   1.10000000000E+02
   1.20000000000E+02   1.30000000000E+02   1.40000000000E+02   1.50000000000E+02
   1.60000000000E+02   1.70000000000E+02   1.80000000000E+02   1.90000000000E+02
   2.00000000000E+02   0.00000000000E+00   1.60574100000E-05   4.60936000000E-05
   1.00716900000E-04   1.88847100000E-04   3.21198600000E-04   5.10984200000E-04
   7.74878200000E-04   1.13435000000E-03   1.61745400000E-03   2.26095600000E-03
   3.11180600000E-03   4.22475400000E-03   5.64953600000E-03   7.40729400000E-03
   9.49545500000E-03   1.19789600000E-02   1.50823400000E-02   1.91561500000E-02
   2.46227500000E-02   3.20007500000E-02   4.19698900000E-02   5.54341200000E-02
   7.35722900000E-02   9.78515700000E-02   1.29810100000E-01   1.70060700000E-01
   2.15980200000E-01   2.59078600000E-01   2.86359300000E-01   2.88898200000E-01
   2.69331500000E-01   2.38038700000E-01   2.04577000000E-01   1.74115900000E-01
   1.48348500000E-01   1.27231200000E-01   1.10105100000E-01   9.62102800000E-02
   8.48704500000E-02   6.75825000000E-02   5.53956600000E-02   4.64835200000E-02
   3.97524600000E-02   3.45279800000E-02   3.03799600000E-02   2.70250000000E-02
   2.42706300000E-02   2.19823500000E-02   2.00636400000E-02   1.70682200000E-02
   1.48959100000E-02   1.33074500000E-02   1.21439500000E-02   1.12939400000E-02
   1.06763600000E-02   1.02311200000E-02   9.91319000000E-03   9.68867900000E-03
   9.53206100000E-03   9.42409800000E-03   9.35030900000E-03   9.29980800000E-03
   9.26442700000E-03   9.23805900000E-03   9.21615900000E-03   9.19536800000E-03
   9.17323100000E-03   9.14798100000E-03   9.11837700000E-03   9.08358400000E-03
   9.04307200000E-03   8.99654900000E-03   8.94390700000E-03   8.88517400000E-03
   8.71278500000E-03   8.50737800000E-03   8.27458400000E-03   8.02077600000E-03
   7.47658900000E-03   6.92683200000E-03   6.42025800000E-03   6.00155700000E-03
   5.48105700000E-03   5.03147500000E-03   4.63999600000E-03   4.29664000000E-03
   3.99352700000E-03   3.72436100000E-03   0.00000000000E+00   1.00000000000E+00
   6.31741700000E-01   2.63484200000E-01   3.07029600000E-01   3.35605400000E-01
   3.40687200000E-01   3.07757500000E-01   3.59141500000E-01   3.61449500000E-01
   3.10793200000E-01   2.10827300000E-01   1.31982000000E+00   6.57172100000E+00
   6.39193400000E+00   6.59036000000E+00   6.64896600000E+00   6.49266600000E+00
   6.46839700000E+00   6.55292700000E+00   6.62133200000E+00   6.65130500000E+00
   6.63149600000E+00   6.57635400000E+00   6.59652300000E+00   6.60879200000E+00
   6.60965100000E+00   6.59352900000E+00   6.60105700000E+00   6.59159200000E+00
   6.56690900000E+00   6.53217300000E+00   7.62489900000E+00   9.04186600000E+00
   1.03720300000E+01   1.15028900000E+01   1.22558000000E+01   1.28837400000E+01
   1.34486300000E+01   1.39942900000E+01   1.44128000000E+01   1.47970000000E+01
   1.50315400000E+01   1.52694200000E+01   1.60236300000E+01   1.68520300000E+01
   1.78568800000E+01   1.87335300000E+01   1.93605800000E+01   1.99533800000E+01
   2.07256500000E+01   2.14371800000E+01   2.22422400000E+01   2.38422500000E+01
   2.55084500000E+01   2.69753500000E+01   2.84276500000E+01   2.96140000000E+01
   3.07638900000E+01   3.19861000000E+01   3.31459900000E+01   3.42584000000E+01
   3.53503400000E+01   3.64666400000E+01   3.76474100000E+01   3.88902400000E+01
   4.01289800000E+01   4.13795900000E+01   4.26196500000E+01   4.38427500000E+01
   4.50193600000E+01   4.61814200000E+01   4.73417600000E+01   4.84671200000E+01
   4.95729800000E+01   5.23339800000E+01   5.51250700000E+01   5.80412300000E+01
   6.08593400000E+01   6.67875300000E+01   7.22873000000E+01   7.82731900000E+01
   8.40240700000E+01   9.00186800000E+01   9.58811500000E+01   1.01970200000E+02
   1.07995400000E+02   1.14097200000E+02   1.20155000000E+02                   5
   0.00000000000E+00                   1                   1                  89
   0.00000000000E+00   1.60574100000E-05   4.60936000000E-05   1.00716900000E-04
   1.88847100000E-04   3.21198600000E-04   5.10984200000E-04   7.74878200000E-04
   1.13435000000E-03   1.61745400000E-03   2.26095600000E-03   3.11180600000E-03
   4.22475400000E-03   5.64953600000E-03   7.40729400000E-03   9.49545500000E-03
   1.19789600000E-02   1.50823400000E-02   1.91561500000E-02   2.46227500000E-02
   3.20007500000E-02   4.19698900000E-02   5.54341200000E-02   7.35722900000E-02
   9.78515700000E-02   1.29810100000E-01   1.70060700000E-01   2.15980200000E-01
   2.59078600000E-01   2.86359300000E-01   2.88898200000E-01   2.69331500000E-01
   2.38038700000E-01   2.04577000000E-01   1.74115900000E-01   1.48348500000E-01
   1.27231200000E-01   1.10105100000E-01   9.62102800000E-02   8.48704500000E-02
   6.75825000000E-02   5.53956600000E-02   4.64835200000E-02   3.97524600000E-02
   3.45279800000E-02   3.03799600000E-02   2.70250000000E-02   2.42706300000E-02
   2.19823500000E-02   2.00636400000E-02   1.70682200000E-02   1.48959100000E-02
   1.33074500000E-02   1.21439500000E-02   1.12939400000E-02   1.06763600000E-02
   1.02311200000E-02   9.91319000000E-03   9.68867900000E-03   9.53206100000E-03
   9.42409800000E-03   9.35030900000E-03   9.29980800000E-03   9.26442700000E-03
   9.23805900000E-03   9.21615900000E-03   9.19536800000E-03   9.17323100000E-03
   9.14798100000E-03   9.11837700000E-03   9.08358400000E-03   9.04307200000E-03
   8.99654900000E-03   8.94390700000E-03   8.88517400000E-03   8.71278500000E-03
   8.50737800000E-03   8.27458400000E-03   8.02077600000E-03   7.47658900000E-03
   6.92683200000E-03   6.42025800000E-03   6.00155700000E-03   5.48105700000E-03
   5.03147500000E-03   4.63999600000E-03   4.29664000000E-03   3.99352700000E-03
   3.72436100000E-03                   1                   1                 446
                 525                 604                 605                 606
                 607                 767                 768                 768
                 769                   2                   1               56765
               56856               56947               56948               56949
               56950               57128               57129               57129
               57130                   9                   1               70840
               70915               70990               70991               70992
               70993               71145               71146               71146
               71147                  31                   1              125309
              125376              125443              125444              125445
              125446              125580              125581              125581
              125582                  32                   1              173349
              173410              173471              173472              173473
              173474              173598              173599              173599
              173600                  33                   1              217580
              217642              217704              217705              217706
              217707              217837              217838              217838
              217839                  34                   1              264434
              264520              264606              264607              264608
              264609              264785              264786              264786
              264787                  13                  77   0.00000000000E+00
   5.42748300000E-03   7.29499500000E-03   9.32567200000E-03   1.17321200000E-02
   1.48182700000E-02   1.88901400000E-02   2.43446200000E-02   3.17130500000E-02
   4.16746100000E-02   5.51331900000E-02   7.32682300000E-02   9.75471100000E-02
   1.29507900000E-01   1.69763900000E-01   2.15692700000E-01   2.58804800000E-01
   2.86100000000E-01   2.88646100000E-01   2.69080100000E-01   2.54795000000E-01
   2.49367100000E-01   2.39831100000E-01   2.24575300000E-01   2.05358800000E-01
   1.85457400000E-01   1.66590500000E-01   1.50073700000E-01   1.22449700000E-01
   1.01732900000E-01   8.59768900000E-02   7.42972700000E-02   6.71914800000E-02
   6.26973400000E-02   5.90911100000E-02   5.55240400000E-02   5.19782100000E-02
   4.85300700000E-02   4.22846400000E-02   3.73505600000E-02   3.38218400000E-02
   3.20100800000E-02   3.12356600000E-02   3.07239800000E-02   3.02314000000E-02
   2.99877000000E-02   3.00235900000E-02   3.03472400000E-02   3.07805200000E-02
   3.12440700000E-02   3.16945900000E-02   3.21571100000E-02   3.26117200000E-02
   3.31534000000E-02   3.37763400000E-02   3.43631500000E-02   3.49267100000E-02
   3.54013800000E-02   3.58863300000E-02   3.63427900000E-02   3.67300800000E-02
   3.71088000000E-02   3.74226000000E-02   3.80575100000E-02   3.84127300000E-02
   3.84625900000E-02   3.84112100000E-02   3.78716700000E-02   3.71548700000E-02
   3.61425700000E-02   3.54116000000E-02   3.38028300000E-02   3.23612700000E-02
   3.10396100000E-02   2.98124000000E-02   2.86707200000E-02   2.76420500000E-02
                  13                  77   0.00000000000E+00   2.49531400000E-01
   5.52536000000E-01   8.46924100000E-01   8.94326100000E-01   9.47064500000E-01
   1.00065000000E+00   1.05350400000E+00   1.12019300000E+00   1.18676100000E+00
   1.25314500000E+00   1.31932400000E+00   1.35469500000E+00   1.38980400000E+00
   1.42468000000E+00   1.45934900000E+00   1.50364200000E+00   1.54776800000E+00
   1.59171900000E+00   1.63552000000E+00   1.70920000000E+00   1.89733500000E+00
   2.08857600000E+00   2.23448500000E+00   2.49171400000E+00   2.71430600000E+00
   2.90754800000E+00   3.08898200000E+00   3.38834600000E+00   3.66064900000E+00
   3.87774700000E+00   4.11127100000E+00   4.36543700000E+00   4.71954500000E+00
   5.10324300000E+00   5.44709200000E+00   5.82685100000E+00   6.16189300000E+00
   6.83373900000E+00   7.42364800000E+00   8.03863800000E+00   8.64953300000E+00
   9.40349500000E+00   1.02063500000E+01   1.09129200000E+01   1.16072100000E+01
   1.23361000000E+01   1.30817400000E+01   1.38305800000E+01   1.45979900000E+01
   1.53461700000E+01   1.61176700000E+01   1.68885900000E+01   1.76401400000E+01
   1.84515400000E+01   1.92654200000E+01   2.00920500000E+01   2.08955600000E+01
   2.16951400000E+01   2.25091800000E+01   2.33133400000E+01   2.41462600000E+01
   2.49721800000E+01   2.70315600000E+01   2.91140400000E+01   3.11437600000E+01
   3.32935900000E+01   3.71925100000E+01   4.14783900000E+01   4.54010800000E+01
   4.95453800000E+01   5.34229400000E+01   5.74220500000E+01   6.12535500000E+01
   6.51199000000E+01   6.88124400000E+01   7.26196900000E+01                   5
                  -1                   1                   6                   5
                   0                  78   1.00000000000E+00   6.56897000000E+00
   7.00000000000E+00   7.50000000000E+00   8.00000000000E+00   8.50000000000E+00
   9.00000000000E+00   9.50000000000E+00   1.00000000000E+01   1.05000000000E+01
   1.10000000000E+01   1.15000000000E+01   1.20000000000E+01   1.25000000000E+01
   1.30000000000E+01   1.35000000000E+01   1.40000000000E+01   1.45000000000E+01
   1.50000000000E+01   1.55000000000E+01   1.60000000000E+01   1.65000000000E+01
   1.70000000000E+01   1.75000000000E+01   1.80000000000E+01   1.85000000000E+01
   1.90000000000E+01   1.95000000000E+01   2.00000000000E+01   2.10000000000E+01
   2.20000000000E+01   2.30000000000E+01   2.40000000000E+01   2.50000000000E+01
   2.60000000000E+01   2.70000000000E+01   2.80000000000E+01   2.90000000000E+01
   3.00000000000E+01   3.20000000000E+01   3.40000000000E+01   3.60000000000E+01
   3.80000000000E+01   4.00000000000E+01   4.20000000000E+01   4.40000000000E+01
   4.60000000000E+01   4.80000000000E+01   5.00000000000E+01   5.20000000000E+01
   5.40000000000E+01   5.60000000000E+01   5.80000000000E+01   6.00000000000E+01
   6.20000000000E+01   6.40000000000E+01   6.60000000000E+01   6.80000000000E+01
   7.00000000000E+01   7.20000000000E+01   7.40000000000E+01   7.60000000000E+01
   7.80000000000E+01   8.00000000000E+01   8.50000000000E+01   9.00000000000E+01
   9.50000000000E+01   1.00000000000E+02   1.10000000000E+02   1.20000000000E+02
   1.30000000000E+02   1.40000000000E+02   1.50000000000E+02   1.60000000000E+02
   1.70000000000E+02   1.80000000000E+02   1.90000000000E+02   2.00000000000E+02
   0.00000000000E+00   0.00000000000E+00   9.60695400000E-01   9.84839400000E-01
   9.82119600000E-01   9.79393900000E-01   9.82491400000E-01   9.86113600000E-01
   9.88704300000E-01   9.91009600000E-01   9.92964500000E-01   9.94571400000E-01
   9.95867200000E-01   9.96888600000E-01   9.97672000000E-01   9.98254700000E-01
   9.98668900000E-01   9.98943200000E-01   9.99094500000E-01   9.99127400000E-01
   9.99066600000E-01   1.07039300000E+00   1.21894000000E+00   1.37742200000E+00
   1.51383600000E+00   1.61406000000E+00   1.68436700000E+00   1.73152500000E+00
   1.76826800000E+00   1.81185500000E+00   1.83647800000E+00   1.84962100000E+00
   1.86899800000E+00   1.94600100000E+00   2.06377300000E+00   2.18653500000E+00
   2.28770500000E+00   2.36454300000E+00   2.41880700000E+00   2.47739000000E+00
   2.50743700000E+00   2.54157200000E+00   2.63588700000E+00   2.76570100000E+00
   2.87775800000E+00   2.95484800000E+00   3.02503000000E+00   3.09883200000E+00
   3.18370200000E+00   3.26615000000E+00   3.34150100000E+00   3.40809100000E+00
   3.47103100000E+00   3.53014800000E+00   3.59731200000E+00   3.67319100000E+00
   3.74602500000E+00   3.81796900000E+00   3.88242100000E+00   3.95068000000E+00
   4.01885400000E+00   4.08268500000E+00   4.14905900000E+00   4.21180300000E+00
   4.36800700000E+00   4.51522500000E+00   4.64828100000E+00   4.78896400000E+00
   5.06536700000E+00   5.36390500000E+00   5.62945800000E+00   5.90040200000E+00
   6.16721000000E+00   6.43176600000E+00   6.68957700000E+00   6.93853800000E+00
   7.17929800000E+00   7.42195800000E+00                   0                   1
                   0                   4                  10                   0
                   2   1.00000000000E+00   2.00000000000E+02   1.00000000000E+00
   1.00000000000E+00                   0                  32   1.00000000000E+00
   6.56897000000E+00   8.00000000000E+00   1.00000000000E+01   1.20000000000E+01
   1.40000000000E+01   1.60000000000E+01   1.80000000000E+01   2.00000000000E+01
   2.20000000000E+01   2.40000000000E+01   2.60000000000E+01   2.80000000000E+01
   3.00000000000E+01   3.20000000000E+01   3.60000000000E+01   4.00000000000E+01
   4.40000000000E+01   4.80000000000E+01   5.00000000000E+01   5.20000000000E+01
   5.60000000000E+01   6.00000000000E+01   7.00000000000E+01   8.00000000000E+01
   9.00000000000E+01   1.00000000000E+02   1.20000000000E+02   1.40000000000E+02
   1.60000000000E+02   1.80000000000E+02   2.00000000000E+02                  76
                  87                  98                 148                 402
                 908                1746                2738                3807
                4942                6335                7780                9264
               10787               12336               13911               15538
               17445               19397               21364               23346
               25343               27355               29397               31745
               34127               36808               39508               42534
               45871               49231               52614                   2
                   3   0.00000000000E+00   5.00000000000E-07   1.00000000000E-06
   0.00000000000E+00   2.00000000000E+06   0.00000000000E+00   0.00000000000E+00
   5.00000000000E-01   1.00000000000E+00                   2                   3
   0.00000000000E+00   5.00000000000E-07   1.00000000000E-06   0.00000000000E+00
   2.00000000000E+06   0.00000000000E+00   0.00000000000E+00   5.00000000000E-01
   1.00000000000E+00                   2                  16   0.00000000000E+00
   2.50000000000E-02   1.00000000000E-01   2.00000000000E-01   3.00000000000E-01
   4.00000000000E-01   5.00000000000E-01   6.00000000000E-01   7.00000000000E-01
   8.00000000000E-01   9.00000000000E-01   1.00000000000E+00   1.10000000000E+00
   1.20000000000E+00   1.30000000000E+00   1.40000000000E+00   0.00000000000E+00
   2.94914800000E-01   1.16817000000E+00   1.03343400000E-02   1.73420100000E-03
   1.45433400000E-03   1.15781400000E-03   6.41635000000E-04   3.32950000000E-04
   6.37894600000E+00   1.27781000000E-04   6.82482000000E-05   2.98907000000E-05
   9.13793000000E-06   1.16180000000E-06   4.87111200000E+00   0.00000000000E+00
   3.68643513000E-03   5.85521171000E-02   1.17477336000E-01   1.18080763000E-01
   1.18240190000E-01   1.18370797000E-01   1.18460770000E-01   1.18509499000E-01
   4.37473458000E-01   7.56427158000E-01   7.56436960000E-01   7.56441867000E-01
   7.56443818000E-01   7.56444333000E-01   1.00000000000E+00                   2
                  36   0.00000000000E+00   2.50000000000E-02   1.00000000000E-01
   2.00000000000E-01   3.00000000000E-01   4.00000000000E-01   5.00000000000E-01
   6.00000000000E-01   7.00000000000E-01   8.00000000000E-01   9.00000000000E-01
   1.00000000000E+00   1.10000000000E+00   1.20000000000E+00   1.30000000000E+00
   1.40000000000E+00   1.50000000000E+00   1.60000000000E+00   1.70000000000E+00
   1.80000000000E+00   1.90000000000E+00   2.00000000000E+00   2.10000000000E+00
   2.20000000000E+00   2.30000000000E+00   2.40000000000E+00   2.50000000000E+00
   2.60000000000E+00   2.70000000000E+00   2.80000000000E+00   2.90000000000E+00
   3.00000000000E+00   3.10000000000E+00   3.20000000000E+00   3.30000000000E+00
   3.40000000000E+00   0.00000000000E+00   7.66408500000E-02   2.77818100000E-01
   4.26878200000E-01   5.14108400000E-01   5.63536800000E-01   5.89882600000E-01
   6.00036100000E-01   3.04633400000E-01   8.60243200000E-01   1.04295600000E+00
   2.92323600000E-01   1.15272700000E+00   5.54895000000E-01   5.41843800000E-01
   5.34482100000E-01   2.63659600000E-01   1.72148900000E-03   2.04607300000E-03
   2.14973300000E-01   8.26981000000E-04   6.33076000000E-04   4.61709300000E-01
   1.17934900000E-01   2.25044000000E-04   1.46614000000E-04   9.44481000000E-05
   5.76027000000E-05   3.41510000000E-05   5.48408400000E-01   1.04493000000E-05
   4.88252000000E-06   1.87586000000E-06   5.05542000000E-07   5.74322000000E-08
   2.55106900000E-01   0.00000000000E+00   9.58010657000E-04   1.42502217000E-02
   4.94850379000E-02   9.65343695000E-02   1.50416631000E-01   2.08087603000E-01
   2.67583540000E-01   3.12817017000E-01   3.71060849000E-01   4.66220812000E-01
   5.32984794000E-01   6.05237327000E-01   6.90618430000E-01   7.45455371000E-01
   7.99271668000E-01   8.39178755000E-01   8.52447810000E-01   8.52636188000E-01
   8.63487157000E-01   8.74277171000E-01   8.74350174000E-01   8.97467293000E-01
   9.26449504000E-01   9.32357502000E-01   9.32376085000E-01   9.32388138000E-01
   9.32395740000E-01   9.32400328000E-01   9.59822457000E-01   9.87243400000E-01
   9.87244167000E-01   9.87244504000E-01   9.87244624000E-01   9.87244652000E-01
   1.00000000000E+00                   0                   0                   0
                   0                   0                   0                   0
                   0                   0                   0                   0
                   0                   0                   0                   0
                   0                   0                   0                   0
                   0                   0                   0                   0
                   0                   0                   0                   0
                   0                   0                   0                   0
                   0                   0                   0                   0
                   0                   0                   0                   0
                   0                   0                   0                   0
                   0                   0                   0                   0
                   0                   0                   0                   0
                   0                   0                   0                   0
                   0                   0                   0                   0
                   0                   0                   0                   0
                   0                   0                   0                   0
                   0                   0                   0                   0
                   0                   0                   0                   0
                   0                   0                   0                   0
                   0                   0                   0                   0
                   0                   0                   0                   0
                   0                   0                   0                   0
                   0                   0                   0                   0
                   0                   0                   0                   0
                   0                   0                   0                   0
                   0                   0                   0                   0
                   0                   0                   0                   0
                   0                   0                   0                   0
                   0                   0                   0                   0
                   0                   0                   0                   0
                   0                   0                   0                   0
                   0                   0                   0                   0
                   0                   0                   0
