 52124.00u  122.838400  0.0000E+00   06/19/20
Ace Te124 IAEA-PD                                                        mat5237
      0         0.      0         0.      0         0.      0         0.
      0         0.      0         0.      0         0.      0         0.
      0         0.      0         0.      0         0.      0         0.
      0         0.      0         0.      0         0.      0         0.
   317263    52124       89        1        7        2       12        0
        0        0        0        0        0        0        0        1
        1       90       90        0      179      268      269      270
      271      362      446        0        0        0        0        0
        0        0        0        0        0        0        0        0
        0        0        0        0        0        0        0        0
   9.99999000000E-01   1.00000000000E+00   1.50000000000E+00   2.00000000000E+00
   2.50000000000E+00   3.00000000000E+00   3.50000000000E+00   4.00000000000E+00
   4.50000000000E+00   5.00000000000E+00   5.50000000000E+00   6.00000000000E+00
   6.50000000000E+00   7.00000000000E+00   7.50000000000E+00   8.00000000000E+00
   8.50000000000E+00   9.00000000000E+00   9.50000000000E+00   1.00000000000E+01
   1.05000000000E+01   1.10000000000E+01   1.15000000000E+01   1.20000000000E+01
   1.25000000000E+01   1.30000000000E+01   1.35000000000E+01   1.40000000000E+01
   1.45000000000E+01   1.50000000000E+01   1.55000000000E+01   1.60000000000E+01
   1.65000000000E+01   1.70000000000E+01   1.75000000000E+01   1.80000000000E+01
   1.85000000000E+01   1.90000000000E+01   1.95000000000E+01   2.00000000000E+01
   2.10000000000E+01   2.20000000000E+01   2.30000000000E+01   2.40000000000E+01
   2.50000000000E+01   2.60000000000E+01   2.70000000000E+01   2.80000000000E+01
   2.90000000000E+01   3.00000000000E+01   3.20000000000E+01   3.40000000000E+01
   3.60000000000E+01   3.80000000000E+01   4.00000000000E+01   4.20000000000E+01
   4.40000000000E+01   4.60000000000E+01   4.80000000000E+01   5.00000000000E+01
   5.20000000000E+01   5.40000000000E+01   5.60000000000E+01   5.80000000000E+01
   6.00000000000E+01   6.20000000000E+01   6.40000000000E+01   6.60000000000E+01
   6.80000000000E+01   7.00000000000E+01   7.20000000000E+01   7.40000000000E+01
   7.60000000000E+01   7.80000000000E+01   8.00000000000E+01   8.50000000000E+01
   9.00000000000E+01   9.50000000000E+01   1.00000000000E+02   1.10000000000E+02
   1.20000000000E+02   1.30000000000E+02   1.40000000000E+02   1.50000000000E+02
   1.60000000000E+02   1.70000000000E+02   1.80000000000E+02   1.90000000000E+02
   2.00000000000E+02   0.00000000000E+00   2.44615700000E-05   6.99458500000E-05
   1.52779300000E-04   2.87123900000E-04   4.90619200000E-04   7.85930000000E-04
   1.20300200000E-03   1.78241600000E-03   2.58037200000E-03   3.67578600000E-03
   5.17913800000E-03   7.23957700000E-03   1.00410300000E-02   1.37817800000E-02
   1.86633900000E-02   2.48132700000E-02   3.17077100000E-02   3.78878000000E-02
   4.32861600000E-02   5.00962500000E-02   6.03886900000E-02   7.54898200000E-02
   9.65166600000E-02   1.24497600000E-01   1.59828300000E-01   2.00844100000E-01
   2.41885700000E-01   2.73238100000E-01   2.85807200000E-01   2.77676100000E-01
   2.54800800000E-01   2.25563700000E-01   1.96149400000E-01   1.69633700000E-01
   1.46965200000E-01   1.28043600000E-01   1.12380100000E-01   9.94121200000E-02
   8.86263800000E-02   7.17714300000E-02   5.95483500000E-02   5.04002600000E-02
   4.33570600000E-02   3.78012300000E-02   3.33288100000E-02   2.96681300000E-02
   2.66314300000E-02   2.40855900000E-02   2.19337800000E-02   1.85406600000E-02
   1.60511500000E-02   1.42123100000E-02   1.28524700000E-02   1.18489700000E-02
   1.11114700000E-02   1.05723600000E-02   1.01806800000E-02   9.89796200000E-03
   9.69514300000E-03   9.55029200000E-03   9.44686900000E-03   9.37241700000E-03
   9.31756500000E-03   9.27528000000E-03   9.24030200000E-03   9.20871700000E-03
   9.17763400000E-03   9.14494400000E-03   9.10913800000E-03   9.06916200000E-03
   9.02431500000E-03   8.97416500000E-03   8.91849000000E-03   8.85722600000E-03
   8.68023700000E-03   8.47204600000E-03   8.23771800000E-03   7.98324700000E-03
   7.43937500000E-03   6.89108900000E-03   6.38635800000E-03   5.96935700000E-03
   5.45136100000E-03   5.00401600000E-03   4.61453200000E-03   4.27295700000E-03
   3.97143800000E-03   3.70370300000E-03   0.00000000000E+00   1.00000000000E+00
   1.04817300000E+00   1.09634700000E+00   1.14452100000E+00   1.19269500000E+00
   9.08555800000E-01   4.75542200000E-01   4.35474000000E-01   4.12592300000E-01
   3.92617100000E-01   3.56681300000E-01   3.53983100000E-01   3.26403100000E-01
   2.76895000000E-01   2.08793600000E-01   1.32286600000E+00   2.52889200000E+00
   7.29304500000E+00   8.70500400000E+00   8.66411200000E+00   8.65769200000E+00
   8.88633800000E+00   9.17225900000E+00   9.25906500000E+00   9.31561000000E+00
   9.34745700000E+00   9.35914700000E+00   9.42314700000E+00   9.46841700000E+00
   9.48937500000E+00   9.48789600000E+00   9.86474600000E+00   1.08127800000E+01
   1.18911800000E+01   1.28472900000E+01   1.36245200000E+01   1.41590100000E+01
   1.45796500000E+01   1.49647600000E+01   1.52207200000E+01   1.54648900000E+01
   1.55971000000E+01   1.56856100000E+01   1.58349300000E+01   1.59648600000E+01
   1.62504000000E+01   1.67084400000E+01   1.79898800000E+01   1.92863200000E+01
   2.16222700000E+01   2.28696200000E+01   2.40487600000E+01   2.53339400000E+01
   2.66030800000E+01   2.78570700000E+01   2.90234700000E+01   2.99864900000E+01
   3.09530900000E+01   3.19556000000E+01   3.32425700000E+01   3.46544200000E+01
   3.60709300000E+01   3.74219000000E+01   3.87271700000E+01   3.99707900000E+01
   4.11924000000E+01   4.23791700000E+01   4.34969000000E+01   4.46224300000E+01
   4.57372700000E+01   4.68550100000E+01   4.79983400000E+01   4.91300800000E+01
   5.02826600000E+01   5.32147700000E+01   5.61039700000E+01   5.89989300000E+01
   6.18984100000E+01   6.78845500000E+01   7.34782000000E+01   7.94799700000E+01
   8.53764800000E+01   9.13612300000E+01   9.73490300000E+01   1.03458700000E+02
   1.09554200000E+02   1.15761200000E+02   1.21902800000E+02                   5
   0.00000000000E+00                   1                   1                  89
   0.00000000000E+00   2.44615700000E-05   6.99458500000E-05   1.52779300000E-04
   2.87123900000E-04   4.90619200000E-04   7.85930000000E-04   1.20300200000E-03
   1.78241600000E-03   2.58037200000E-03   3.67578600000E-03   5.17913800000E-03
   7.23957700000E-03   1.00410300000E-02   1.37817800000E-02   1.86633900000E-02
   2.48132700000E-02   3.17077100000E-02   3.78878000000E-02   4.32861600000E-02
   5.00962500000E-02   6.03886900000E-02   7.54898200000E-02   9.65166600000E-02
   1.24497600000E-01   1.59828300000E-01   2.00844100000E-01   2.41885700000E-01
   2.73238100000E-01   2.85807200000E-01   2.77676100000E-01   2.54800800000E-01
   2.25563700000E-01   1.96149400000E-01   1.69633700000E-01   1.46965200000E-01
   1.28043600000E-01   1.12380100000E-01   9.94121200000E-02   8.86263800000E-02
   7.17714300000E-02   5.95483500000E-02   5.04002600000E-02   4.33570600000E-02
   3.78012300000E-02   3.33288100000E-02   2.96681300000E-02   2.66314300000E-02
   2.40855900000E-02   2.19337800000E-02   1.85406600000E-02   1.60511500000E-02
   1.42123100000E-02   1.28524700000E-02   1.18489700000E-02   1.11114700000E-02
   1.05723600000E-02   1.01806800000E-02   9.89796200000E-03   9.69514300000E-03
   9.55029200000E-03   9.44686900000E-03   9.37241700000E-03   9.31756500000E-03
   9.27528000000E-03   9.24030200000E-03   9.20871700000E-03   9.17763400000E-03
   9.14494400000E-03   9.10913800000E-03   9.06916200000E-03   9.02431500000E-03
   8.97416500000E-03   8.91849000000E-03   8.85722600000E-03   8.68023700000E-03
   8.47204600000E-03   8.23771800000E-03   7.98324700000E-03   7.43937500000E-03
   6.89108900000E-03   6.38635800000E-03   5.96935700000E-03   5.45136100000E-03
   5.00401600000E-03   4.61453200000E-03   4.27295700000E-03   3.97143800000E-03
   3.70370300000E-03                   1                   1                 446
                 520                 594                 595                 596
                 597                 745                 746                 746
                 747                   2                   1               51617
               51708               51799               51800               51801
               51802               51976               51977               51977
               51978                   9                   1               65642
               65717               65792               65793               65794
               65795               65947               65948               65948
               65949                  31                   1              119690
              119752              119814              119815              119816
              119817              119941              119942              119942
              119943                  32                   1              163723
              163784              163845              163846              163847
              163848              163970              163971              163971
              163972                  33                   1              207397
              207455              207513              207514              207515
              207516              207636              207637              207637
              207638                  34                   1              251090
              251177              251264              251265              251266
              251267              251443              251444              251444
              251445                  18                  72   0.00000000000E+00
   4.56289200000E-03   3.97281400000E-02   4.75617200000E-02   5.78789100000E-02
   7.26065400000E-02   9.31648400000E-02   1.20765200000E-01   1.55901200000E-01
   1.96971700000E-01   2.38348200000E-01   2.70285500000E-01   2.83568800000E-01
   2.76112400000E-01   2.53766500000E-01   2.28049400000E-01   2.24742100000E-01
   2.24558400000E-01   2.18124900000E-01   2.05872700000E-01   1.89810600000E-01
   1.73426600000E-01   1.57953600000E-01   1.31139400000E-01   1.10203500000E-01
   9.38347000000E-02   8.10075500000E-02   7.06591600000E-02   6.22908800000E-02
   5.54857800000E-02   5.09708300000E-02   4.85994700000E-02   4.69483800000E-02
   4.33451000000E-02   3.91663300000E-02   3.53679700000E-02   3.30003400000E-02
   3.18362700000E-02   3.10503900000E-02   3.03982600000E-02   2.99425900000E-02
   2.95979100000E-02   2.95066500000E-02   2.97808900000E-02   3.02790300000E-02
   3.08222500000E-02   3.13393400000E-02   3.18273300000E-02   3.23468600000E-02
   3.28129200000E-02   3.33319200000E-02   3.38609800000E-02   3.43267400000E-02
   3.47369600000E-02   3.51026400000E-02   3.54152800000E-02   3.57159000000E-02
   3.60001600000E-02   3.65816700000E-02   3.69242000000E-02   3.70200500000E-02
   3.68862900000E-02   3.63213400000E-02   3.55956200000E-02   3.46462600000E-02
   3.38945200000E-02   3.23752500000E-02   3.09419700000E-02   2.96876900000E-02
   2.85065600000E-02   2.74518000000E-02   2.64710300000E-02                  18
                  72   0.00000000000E+00   6.11420100000E-03   3.55101800000E-01
   5.53750600000E-01   7.47213600000E-01   9.38693300000E-01   1.13161300000E+00
   1.16362300000E+00   1.19670300000E+00   1.22992800000E+00   1.26262900000E+00
   1.28170400000E+00   1.29978200000E+00   1.31692000000E+00   1.33328000000E+00
   1.33181800000E+00   1.48478900000E+00   1.68712900000E+00   1.85978600000E+00
   2.10537200000E+00   2.30689900000E+00   2.48109300000E+00   2.63523100000E+00
   2.91829500000E+00   3.17518600000E+00   3.41661400000E+00   3.65182400000E+00
   3.86612900000E+00   4.07823500000E+00   4.26035900000E+00   4.54357700000E+00
   4.84318300000E+00   5.19394700000E+00   5.98184400000E+00   6.70805900000E+00
   7.31505100000E+00   7.89806900000E+00   8.63160600000E+00   9.39482300000E+00
   1.00961200000E+01   1.08057400000E+01   1.14728100000E+01   1.21642900000E+01
   1.28911000000E+01   1.36503700000E+01   1.44162100000E+01   1.51872200000E+01
   1.59458200000E+01   1.67143700000E+01   1.74682600000E+01   1.82683200000E+01
   1.90973400000E+01   1.99172200000E+01   2.07030600000E+01   2.14910900000E+01
   2.22765600000E+01   2.30857900000E+01   2.39175300000E+01   2.59373100000E+01
   2.80002800000E+01   3.00420600000E+01   3.20911600000E+01   3.59169500000E+01
   4.01234600000E+01   4.40498100000E+01   4.81035400000E+01   5.19881600000E+01
   5.58722000000E+01   5.96518900000E+01   6.34334900000E+01   6.71143800000E+01
   7.08322500000E+01                   5                  -1                   1
                   6                   5                   0                  72
   1.00000000000E+00   9.42448200000E+00   1.00000000000E+01   1.05000000000E+01
   1.10000000000E+01   1.15000000000E+01   1.20000000000E+01   1.25000000000E+01
   1.30000000000E+01   1.35000000000E+01   1.40000000000E+01   1.45000000000E+01
   1.50000000000E+01   1.55000000000E+01   1.60000000000E+01   1.65000000000E+01
   1.70000000000E+01   1.75000000000E+01   1.80000000000E+01   1.85000000000E+01
   1.90000000000E+01   1.95000000000E+01   2.00000000000E+01   2.10000000000E+01
   2.20000000000E+01   2.30000000000E+01   2.40000000000E+01   2.50000000000E+01
   2.60000000000E+01   2.70000000000E+01   2.80000000000E+01   2.90000000000E+01
   3.00000000000E+01   3.20000000000E+01   3.40000000000E+01   3.60000000000E+01
   3.80000000000E+01   4.00000000000E+01   4.20000000000E+01   4.40000000000E+01
   4.60000000000E+01   4.80000000000E+01   5.00000000000E+01   5.20000000000E+01
   5.40000000000E+01   5.60000000000E+01   5.80000000000E+01   6.00000000000E+01
   6.20000000000E+01   6.40000000000E+01   6.60000000000E+01   6.80000000000E+01
   7.00000000000E+01   7.20000000000E+01   7.40000000000E+01   7.60000000000E+01
   7.80000000000E+01   8.00000000000E+01   8.50000000000E+01   9.00000000000E+01
   9.50000000000E+01   1.00000000000E+02   1.10000000000E+02   1.20000000000E+02
   1.30000000000E+02   1.40000000000E+02   1.50000000000E+02   1.60000000000E+02
   1.70000000000E+02   1.80000000000E+02   1.90000000000E+02   2.00000000000E+02
   0.00000000000E+00   0.00000000000E+00   9.17802400000E-01   9.49406800000E-01
   9.58439600000E-01   9.61805700000E-01   9.65272100000E-01   9.70020300000E-01
   9.75429300000E-01   9.80719400000E-01   9.85375300000E-01   9.89194000000E-01
   9.92168100000E-01   9.94368600000E-01   9.95940800000E-01   1.01102000000E+00
   1.14577000000E+00   1.32378400000E+00   1.48419400000E+00   1.60783300000E+00
   1.68900500000E+00   1.74452200000E+00   1.78224100000E+00   1.82718100000E+00
   1.85065600000E+00   1.86179000000E+00   1.86838200000E+00   1.86922900000E+00
   1.86898000000E+00   1.87021500000E+00   1.91393500000E+00   2.01778200000E+00
   2.14046000000E+00   2.33784000000E+00   2.44009500000E+00   2.48854500000E+00
   2.56762600000E+00   2.68683900000E+00   2.79444500000E+00   2.87525800000E+00
   2.94111900000E+00   2.99030300000E+00   3.04344700000E+00   3.11832200000E+00
   3.20519200000E+00   3.28861300000E+00   3.36346900000E+00   3.43141400000E+00
   3.50062800000E+00   3.56324600000E+00   3.63186400000E+00   3.70270000000E+00
   3.76838500000E+00   3.83022800000E+00   3.88978400000E+00   3.94635900000E+00
   4.00470300000E+00   4.06449600000E+00   4.21436300000E+00   4.35835700000E+00
   4.49396900000E+00   4.62046200000E+00   4.88231100000E+00   5.16545600000E+00
   5.42504200000E+00   5.67808600000E+00   5.93893000000E+00   6.18342700000E+00
   6.43352100000E+00   6.67138900000E+00   6.91230700000E+00   7.14717900000E+00
                   0                   1                   0                   4
                  10                   0                   2   1.00000000000E+00
   2.00000000000E+02   1.00000000000E+00   1.00000000000E+00                   0
                  31   1.00000000000E+00   9.42448200000E+00   1.00000000000E+01
   1.20000000000E+01   1.40000000000E+01   1.60000000000E+01   1.80000000000E+01
   2.00000000000E+01   2.20000000000E+01   2.40000000000E+01   2.60000000000E+01
   2.80000000000E+01   3.00000000000E+01   3.20000000000E+01   3.60000000000E+01
   4.00000000000E+01   4.40000000000E+01   4.80000000000E+01   5.00000000000E+01
   5.20000000000E+01   5.60000000000E+01   6.00000000000E+01   7.00000000000E+01
   8.00000000000E+01   9.00000000000E+01   1.00000000000E+02   1.20000000000E+02
   1.40000000000E+02   1.60000000000E+02   1.80000000000E+02   2.00000000000E+02
                  74                  85                  96                 122
                 376                 810                1516                2321
                3214                4184                5395                6671
                7999                9366               10772               12243
               13766               15568               17415               19277
               21154               23061               24983               27229
               29509               32095               34719               37661
               40929               44220               47534                   2
                   3   0.00000000000E+00   5.00000000000E-07   1.00000000000E-06
   0.00000000000E+00   2.00000000000E+06   0.00000000000E+00   0.00000000000E+00
   5.00000000000E-01   1.00000000000E+00                   2                   3
   0.00000000000E+00   5.00000000000E-07   1.00000000000E-06   0.00000000000E+00
   2.00000000000E+06   0.00000000000E+00   0.00000000000E+00   5.00000000000E-01
   1.00000000000E+00                   2                   8   0.00000000000E+00
   2.50000000000E-02   1.00000000000E-01   2.00000000000E-01   3.00000000000E-01
   4.00000000000E-01   5.00000000000E-01   6.00000000000E-01   0.00000000000E+00
   5.59459500000E-01   2.23720100000E+00   7.51829200000E-02   5.18387000000E-04
   4.80553500000E+00   3.19435000000E-06   5.76296000000E+00   0.00000000000E+00
   6.99324366000E-03   1.11868011000E-01   2.27487206000E-01   2.31272271000E-01
   4.71574937000E-01   7.11851844000E-01   1.00000000000E+00                   2
                  28   0.00000000000E+00   2.50000000000E-02   1.00000000000E-01
   2.00000000000E-01   3.00000000000E-01   4.00000000000E-01   5.00000000000E-01
   6.00000000000E-01   7.00000000000E-01   8.00000000000E-01   9.00000000000E-01
   1.00000000000E+00   1.10000000000E+00   1.20000000000E+00   1.30000000000E+00
   1.40000000000E+00   1.50000000000E+00   1.60000000000E+00   1.70000000000E+00
   1.80000000000E+00   1.90000000000E+00   2.00000000000E+00   2.10000000000E+00
   2.20000000000E+00   2.30000000000E+00   2.40000000000E+00   2.50000000000E+00
   2.60000000000E+00   0.00000000000E+00   6.76431800000E-02   2.53712700000E-01
   3.82240800000E-01   4.50523300000E-01   4.84236000000E-01   4.97342000000E-01
   4.97582400000E-01   4.89489600000E-01   4.75667300000E-01   4.57595400000E-01
   4.36236300000E-01   3.33125300000E-01   8.41899400000E-01   5.66594800000E-01
   5.07043400000E-01   4.28511700000E-01   1.88124700000E-01   6.30195800000E-01
   3.01253700000E-01   3.11065200000E-01   3.69082000000E-01   5.19551800000E-01
   1.57115500000E-01   1.55141100000E-02   2.82738800000E-01   7.37160000000E-08
   2.42901000000E-01   0.00000000000E+00   8.45539743000E-04   1.28963851000E-02
   4.46940599000E-02   8.63322645000E-02   1.33070229000E-01   1.82149129000E-01
   2.31895348000E-01   2.81248948000E-01   3.29506792000E-01   3.76169927000E-01
   4.20861512000E-01   4.59329591000E-01   5.18080826000E-01   5.88505535000E-01
   6.42187445000E-01   6.88965199000E-01   7.19797019000E-01   7.60713044000E-01
   8.07285518000E-01   8.37901463000E-01   8.71908823000E-01   9.16340512000E-01
   9.50173877000E-01   9.58805357000E-01   9.73718003000E-01   9.87854946000E-01
   1.00000000000E+00                   0                   0                   0
                   0                   0                   0                   0
                   0                   0                   0                   0
                   0                   0                   0                   0
                   0                   0                   0                   0
                   0                   0                   0                   0
                   0                   0                   0                   0
                   0                   0                   0                   0
                   0                   0                   0                   0
                   0                   0                   0                   0
                   0                   0                   0                   0
                   0                   0                   0                   0
                   0                   0                   0                   0
                   0                   0                   0                   0
                   0                   0                   0                   0
                   0                   0                   0                   0
                   0                   0                   0                   0
                   0                   0                   0                   0
                   0                   0                   0                   0
                   0                   0                   0                   0
                   0                   0                   0                   0
                   0                   0                   0                   0
                   0                   0                   0                   0
                   0                   0                   0                   0
                   0                   0                   0                   0
                   0                   0                   0                   0
                   0                   0                   0                   0
                   0                   0                   0                   0
                   0                   0                   0                   0
                   0                   0                   0                   0
                   0                   0                   0                   0
                   0                   0                   0                   0
                   0                   0                   0                   0
                   0
