 52122.00u  120.855800  0.0000E+00   02/26/20
Ace Te122 IAEA-PD                                                        mat5231
      0         0.      0         0.      0         0.      0         0.
      0         0.      0         0.      0         0.      0         0.
      0         0.      0         0.      0         0.      0         0.
      0         0.      0         0.      0         0.      0         0.
   319750    52122       89        1        7        2       12        0
        0        0        0        0        0        0        0        1
        1       90       90        0      179      268      269      270
      271      362      446        0        0        0        0        0
        0        0        0        0        0        0        0        0
        0        0        0        0        0        0        0        0
   9.99999000000E-01   1.00000000000E+00   1.50000000000E+00   2.00000000000E+00
   2.50000000000E+00   3.00000000000E+00   3.50000000000E+00   4.00000000000E+00
   4.50000000000E+00   5.00000000000E+00   5.50000000000E+00   6.00000000000E+00
   6.50000000000E+00   7.00000000000E+00   7.50000000000E+00   8.00000000000E+00
   8.50000000000E+00   9.00000000000E+00   9.50000000000E+00   1.00000000000E+01
   1.05000000000E+01   1.10000000000E+01   1.15000000000E+01   1.20000000000E+01
   1.25000000000E+01   1.30000000000E+01   1.35000000000E+01   1.40000000000E+01
   1.45000000000E+01   1.50000000000E+01   1.55000000000E+01   1.60000000000E+01
   1.65000000000E+01   1.70000000000E+01   1.75000000000E+01   1.80000000000E+01
   1.85000000000E+01   1.90000000000E+01   1.95000000000E+01   2.00000000000E+01
   2.10000000000E+01   2.20000000000E+01   2.30000000000E+01   2.40000000000E+01
   2.50000000000E+01   2.60000000000E+01   2.70000000000E+01   2.80000000000E+01
   2.90000000000E+01   3.00000000000E+01   3.20000000000E+01   3.40000000000E+01
   3.60000000000E+01   3.80000000000E+01   4.00000000000E+01   4.20000000000E+01
   4.40000000000E+01   4.60000000000E+01   4.80000000000E+01   5.00000000000E+01
   5.20000000000E+01   5.40000000000E+01   5.60000000000E+01   5.80000000000E+01
   6.00000000000E+01   6.20000000000E+01   6.40000000000E+01   6.60000000000E+01
   6.80000000000E+01   7.00000000000E+01   7.20000000000E+01   7.40000000000E+01
   7.60000000000E+01   7.80000000000E+01   8.00000000000E+01   8.50000000000E+01
   9.00000000000E+01   9.50000000000E+01   1.00000000000E+02   1.10000000000E+02
   1.20000000000E+02   1.30000000000E+02   1.40000000000E+02   1.50000000000E+02
   1.60000000000E+02   1.70000000000E+02   1.80000000000E+02   1.90000000000E+02
   2.00000000000E+02   0.00000000000E+00   1.56951400000E-05   4.49400400000E-05
   9.80231600000E-05   1.83546800000E-04   3.11830600000E-04   4.95582000000E-04
   7.50813700000E-04   1.09811600000E-03   1.56437900000E-03   2.18488700000E-03
   3.00494800000E-03   4.07822700000E-03   5.45542400000E-03   7.16057600000E-03
   9.18745300000E-03   1.15803100000E-02   1.45376700000E-02   1.83930700000E-02
   2.35512900000E-02   3.05006500000E-02   3.98735400000E-02   5.25072500000E-02
   6.94902200000E-02   9.21759400000E-02   1.22021600000E-01   1.59790200000E-01
   2.03561900000E-01   2.46171100000E-01   2.75624500000E-01   2.82232600000E-01
   2.66600600000E-01   2.37847800000E-01   2.05566900000E-01   1.75454900000E-01
   1.49646200000E-01   1.28345100000E-01   1.11007000000E-01   9.69165700000E-02
   8.54109800000E-02   6.78829600000E-02   5.55445400000E-02   4.65374500000E-02
   3.97464500000E-02   3.44837600000E-02   3.03111000000E-02   2.69401100000E-02
   2.41751800000E-02   2.18798300000E-02   1.99562800000E-02   1.69548300000E-02
   1.47786700000E-02   1.31870400000E-02   1.20204700000E-02   1.11673500000E-02
   1.05466400000E-02   1.00982900000E-02   9.77734300000E-03   9.54997300000E-03
   9.39069100000E-03   9.28029000000E-03   9.20430800000E-03   9.15186800000E-03
   9.11480800000E-03   9.08701800000E-03   9.06395000000E-03   9.04223800000E-03
   9.01941800000E-03   8.99371500000E-03   8.96387600000E-03   8.92905500000E-03
   8.88871100000E-03   8.84254100000E-03   8.79042500000E-03   8.73238000000E-03
   8.56234500000E-03   8.36006200000E-03   8.13100000000E-03   7.88138200000E-03
   7.34638600000E-03   6.80604900000E-03   6.30821500000E-03   5.89675800000E-03
   5.38531200000E-03   4.94355900000E-03   4.55890200000E-03   4.22153400000E-03
   3.92370900000E-03   3.65924200000E-03   0.00000000000E+00   1.00000000000E+00
   1.02713200000E+00   1.05426400000E+00   1.08139600000E+00   1.10852900000E+00
   8.29308900000E-01   4.18305400000E-01   3.87393600000E-01   3.64066700000E-01
   3.36649200000E-01   2.86330800000E-01   2.90608100000E-01   2.63076000000E-01
   2.07234500000E-01   1.29843700000E-01   1.16940900000E-01   1.02337100000E-01
   9.33917900000E-02   6.81749600000E+00   8.15778700000E+00   7.92040600000E+00
   8.59294500000E+00   9.51275700000E+00   9.59625500000E+00   9.65355500000E+00
   9.69327300000E+00   9.71855900000E+00   9.77362300000E+00   9.81245100000E+00
   9.83526900000E+00   9.83045900000E+00   9.96600700000E+00   1.00900200000E+01
   1.05132200000E+01   1.14111900000E+01   1.26301300000E+01   1.35656300000E+01
   1.42619700000E+01   1.47922100000E+01   1.52385500000E+01   1.56510800000E+01
   1.58634600000E+01   1.60315000000E+01   1.62985000000E+01   1.65375000000E+01
   1.67050100000E+01   1.68691200000E+01   1.74861500000E+01   1.83167200000E+01
   2.10222200000E+01   2.28059600000E+01   2.43947800000E+01   2.54743700000E+01
   2.65969300000E+01   2.79926000000E+01   2.92869800000E+01   3.04411200000E+01
   3.15692400000E+01   3.25764800000E+01   3.35999400000E+01   3.49174200000E+01
   3.62452000000E+01   3.76194500000E+01   3.89506000000E+01   4.02355600000E+01
   4.15026400000E+01   4.27480800000E+01   4.39263400000E+01   4.51372100000E+01
   4.63415600000E+01   4.75349800000E+01   4.87319400000E+01   4.99254100000E+01
   5.11013800000E+01   5.40723000000E+01   5.69741600000E+01   5.99941500000E+01
   6.29940300000E+01   6.90864200000E+01   7.49690300000E+01   8.11133900000E+01
   8.72057100000E+01   9.33933000000E+01   9.94388600000E+01   1.05698100000E+02
   1.11965400000E+02   1.18307600000E+02   1.24617700000E+02                   5
   0.00000000000E+00                   1                   1                  89
   0.00000000000E+00   1.56951400000E-05   4.49400400000E-05   9.80231600000E-05
   1.83546800000E-04   3.11830600000E-04   4.95582000000E-04   7.50813700000E-04
   1.09811600000E-03   1.56437900000E-03   2.18488700000E-03   3.00494800000E-03
   4.07822700000E-03   5.45542400000E-03   7.16057600000E-03   9.18745300000E-03
   1.15803100000E-02   1.45376700000E-02   1.83930700000E-02   2.35512900000E-02
   3.05006500000E-02   3.98735400000E-02   5.25072500000E-02   6.94902200000E-02
   9.21759400000E-02   1.22021600000E-01   1.59790200000E-01   2.03561900000E-01
   2.46171100000E-01   2.75624500000E-01   2.82232600000E-01   2.66600600000E-01
   2.37847800000E-01   2.05566900000E-01   1.75454900000E-01   1.49646200000E-01
   1.28345100000E-01   1.11007000000E-01   9.69165700000E-02   8.54109800000E-02
   6.78829600000E-02   5.55445400000E-02   4.65374500000E-02   3.97464500000E-02
   3.44837600000E-02   3.03111000000E-02   2.69401100000E-02   2.41751800000E-02
   2.18798300000E-02   1.99562800000E-02   1.69548300000E-02   1.47786700000E-02
   1.31870400000E-02   1.20204700000E-02   1.11673500000E-02   1.05466400000E-02
   1.00982900000E-02   9.77734300000E-03   9.54997300000E-03   9.39069100000E-03
   9.28029000000E-03   9.20430800000E-03   9.15186800000E-03   9.11480800000E-03
   9.08701800000E-03   9.06395000000E-03   9.04223800000E-03   9.01941800000E-03
   8.99371500000E-03   8.96387600000E-03   8.92905500000E-03   8.88871100000E-03
   8.84254100000E-03   8.79042500000E-03   8.73238000000E-03   8.56234500000E-03
   8.36006200000E-03   8.13100000000E-03   7.88138200000E-03   7.34638600000E-03
   6.80604900000E-03   6.30821500000E-03   5.89675800000E-03   5.38531200000E-03
   4.94355900000E-03   4.55890200000E-03   4.22153400000E-03   3.92370900000E-03
   3.65924200000E-03                   1                   1                 446
                 519                 592                 593                 594
                 595                 743                 744                 744
                 745                   2                   1               50922
               51013               51104               51105               51106
               51107               51281               51282               51282
               51283                   9                   1               64944
               65020               65096               65097               65098
               65099               65253               65254               65254
               65255                  31                   1              119592
              119654              119716              119717              119718
              119719              119845              119846              119846
              119847                  32                   1              164028
              164089              164150              164151              164152
              164153              164277              164278              164278
              164279                  33                   1              207764
              207824              207884              207885              207886
              207887              208013              208014              208014
              208015                  34                   1              252230
              252320              252410              252411              252412
              252413              252589              252590              252590
              252591                  19                  71   0.00000000000E+00
   1.63534800000E-02   2.73250000000E-02   3.79839600000E-02   5.03529900000E-02
   6.68718200000E-02   8.91286900000E-02   1.18614000000E-01   1.56125200000E-01
   1.99815800000E-01   2.42605200000E-01   2.72522100000E-01   2.79772500000E-01
   2.64778900000E-01   2.36530700000E-01   2.04587100000E-01   1.85463000000E-01
   1.80593000000E-01   1.76031000000E-01   1.67109400000E-01   1.55538700000E-01
   1.42514600000E-01   1.17737400000E-01   9.83111100000E-02   8.34160500000E-02
   7.18910700000E-02   6.27568600000E-02   5.53489500000E-02   4.92278000000E-02
   4.41862100000E-02   4.05912200000E-02   3.86939500000E-02   3.65539200000E-02
   3.40351700000E-02   3.13313900000E-02   2.91298700000E-02   2.79022700000E-02
   2.74478600000E-02   2.72513400000E-02   2.71745500000E-02   2.70831600000E-02
   2.70888600000E-02   2.71919300000E-02   2.75140700000E-02   2.79654100000E-02
   2.85379700000E-02   2.90517200000E-02   2.95223500000E-02   2.99609400000E-02
   3.03831600000E-02   3.08703400000E-02   3.12586200000E-02   3.16503000000E-02
   3.19938200000E-02   3.22623700000E-02   3.25206000000E-02   3.27656600000E-02
   3.31836000000E-02   3.34645700000E-02   3.36064600000E-02   3.35631600000E-02
   3.30486500000E-02   3.22516600000E-02   3.14506100000E-02   3.07844800000E-02
   2.93662000000E-02   2.81081000000E-02   2.69602300000E-02   2.58979800000E-02
   2.49231000000E-02   2.40201900000E-02                  19                  71
   0.00000000000E+00   1.38875300000E-01   3.60670800000E-01   5.76495800000E-01
   7.74621200000E-01   9.72279300000E-01   1.04029800000E+00   1.10950600000E+00
   1.17921500000E+00   1.24899600000E+00   1.27584900000E+00   1.30197000000E+00
   1.32731000000E+00   1.35187000000E+00   1.34153700000E+00   1.33047100000E+00
   1.40024000000E+00   1.58394300000E+00   1.84728100000E+00   2.07926700000E+00
   2.27178900000E+00   2.41927600000E+00   2.75605900000E+00   3.05878300000E+00
   3.24091800000E+00   3.41493100000E+00   3.61166600000E+00   3.80010400000E+00
   4.02912300000E+00   4.25652400000E+00   4.45656400000E+00   4.80002900000E+00
   5.53024500000E+00   6.30497900000E+00   6.91480900000E+00   7.47756000000E+00
   8.14749400000E+00   8.84137800000E+00   9.53578000000E+00   1.02606100000E+01
   1.09180800000E+01   1.15917400000E+01   1.22723100000E+01   1.29583400000E+01
   1.36942500000E+01   1.44517400000E+01   1.51860600000E+01   1.59205600000E+01
   1.66528500000E+01   1.73948600000E+01   1.81976800000E+01   1.89688400000E+01
   1.97433100000E+01   2.05171900000E+01   2.12728600000E+01   2.20523200000E+01
   2.28551100000E+01   2.47622600000E+01   2.67701100000E+01   2.87063500000E+01
   3.06750700000E+01   3.44765100000E+01   3.84988000000E+01   4.23125000000E+01
   4.61984800000E+01   4.98864200000E+01   5.37166500000E+01   5.73452800000E+01
   6.10182300000E+01   6.45301000000E+01   6.80839700000E+01                   5
                  -1                   1                   6                   5
                   0                  72   1.00000000000E+00   9.84027500000E+00
   1.00000000000E+01   1.05000000000E+01   1.10000000000E+01   1.15000000000E+01
   1.20000000000E+01   1.25000000000E+01   1.30000000000E+01   1.35000000000E+01
   1.40000000000E+01   1.45000000000E+01   1.50000000000E+01   1.55000000000E+01
   1.60000000000E+01   1.65000000000E+01   1.70000000000E+01   1.75000000000E+01
   1.80000000000E+01   1.85000000000E+01   1.90000000000E+01   1.95000000000E+01
   2.00000000000E+01   2.10000000000E+01   2.20000000000E+01   2.30000000000E+01
   2.40000000000E+01   2.50000000000E+01   2.60000000000E+01   2.70000000000E+01
   2.80000000000E+01   2.90000000000E+01   3.00000000000E+01   3.20000000000E+01
   3.40000000000E+01   3.60000000000E+01   3.80000000000E+01   4.00000000000E+01
   4.20000000000E+01   4.40000000000E+01   4.60000000000E+01   4.80000000000E+01
   5.00000000000E+01   5.20000000000E+01   5.40000000000E+01   5.60000000000E+01
   5.80000000000E+01   6.00000000000E+01   6.20000000000E+01   6.40000000000E+01
   6.60000000000E+01   6.80000000000E+01   7.00000000000E+01   7.20000000000E+01
   7.40000000000E+01   7.60000000000E+01   7.80000000000E+01   8.00000000000E+01
   8.50000000000E+01   9.00000000000E+01   9.50000000000E+01   1.00000000000E+02
   1.10000000000E+02   1.20000000000E+02   1.30000000000E+02   1.40000000000E+02
   1.50000000000E+02   1.60000000000E+02   1.70000000000E+02   1.80000000000E+02
   1.90000000000E+02   2.00000000000E+02   0.00000000000E+00   0.00000000000E+00
   6.94377300000E-01   8.95882500000E-01   9.52610700000E-01   9.58972100000E-01
   9.62319900000E-01   9.66940900000E-01   9.72073800000E-01   9.77063700000E-01
   9.81597200000E-01   9.85514500000E-01   9.88744100000E-01   9.91283400000E-01
   9.93166900000E-01   9.94462400000E-01   9.95233700000E-01   1.05704100000E+00
   1.20680000000E+00   1.37154400000E+00   1.50539500000E+00   1.60487200000E+00
   1.66857500000E+00   1.73441800000E+00   1.76995100000E+00   1.79245000000E+00
   1.80874200000E+00   1.81989600000E+00   1.82602900000E+00   1.82730500000E+00
   1.82775100000E+00   1.85518900000E+00   1.93893600000E+00   2.15595900000E+00
   2.30299300000E+00   2.37592300000E+00   2.42335500000E+00   2.49855800000E+00
   2.60252200000E+00   2.69860900000E+00   2.77933900000E+00   2.83594100000E+00
   2.88465000000E+00   2.93007300000E+00   2.98926000000E+00   3.05570500000E+00
   3.13094600000E+00   3.19705800000E+00   3.25711700000E+00   3.31344300000E+00
   3.36863900000E+00   3.43243500000E+00   3.48717700000E+00   3.54464200000E+00
   3.59937700000E+00   3.64854100000E+00   3.69954800000E+00   3.75220300000E+00
   3.87552700000E+00   4.00290900000E+00   4.13312800000E+00   4.25853700000E+00
   4.49862700000E+00   4.73867600000E+00   4.98565900000E+00   5.22057700000E+00
   5.45301700000E+00   5.68580200000E+00   5.91375500000E+00   6.13473200000E+00
   6.35192400000E+00   6.56425300000E+00                   0                   1
                   0                   4                  10                   0
                   2   1.00000000000E+00   2.00000000000E+02   1.00000000000E+00
   1.00000000000E+00                   0                  31   1.00000000000E+00
   9.84027500000E+00   1.00000000000E+01   1.20000000000E+01   1.40000000000E+01
   1.60000000000E+01   1.80000000000E+01   2.00000000000E+01   2.20000000000E+01
   2.40000000000E+01   2.60000000000E+01   2.80000000000E+01   3.00000000000E+01
   3.20000000000E+01   3.60000000000E+01   4.00000000000E+01   4.40000000000E+01
   4.80000000000E+01   5.00000000000E+01   5.20000000000E+01   5.60000000000E+01
   6.00000000000E+01   7.00000000000E+01   8.00000000000E+01   9.00000000000E+01
   1.00000000000E+02   1.20000000000E+02   1.40000000000E+02   1.60000000000E+02
   1.80000000000E+02   2.00000000000E+02                  74                  85
                  96                 107                 277                 675
                1337                2109                2969                3906
                5078                6315                7604                8945
               10325               11770               13267               15039
               16856               18688               20550               22442
               24349               26578               28858               31444
               34049               36991               40236               43527
               46841                   2                   3   0.00000000000E+00
   5.00000000000E-07   1.00000000000E-06   0.00000000000E+00   2.00000000000E+06
   0.00000000000E+00   0.00000000000E+00   5.00000000000E-01   1.00000000000E+00
                   2                   3   0.00000000000E+00   5.00000000000E-07
   1.00000000000E-06   0.00000000000E+00   2.00000000000E+06   0.00000000000E+00
   0.00000000000E+00   5.00000000000E-01   1.00000000000E+00                   2
                   3   0.00000000000E+00   1.00000000000E-01   2.00000000000E-01
   0.00000000000E+00   2.54776000000E-05   1.99999500000E+01   0.00000000000E+00
   1.27387994000E-06   1.00000000000E+00                   2                  24
   0.00000000000E+00   2.50000000000E-02   1.00000000000E-01   2.00000000000E-01
   3.00000000000E-01   4.00000000000E-01   5.00000000000E-01   6.00000000000E-01
   7.00000000000E-01   8.00000000000E-01   9.00000000000E-01   1.00000000000E+00
   1.10000000000E+00   1.20000000000E+00   1.30000000000E+00   1.40000000000E+00
   1.50000000000E+00   1.60000000000E+00   1.70000000000E+00   1.80000000000E+00
   1.90000000000E+00   2.00000000000E+00   2.10000000000E+00   2.20000000000E+00
   0.00000000000E+00   7.45862900000E-02   2.81584300000E-01   4.31886400000E-01
   5.14158300000E-01   5.56073500000E-01   5.74164200000E-01   5.77269800000E-01
   5.70576800000E-01   5.56906900000E-01   2.70098600000E-01   4.25273200000E-01
   7.86689800000E-01   1.01098400000E+00   3.99535700000E-01   5.61178200000E-01
   1.07790500000E+00   6.27964800000E-01   2.81002800000E-01   7.50551100000E-06
   3.43297400000E-01   7.83571100000E-07   9.03793100000E-08   3.02692400000E-01
   0.00000000000E+00   9.32328576000E-04   1.42887264000E-02   4.99622643000E-02
   9.72645032000E-02   1.50776098000E-01   2.07287987000E-01   2.64859692000E-01
   3.22252027000E-01   3.78626216000E-01   4.19976495000E-01   4.54745087000E-01
   5.15343237000E-01   6.05226930000E-01   6.75752921000E-01   7.23788619000E-01
   8.05742786000E-01   8.91036278000E-01   9.36484657000E-01   9.50535173000E-01
   9.67700420000E-01   9.84865331000E-01   9.84865374000E-01   1.00000000000E+00
                   0                   0                   0                   0
                   0                   0                   0                   0
                   0                   0                   0                   0
                   0                   0                   0                   0
                   0                   0                   0                   0
                   0                   0                   0                   0
                   0                   0                   0                   0
                   0                   0                   0                   0
                   0                   0                   0                   0
                   0                   0                   0                   0
                   0                   0                   0                   0
                   0                   0                   0                   0
                   0                   0                   0                   0
                   0                   0                   0                   0
                   0                   0                   0                   0
                   0                   0                   0                   0
                   0                   0                   0                   0
                   0                   0                   0                   0
                   0                   0                   0                   0
                   0                   0                   0                   0
                   0                   0                   0                   0
                   0                   0                   0                   0
                   0                   0                   0                   0
                   0                   0                   0                   0
                   2   4.40000000000E+01   0.00000000000E+00                   0
                   0                   0                   0                   0
                   1                   1                   1                   1
   9.00000000000E-01   1.00000000000E+00                   1                   1
   1.30000000000E+00                   1   1.50000000000E+00   1.60000000000E+00
   1.70000000000E+00   1.80000000000E+00   1.90000000000E+00   2.00000000000E+00
   2.10000000000E+00   2.20000000000E+00   2.30000000000E+00   2.40000000000E+00
   2.50000000000E+00   2.60000000000E+00   2.70000000000E+00   2.80000000000E+00
   2.90000000000E+00   3.00000000000E+00   3.10000000000E+00   3.20000000000E+00
   3.30000000000E+00   3.40000000000E+00   3.50000000000E+00   3.60000000000E+00
   3.70000000000E+00   3.80000000000E+00   3.90000000000E+00   4.00000000000E+00
   4.10000000000E+00   4.20000000000E+00   0.00000000000E+00   7.08204600000E-02
   2.62717700000E-01   4.02850400000E-01   4.79415300000E-01                   1
                   1                   1                   1                   1
                   1                   0                   0                   0
                   0                   0                   0                   0
                   0                   0                   0                   0
                   0                   0                   0                   0
                   0                   0                   0                   0
                   0                   0                   0                   0
                   0                   0                   0                   0
                   0                   0                   0                   0
                   0                   0
