 52120.00u  118.874000  0.0000E+00   02/26/20
Ace Te120 IAEA-PD                                                        mat5225
      0         0.      0         0.      0         0.      0         0.
      0         0.      0         0.      0         0.      0         0.
      0         0.      0         0.      0         0.      0         0.
      0         0.      0         0.      0         0.      0         0.
   325060    52120       89        1        7        2       12        0
        0        0        0        0        0        0        0        1
        1       90       90        0      179      268      269      270
      271      362      446        0        0        0        0        0
        0        0        0        0        0        0        0        0
        0        0        0        0        0        0        0        0
   9.99999000000E-01   1.00000000000E+00   1.50000000000E+00   2.00000000000E+00
   2.50000000000E+00   3.00000000000E+00   3.50000000000E+00   4.00000000000E+00
   4.50000000000E+00   5.00000000000E+00   5.50000000000E+00   6.00000000000E+00
   6.50000000000E+00   7.00000000000E+00   7.50000000000E+00   8.00000000000E+00
   8.50000000000E+00   9.00000000000E+00   9.50000000000E+00   1.00000000000E+01
   1.05000000000E+01   1.10000000000E+01   1.15000000000E+01   1.20000000000E+01
   1.25000000000E+01   1.30000000000E+01   1.35000000000E+01   1.40000000000E+01
   1.45000000000E+01   1.50000000000E+01   1.55000000000E+01   1.60000000000E+01
   1.65000000000E+01   1.70000000000E+01   1.75000000000E+01   1.80000000000E+01
   1.85000000000E+01   1.90000000000E+01   1.95000000000E+01   2.00000000000E+01
   2.10000000000E+01   2.20000000000E+01   2.30000000000E+01   2.40000000000E+01
   2.50000000000E+01   2.60000000000E+01   2.70000000000E+01   2.80000000000E+01
   2.90000000000E+01   3.00000000000E+01   3.20000000000E+01   3.40000000000E+01
   3.60000000000E+01   3.80000000000E+01   4.00000000000E+01   4.20000000000E+01
   4.40000000000E+01   4.60000000000E+01   4.80000000000E+01   5.00000000000E+01
   5.20000000000E+01   5.40000000000E+01   5.60000000000E+01   5.80000000000E+01
   6.00000000000E+01   6.20000000000E+01   6.40000000000E+01   6.60000000000E+01
   6.80000000000E+01   7.00000000000E+01   7.20000000000E+01   7.40000000000E+01
   7.60000000000E+01   7.80000000000E+01   8.00000000000E+01   8.50000000000E+01
   9.00000000000E+01   9.50000000000E+01   1.00000000000E+02   1.10000000000E+02
   1.20000000000E+02   1.30000000000E+02   1.40000000000E+02   1.50000000000E+02
   1.60000000000E+02   1.70000000000E+02   1.80000000000E+02   1.90000000000E+02
   2.00000000000E+02   0.00000000000E+00   1.54532100000E-05   4.41683000000E-05
   9.62197000000E-05   1.79997400000E-04   3.05557900000E-04   4.85272600000E-04
   7.34715400000E-04   1.07389400000E-03   1.52892700000E-03   2.13411000000E-03
   2.93363400000E-03   3.98035200000E-03   5.32546100000E-03   6.99505700000E-03
   8.98145400000E-03   1.13159400000E-02   1.41788600000E-02   1.78916900000E-02
   2.28481900000E-02   2.95177700000E-02   3.85027000000E-02   5.05977500000E-02
   6.68340600000E-02   8.84925600000E-02   1.16972000000E-01   1.53106300000E-01
   1.95381800000E-01   2.37459900000E-01   2.68086800000E-01   2.77259400000E-01
   2.64305800000E-01   2.37395000000E-01   2.06033400000E-01   1.76238100000E-01
   1.50447800000E-01   1.29047600000E-01   1.11579700000E-01   9.73646000000E-02
   8.57514400000E-02   6.80661400000E-02   5.56281400000E-02   4.65589300000E-02
   3.97291000000E-02   3.44419600000E-02   3.02538400000E-02   2.68730300000E-02
   2.41018500000E-02   2.18024900000E-02   1.98763300000E-02   1.68718900000E-02
   1.46939600000E-02   1.31008000000E-02   1.19326400000E-02   1.10777700000E-02
   1.04552000000E-02   1.00049500000E-02   9.68211800000E-03   9.45292300000E-03
   9.29192000000E-03   9.17992900000E-03   9.10250700000E-03   9.04878900000E-03
   9.01061700000E-03   8.98188500000E-03   8.95804300000E-03   8.93572200000E-03
   8.91245400000E-03   8.88645700000E-03   8.85647300000E-03   8.82164700000E-03
   8.78143200000E-03   8.73551800000E-03   8.68377600000E-03   8.62621600000E-03
   8.45783100000E-03   8.25772800000E-03   8.03126600000E-03   7.78456300000E-03
   7.25595500000E-03   6.72216600000E-03   6.23040300000E-03   5.82397800000E-03
   5.31882000000E-03   4.88250400000E-03   4.50258600000E-03   4.16937600000E-03
   3.87522400000E-03   3.61402000000E-03   0.00000000000E+00   1.00000000000E+00
   9.93118200000E-01   9.86237300000E-01   9.79356400000E-01   9.72475500000E-01
   7.27598300000E-01   4.20790400000E-01   4.73885400000E-01   4.98921800000E-01
   4.74190100000E-01   3.76769000000E-01   3.92401200000E-01   3.46722600000E-01
   2.61956900000E-01   1.68964400000E-01   9.76151000000E-02   5.51588700000E-02
   4.60256500000E-02   7.11991000000E-02   7.42654600000E+00   8.56503900000E+00
   8.81324200000E+00   9.57621300000E+00   9.69689000000E+00   9.79105500000E+00
   9.87291900000E+00   9.94689300000E+00   1.00402800000E+01   1.01200600000E+01
   1.01841200000E+01   1.02277300000E+01   1.02836600000E+01   1.03213000000E+01
   1.03421500000E+01   1.04154700000E+01   1.14450300000E+01   1.26149900000E+01
   1.35431700000E+01   1.43222000000E+01   1.52476800000E+01   1.59802600000E+01
   1.63203500000E+01   1.66209100000E+01   1.69097500000E+01   1.71909000000E+01
   1.74089400000E+01   1.76044800000E+01   1.78307900000E+01   1.81723400000E+01
   2.01539400000E+01   2.23039800000E+01   2.42496900000E+01   2.55059000000E+01
   2.67300600000E+01   2.80417100000E+01   2.93566400000E+01   3.07429800000E+01
   3.20552400000E+01   3.32267200000E+01   3.44169500000E+01   3.56151500000E+01
   3.68603000000E+01   3.82134900000E+01   3.94897300000E+01   4.08787100000E+01
   4.21787400000E+01   4.34603300000E+01   4.46923700000E+01   4.59307300000E+01
   4.72354000000E+01   4.85053300000E+01   4.97741100000E+01   5.10306100000E+01
   5.23024000000E+01   5.54612800000E+01   5.84845000000E+01   6.15105600000E+01
   6.45161300000E+01   7.07368500000E+01   7.67660200000E+01   8.31530900000E+01
   8.92602100000E+01   9.56402200000E+01   1.01821400000E+02   1.08281900000E+02
   1.14612100000E+02   1.21030500000E+02   1.27545400000E+02                   5
   0.00000000000E+00                   1                   1                  89
   0.00000000000E+00   1.54532100000E-05   4.41683000000E-05   9.62197000000E-05
   1.79997400000E-04   3.05557900000E-04   4.85272600000E-04   7.34715400000E-04
   1.07389400000E-03   1.52892700000E-03   2.13411000000E-03   2.93363400000E-03
   3.98035200000E-03   5.32546100000E-03   6.99505700000E-03   8.98145400000E-03
   1.13159400000E-02   1.41788600000E-02   1.78916900000E-02   2.28481900000E-02
   2.95177700000E-02   3.85027000000E-02   5.05977500000E-02   6.68340600000E-02
   8.84925600000E-02   1.16972000000E-01   1.53106300000E-01   1.95381800000E-01
   2.37459900000E-01   2.68086800000E-01   2.77259400000E-01   2.64305800000E-01
   2.37395000000E-01   2.06033400000E-01   1.76238100000E-01   1.50447800000E-01
   1.29047600000E-01   1.11579700000E-01   9.73646000000E-02   8.57514400000E-02
   6.80661400000E-02   5.56281400000E-02   4.65589300000E-02   3.97291000000E-02
   3.44419600000E-02   3.02538400000E-02   2.68730300000E-02   2.41018500000E-02
   2.18024900000E-02   1.98763300000E-02   1.68718900000E-02   1.46939600000E-02
   1.31008000000E-02   1.19326400000E-02   1.10777700000E-02   1.04552000000E-02
   1.00049500000E-02   9.68211800000E-03   9.45292300000E-03   9.29192000000E-03
   9.17992900000E-03   9.10250700000E-03   9.04878900000E-03   9.01061700000E-03
   8.98188500000E-03   8.95804300000E-03   8.93572200000E-03   8.91245400000E-03
   8.88645700000E-03   8.85647300000E-03   8.82164700000E-03   8.78143200000E-03
   8.73551800000E-03   8.68377600000E-03   8.62621600000E-03   8.45783100000E-03
   8.25772800000E-03   8.03126600000E-03   7.78456300000E-03   7.25595500000E-03
   6.72216600000E-03   6.23040300000E-03   5.82397800000E-03   5.31882000000E-03
   4.88250400000E-03   4.50258600000E-03   4.16937600000E-03   3.87522400000E-03
   3.61402000000E-03                   1                   1                 446
                 518                 590                 591                 592
                 593                 739                 740                 740
                 741                   2                   1               51238
               51329               51420               51421               51422
               51423               51597               51598               51598
               51599                   9                   1               65263
               65341               65419               65420               65421
               65422               65580               65581               65581
               65582                  31                   1              120777
              120840              120903              120904              120905
              120906              121034              121035              121035
              121036                  32                   1              165916
              165977              166038              166039              166040
              166041              166165              166166              166166
              166167                  33                   1              209799
              209862              209925              209926              209927
              209928              210058              210059              210059
              210060                  34                   1              256231
              256322              256413              256414              256415
              256416              256590              256591              256591
              256592                  20                  70   0.00000000000E+00
   1.93168900000E-02   3.29192200000E-02   4.65134000000E-02   6.19396200000E-02
   8.25439600000E-02   1.09926500000E-01   1.45070100000E-01   1.86689800000E-01
   2.28719900000E-01   2.60049600000E-01   2.70501400000E-01   2.58973000000E-01
   2.33321100000E-01   2.02870600000E-01   1.73685100000E-01   1.50167600000E-01
   1.42451000000E-01   1.40092800000E-01   1.35382300000E-01   1.29173300000E-01
   1.11630200000E-01   9.46234700000E-02   8.04209100000E-02   6.95114600000E-02
   6.07072600000E-02   5.34929000000E-02   4.75620100000E-02   4.26391600000E-02
   3.85073600000E-02   3.53400200000E-02   3.21685900000E-02   3.02642400000E-02
   2.83550800000E-02   2.66273500000E-02   2.52627500000E-02   2.45902700000E-02
   2.43215800000E-02   2.42404900000E-02   2.43093200000E-02   2.43548200000E-02
   2.44529600000E-02   2.46244300000E-02   2.48792500000E-02   2.52208600000E-02
   2.56448600000E-02   2.60269900000E-02   2.64519500000E-02   2.68401600000E-02
   2.72472500000E-02   2.76106600000E-02   2.79432000000E-02   2.82725600000E-02
   2.85686100000E-02   2.88236400000E-02   2.90124500000E-02   2.93927800000E-02
   2.96847400000E-02   2.98007200000E-02   2.97405600000E-02   2.93986300000E-02
   2.87578400000E-02   2.80092300000E-02   2.74903000000E-02   2.61999100000E-02
   2.50790900000E-02   2.40607100000E-02   2.31628000000E-02   2.23118700000E-02
   2.14844400000E-02                  20                  70   0.00000000000E+00
   7.98294700000E-02   3.19889800000E-01   5.75751000000E-01   8.14136100000E-01
   9.06044600000E-01   1.00011000000E+00   1.09634800000E+00   1.19434500000E+00
   1.22440600000E+00   1.25368900000E+00   1.28165900000E+00   1.30798700000E+00
   1.33515600000E+00   1.36080100000E+00   1.38520300000E+00   1.42645000000E+00
   1.55341900000E+00   1.73942600000E+00   1.89596500000E+00   2.02108000000E+00
   2.44685400000E+00   2.79343800000E+00   3.02490700000E+00   3.25476100000E+00
   3.45682800000E+00   3.64621000000E+00   3.84823800000E+00   4.04494400000E+00
   4.24819600000E+00   4.48794800000E+00   5.06149600000E+00   5.76089800000E+00
   6.36201000000E+00   6.97654200000E+00   7.55627800000E+00   8.17377400000E+00
   8.84173700000E+00   9.49836700000E+00   1.01592200000E+01   1.08190400000E+01
   1.14686800000E+01   1.21219000000E+01   1.28023700000E+01   1.34778600000E+01
   1.42019200000E+01   1.48850000000E+01   1.56071000000E+01   1.63264000000E+01
   1.70795700000E+01   1.78306800000E+01   1.85509900000E+01   1.92970500000E+01
   2.00500100000E+01   2.08046400000E+01   2.15418000000E+01   2.33467100000E+01
   2.52754300000E+01   2.71686600000E+01   2.90840200000E+01   3.27736200000E+01
   3.66423600000E+01   4.02468300000E+01   4.40862100000E+01   4.76355800000E+01
   5.13703200000E+01   5.48037900000E+01   5.83898400000E+01   6.18736000000E+01
   6.52888500000E+01                   5                  -1                   1
                   6                   5                   0                  71
   1.00000000000E+00   1.02581200000E+01   1.05000000000E+01   1.10000000000E+01
   1.15000000000E+01   1.20000000000E+01   1.25000000000E+01   1.30000000000E+01
   1.35000000000E+01   1.40000000000E+01   1.45000000000E+01   1.50000000000E+01
   1.55000000000E+01   1.60000000000E+01   1.65000000000E+01   1.70000000000E+01
   1.75000000000E+01   1.80000000000E+01   1.85000000000E+01   1.90000000000E+01
   1.95000000000E+01   2.00000000000E+01   2.10000000000E+01   2.20000000000E+01
   2.30000000000E+01   2.40000000000E+01   2.50000000000E+01   2.60000000000E+01
   2.70000000000E+01   2.80000000000E+01   2.90000000000E+01   3.00000000000E+01
   3.20000000000E+01   3.40000000000E+01   3.60000000000E+01   3.80000000000E+01
   4.00000000000E+01   4.20000000000E+01   4.40000000000E+01   4.60000000000E+01
   4.80000000000E+01   5.00000000000E+01   5.20000000000E+01   5.40000000000E+01
   5.60000000000E+01   5.80000000000E+01   6.00000000000E+01   6.20000000000E+01
   6.40000000000E+01   6.60000000000E+01   6.80000000000E+01   7.00000000000E+01
   7.20000000000E+01   7.40000000000E+01   7.60000000000E+01   7.80000000000E+01
   8.00000000000E+01   8.50000000000E+01   9.00000000000E+01   9.50000000000E+01
   1.00000000000E+02   1.10000000000E+02   1.20000000000E+02   1.30000000000E+02
   1.40000000000E+02   1.50000000000E+02   1.60000000000E+02   1.70000000000E+02
   1.80000000000E+02   1.90000000000E+02   2.00000000000E+02   0.00000000000E+00
   0.00000000000E+00   6.54415600000E-01   8.54984700000E-01   9.19278000000E-01
   9.26767300000E-01   9.32778500000E-01   9.39767600000E-01   9.47512300000E-01
   9.55512700000E-01   9.63193800000E-01   9.70020200000E-01   9.75625700000E-01
   9.79823400000E-01   9.82839100000E-01   9.84649100000E-01   9.85513900000E-01
   9.98137600000E-01   1.10386400000E+00   1.25554000000E+00   1.39046700000E+00
   1.50636900000E+00   1.64002500000E+00   1.70100000000E+00   1.72729300000E+00
   1.74963600000E+00   1.76259600000E+00   1.76813600000E+00   1.76987900000E+00
   1.76912400000E+00   1.76619100000E+00   1.77799500000E+00   1.90663800000E+00
   2.05963800000E+00   2.16437800000E+00   2.23147200000E+00   2.28049100000E+00
   2.35196600000E+00   2.43095500000E+00   2.50363500000E+00   2.57161900000E+00
   2.62107500000E+00   2.66374200000E+00   2.70523600000E+00   2.74945600000E+00
   2.79901600000E+00   2.85517600000E+00   2.90543300000E+00   2.96024800000E+00
   3.01153400000E+00   3.06615400000E+00   3.11756800000E+00   3.16757200000E+00
   3.21958400000E+00   3.27039700000E+00   3.31925200000E+00   3.36328800000E+00
   3.47521500000E+00   3.59478300000E+00   3.71058800000E+00   3.82045300000E+00
   4.05165600000E+00   4.27806200000E+00   4.49557300000E+00   4.72019300000E+00
   4.92588800000E+00   5.13652200000E+00   5.34375400000E+00   5.55546000000E+00
   5.75756900000E+00   5.94474900000E+00                   0                   1
                   0                   4                  10                   0
                   2   1.00000000000E+00   2.00000000000E+02   1.00000000000E+00
   1.00000000000E+00                   0                  30   1.00000000000E+00
   1.02581200000E+01   1.20000000000E+01   1.40000000000E+01   1.60000000000E+01
   1.80000000000E+01   2.00000000000E+01   2.20000000000E+01   2.40000000000E+01
   2.60000000000E+01   2.80000000000E+01   3.00000000000E+01   3.20000000000E+01
   3.60000000000E+01   4.00000000000E+01   4.40000000000E+01   4.80000000000E+01
   5.00000000000E+01   5.20000000000E+01   5.60000000000E+01   6.00000000000E+01
   7.00000000000E+01   8.00000000000E+01   9.00000000000E+01   1.00000000000E+02
   1.20000000000E+02   1.40000000000E+02   1.60000000000E+02   1.80000000000E+02
   2.00000000000E+02                  72                  95                 118
                 281                 670                1321                2082
                2942                4036                5195                6432
                7721                9049               10416               11848
               13575               15347               17164               18996
               20843               22720               24627               26856
               29136               31722               34346               37288
               40556               43847               47161                   2
                   3   0.00000000000E+00   5.00000000000E-07   1.00000000000E-06
   0.00000000000E+00   2.00000000000E+06   0.00000000000E+00   0.00000000000E+00
   5.00000000000E-01   1.00000000000E+00                   0                   0
                   0                   0                   0                   0
                   0                   0                   0                   0
                   0                   0                   2                   3
   0.00000000000E+00   5.00000000000E-07   1.00000000000E-06   0.00000000000E+00
   2.00000000000E+06   0.00000000000E+00   0.00000000000E+00   5.00000000000E-01
   1.00000000000E+00                   0                   0                   0
                   0                   0                   0                   0
                   0                   0                   0                   0
                   0                   2                  23   0.00000000000E+00
   2.50000000000E-02   1.00000000000E-01   2.00000000000E-01   3.00000000000E-01
   4.00000000000E-01   5.00000000000E-01   6.00000000000E-01   7.00000000000E-01
   8.00000000000E-01   9.00000000000E-01   1.00000000000E+00   1.10000000000E+00
   1.20000000000E+00   1.30000000000E+00   1.40000000000E+00   1.50000000000E+00
   1.60000000000E+00   1.70000000000E+00   1.80000000000E+00   1.90000000000E+00
   2.00000000000E+00   2.10000000000E+00   0.00000000000E+00   7.82999800000E-02
   2.90322600000E-01   4.47278800000E-01   5.32355700000E-01   5.74546500000E-01
   2.97244700000E-01   8.75050600000E-01   4.60400200000E-01   8.35603300000E-01
   9.31278800000E-01   1.80878000000E+00   9.49050200000E-01   4.44683400000E-01
   5.75335000000E-03   4.28620600000E-01   5.73182500000E-01   2.75745000000E-07
   5.42988500000E-01   0.00000000000E+00   0.00000000000E+00   0.00000000000E+00
   0.00000000000E+00   0.00000000000E+00   9.78749780000E-04   1.48020970000E-02
   5.16821681000E-02   1.00663895000E-01   1.56009006000E-01   1.99598568000E-01
   2.58213334000E-01   3.24985877000E-01   3.89786054000E-01   4.78130161000E-01
   6.15133106000E-01   7.53024620000E-01   8.22711302000E-01   8.45233140000E-01
   8.66951838000E-01   9.17041995000E-01   9.45701135000E-01   9.72850574000E-01
   1.00000000000E+00   1.00000000000E+00   1.00000000000E+00   1.00000000000E+00
                   0                   0                   0                   0
                   0                   0                   0                   0
                   0                   0                   0                   0
                   0                   0                   0                   0
                   0                   0                   0                   0
                   0                   0                   0                   0
                   0                   0                   0                   0
                   0                   0                   0                   0
                   0                   0                   0                   0
                   0                   0                   0                   0
                   0                   0                   0                   0
                   0                   0                   0                   0
                   0                   0                   0                   0
                   0                   0                   0                   0
                   0                   0                   0                   0
                   0                   0                   0                   0
                   0                   0                   0                   0
                   0                   0                   0                   0
                   0                   0                   0                   0
                   0                   0                   0                   0
                   0                   0                   0                   0
                   0                   0                   0                   0
                   0                   0                   0                   0
                   2   4.30000000000E+01   0.00000000000E+00   2.50000000000E-02
   1.00000000000E-01                   0                   0                   0
                   1   6.00000000000E-01                   1                   1
   9.00000000000E-01                   1                   1                   1
                   1                   1                   2                   2
                   2                   2                   2                   2
   2.10000000000E+00   2.20000000000E+00   2.30000000000E+00   2.40000000000E+00
                   3                   3   2.70000000000E+00   2.80000000000E+00
   2.90000000000E+00                   3                   3                   3
   3.30000000000E+00   3.40000000000E+00   3.50000000000E+00   3.60000000000E+00
   3.70000000000E+00   3.80000000000E+00   3.90000000000E+00   4.00000000000E+00
   4.10000000000E+00   0.00000000000E+00   7.76963400000E-02   2.71791300000E-01
   4.16000500000E-01   4.93188200000E-01   5.31193900000E-01   5.46148200000E-01
   5.46877200000E-01   5.38626100000E-01   5.24182500000E-01   5.05647500000E-01
   4.83789800000E-01   4.59482500000E-01   4.33360300000E-01   4.06086500000E-01
   3.78213000000E-01   3.50266300000E-01   3.22700800000E-01   2.95895100000E-01
   2.70148400000E-01   2.45682900000E-01   2.22648900000E-01   2.01133700000E-01
   1.81171300000E-01   1.62752300000E-01   1.45833600000E-01   6.58722100000E-02
   1.67288100000E-01   6.69129800000E-02   1.37465600000E-01   9.46827800000E-02
   2.13882900000E-01   1.12408600000E-01   6.25030700000E-02   1.29046400000E-02
   4.83220100000E-02   4.80482700000E-02   1.02134000000E-08   3.20138800000E-02
   0.00000000000E+00   0.00000000000E+00   0.00000000000E+00   0.00000000000E+00
   0.00000000000E+00   9.71204240000E-04   1.40769906000E-02   4.84665802000E-02
   9.39260147000E-02   1.45145119000E-01   1.99012224000E-01   2.53663493000E-01
   3.07938657000E-01   3.61079087000E-01   4.12570586000E-01   4.62042451000E-01
   5.09206065000E-01   5.53848205000E-01   5.95820544000E-01   6.35035519000E-01
   6.71459484000E-01   7.05107838000E-01   7.36037633000E-01   7.64339808000E-01
   7.90131372000E-01   8.13547962000E-01   8.34737092000E-01   8.53852342000E-01
   8.71048521000E-01   8.86477816000E-01   8.97063107000E-01   9.08721122000E-01
   9.20431176000E-01   9.30650105000E-01   9.42257524000E-01   9.57685807000E-01
   9.74000382000E-01   9.82745966000E-01   9.86516351000E-01   9.89577684000E-01
   9.94396198000E-01   9.96798612000E-01   9.98399306000E-01   1.00000000000E+00
   1.00000000000E+00   1.00000000000E+00   1.00000000000E+00   0.00000000000E+00
   0.00000000000E+00   0.00000000000E+00   0.00000000000E+00                   0
