 52126.00u  124.821700  0.0000E+00   06/19/20
Ace Te126 IAEA-PD                                                        mat5243
      0         0.      0         0.      0         0.      0         0.
      0         0.      0         0.      0         0.      0         0.
      0         0.      0         0.      0         0.      0         0.
      0         0.      0         0.      0         0.      0         0.
   315278    52126       89        1        7        2       12        0
        0        0        0        0        0        0        0        1
        1       90       90        0      179      268      269      270
      271      362      446        0        0        0        0        0
        0        0        0        0        0        0        0        0
        0        0        0        0        0        0        0        0
   9.99999000000E-01   1.00000000000E+00   1.50000000000E+00   2.00000000000E+00
   2.50000000000E+00   3.00000000000E+00   3.50000000000E+00   4.00000000000E+00
   4.50000000000E+00   5.00000000000E+00   5.50000000000E+00   6.00000000000E+00
   6.50000000000E+00   7.00000000000E+00   7.50000000000E+00   8.00000000000E+00
   8.50000000000E+00   9.00000000000E+00   9.50000000000E+00   1.00000000000E+01
   1.05000000000E+01   1.10000000000E+01   1.15000000000E+01   1.20000000000E+01
   1.25000000000E+01   1.30000000000E+01   1.35000000000E+01   1.40000000000E+01
   1.45000000000E+01   1.50000000000E+01   1.55000000000E+01   1.60000000000E+01
   1.65000000000E+01   1.70000000000E+01   1.75000000000E+01   1.80000000000E+01
   1.85000000000E+01   1.90000000000E+01   1.95000000000E+01   2.00000000000E+01
   2.10000000000E+01   2.20000000000E+01   2.30000000000E+01   2.40000000000E+01
   2.50000000000E+01   2.60000000000E+01   2.70000000000E+01   2.80000000000E+01
   2.90000000000E+01   3.00000000000E+01   3.20000000000E+01   3.40000000000E+01
   3.60000000000E+01   3.80000000000E+01   4.00000000000E+01   4.20000000000E+01
   4.40000000000E+01   4.60000000000E+01   4.80000000000E+01   5.00000000000E+01
   5.20000000000E+01   5.40000000000E+01   5.60000000000E+01   5.80000000000E+01
   6.00000000000E+01   6.20000000000E+01   6.40000000000E+01   6.60000000000E+01
   6.80000000000E+01   7.00000000000E+01   7.20000000000E+01   7.40000000000E+01
   7.60000000000E+01   7.80000000000E+01   8.00000000000E+01   8.50000000000E+01
   9.00000000000E+01   9.50000000000E+01   1.00000000000E+02   1.10000000000E+02
   1.20000000000E+02   1.30000000000E+02   1.40000000000E+02   1.50000000000E+02
   1.60000000000E+02   1.70000000000E+02   1.80000000000E+02   1.90000000000E+02
   2.00000000000E+02   0.00000000000E+00   2.02868400000E-05   5.85803200000E-05
   1.28559000000E-04   2.41919100000E-04   4.12801500000E-04   6.58768100000E-04
   1.00214400000E-03   1.47188100000E-03   2.10606500000E-03   2.95491100000E-03
   4.08294700000E-03   5.56605100000E-03   7.47481600000E-03   9.84522200000E-03
   1.26919200000E-02   1.61377300000E-02   2.05381000000E-02   2.64458000000E-02
   3.45610200000E-02   4.57560600000E-02   6.09691000000E-02   8.06470000000E-02
   1.04500200000E-01   1.33273300000E-01   1.68666500000E-01   2.09700600000E-01
   2.50393400000E-01   2.80929100000E-01   2.93401200000E-01   2.87297200000E-01
   2.67709000000E-01   2.40242200000E-01   2.09785600000E-01   1.80557000000E-01
   1.55005100000E-01   1.33726100000E-01   1.16331900000E-01   1.02146800000E-01
   9.05162900000E-02   7.26618800000E-02   5.99406100000E-02   5.05350200000E-02
   4.33556300000E-02   3.77279200000E-02   3.32193700000E-02   2.95431800000E-02
   2.65032500000E-02   2.39615700000E-02   2.18183700000E-02   1.84490100000E-02
   1.59858400000E-02   1.41722200000E-02   1.28349400000E-02   1.18509100000E-02
   1.11298600000E-02   1.06044800000E-02   1.02242100000E-02   9.95095000000E-03
   9.75598500000E-03   9.61766100000E-03   9.51967000000E-03   9.44974300000E-03
   9.39865700000E-03   9.35950200000E-03   9.32711300000E-03   9.29765200000E-03
   9.26829400000E-03   9.23698200000E-03   9.20224800000E-03   9.16307500000E-03
   9.11879200000E-03   9.06899500000E-03   9.01348200000E-03   8.95221000000E-03
   8.77456600000E-03   8.56498700000E-03   8.32871400000E-03   8.07188900000E-03
   7.52256100000E-03   6.96848700000E-03   6.45830600000E-03   6.03676000000E-03
   5.51299900000E-03   5.06065600000E-03   4.66680900000E-03   4.32139800000E-03
   4.01648800000E-03   3.74573700000E-03   0.00000000000E+00   1.00000000000E+00
   1.02103800000E+00   1.04207700000E+00   1.06311600000E+00   1.08415600000E+00
   8.50371100000E-01   4.88402300000E-01   5.18908600000E-01   5.24589700000E-01
   5.01634300000E-01   4.43732000000E-01   4.23412300000E-01   3.76849900000E-01
   3.11155800000E-01   2.35001600000E-01   1.77176100000E+00   3.47919600000E+00
   9.10829700000E+00   9.06220800000E+00   9.02224400000E+00   9.05085800000E+00
   9.07290500000E+00   9.07511000000E+00   9.13571900000E+00   9.16197600000E+00
   9.15881600000E+00   9.12875600000E+00   9.18844600000E+00   9.22870300000E+00
   9.24730200000E+00   9.42006500000E+00   1.06871600000E+01   1.16938600000E+01
   1.25147300000E+01   1.31341700000E+01   1.33972700000E+01   1.35881700000E+01
   1.37856500000E+01   1.40288500000E+01   1.42361800000E+01   1.44678600000E+01
   1.45971200000E+01   1.47356100000E+01   1.49373600000E+01   1.51613400000E+01
   1.58196900000E+01   1.65734700000E+01   1.75213700000E+01   1.84617100000E+01
   1.98795600000E+01   2.10317100000E+01   2.21552400000E+01   2.34676000000E+01
   2.46836900000E+01   2.58206800000E+01   2.69421700000E+01   2.80108400000E+01
   2.90625700000E+01   3.01842900000E+01   3.13584700000E+01   3.25485100000E+01
   3.37357700000E+01   3.49501300000E+01   3.61224100000E+01   3.72741200000E+01
   3.84558900000E+01   3.95311800000E+01   4.06362600000E+01   4.16940700000E+01
   4.27736700000E+01   4.38634500000E+01   4.49280800000E+01   4.59166500000E+01
   4.69980500000E+01   4.96466000000E+01   5.22306100000E+01   5.48404500000E+01
   5.73626400000E+01   6.27054700000E+01   6.78824600000E+01   7.32023400000E+01
   7.82779900000E+01   8.37271800000E+01   8.89072800000E+01   9.49513600000E+01
   9.95791400000E+01   1.04947900000E+02   1.10444200000E+02                   5
   0.00000000000E+00                   1                   1                  89
   0.00000000000E+00   2.02868400000E-05   5.85803200000E-05   1.28559000000E-04
   2.41919100000E-04   4.12801500000E-04   6.58768100000E-04   1.00214400000E-03
   1.47188100000E-03   2.10606500000E-03   2.95491100000E-03   4.08294700000E-03
   5.56605100000E-03   7.47481600000E-03   9.84522200000E-03   1.26919200000E-02
   1.61377300000E-02   2.05381000000E-02   2.64458000000E-02   3.45610200000E-02
   4.57560600000E-02   6.09691000000E-02   8.06470000000E-02   1.04500200000E-01
   1.33273300000E-01   1.68666500000E-01   2.09700600000E-01   2.50393400000E-01
   2.80929100000E-01   2.93401200000E-01   2.87297200000E-01   2.67709000000E-01
   2.40242200000E-01   2.09785600000E-01   1.80557000000E-01   1.55005100000E-01
   1.33726100000E-01   1.16331900000E-01   1.02146800000E-01   9.05162900000E-02
   7.26618800000E-02   5.99406100000E-02   5.05350200000E-02   4.33556300000E-02
   3.77279200000E-02   3.32193700000E-02   2.95431800000E-02   2.65032500000E-02
   2.39615700000E-02   2.18183700000E-02   1.84490100000E-02   1.59858400000E-02
   1.41722200000E-02   1.28349400000E-02   1.18509100000E-02   1.11298600000E-02
   1.06044800000E-02   1.02242100000E-02   9.95095000000E-03   9.75598500000E-03
   9.61766100000E-03   9.51967000000E-03   9.44974300000E-03   9.39865700000E-03
   9.35950200000E-03   9.32711300000E-03   9.29765200000E-03   9.26829400000E-03
   9.23698200000E-03   9.20224800000E-03   9.16307500000E-03   9.11879200000E-03
   9.06899500000E-03   9.01348200000E-03   8.95221000000E-03   8.77456600000E-03
   8.56498700000E-03   8.32871400000E-03   8.07188900000E-03   7.52256100000E-03
   6.96848700000E-03   6.45830600000E-03   6.03676000000E-03   5.51299900000E-03
   5.06065600000E-03   4.66680900000E-03   4.32139800000E-03   4.01648800000E-03
   3.74573700000E-03                   1                   1                 446
                 520                 594                 595                 596
                 597                 747                 748                 748
                 749                   2                   1               52156
               52247               52338               52339               52340
               52341               52515               52516               52516
               52517                   9                   1               66166
               66240               66314               66315               66316
               66317               66467               66468               66468
               66469                  31                   1              119747
              119808              119869              119870              119871
              119872              119996              119997              119997
              119998                  32                   1              163634
              163695              163756              163757              163758
              163759              163883              163884              163884
              163885                  33                   1              207209
              207265              207321              207322              207323
              207324              207442              207443              207443
              207444                  34                   1              249802
              249887              249972              249973              249974
              249975              250151              250152              250152
              250153                  18                  72   0.00000000000E+00
   2.55120600000E-02   3.38931600000E-02   4.49759100000E-02   5.99408300000E-02
   7.93749100000E-02   1.03064800000E-01   1.31772300000E-01   1.67181400000E-01
   2.08307500000E-01   2.49169800000E-01   2.79933400000E-01   2.92647600000E-01
   2.86749200000E-01   2.78444900000E-01   2.93275900000E-01   2.89515900000E-01
   2.72485400000E-01   2.48187500000E-01   2.21293600000E-01   1.97302900000E-01
   1.75671600000E-01   1.57369800000E-01   1.28215200000E-01   1.06596000000E-01
   9.03753600000E-02   7.77061200000E-02   6.76389500000E-02   5.96903200000E-02
   5.41390300000E-02   5.04168700000E-02   4.74519800000E-02   4.47025000000E-02
   3.94785800000E-02   3.51032300000E-02   3.19854500000E-02   2.99390000000E-02
   2.85673100000E-02   2.76395600000E-02   2.69558500000E-02   2.65469800000E-02
   2.63855000000E-02   2.64549700000E-02   2.66931200000E-02   2.70478400000E-02
   2.74119600000E-02   2.78111300000E-02   2.82640800000E-02   2.87243500000E-02
   2.91450000000E-02   2.96488000000E-02   3.01017700000E-02   3.05249700000E-02
   3.09240300000E-02   3.12559900000E-02   3.15816400000E-02   3.19601500000E-02
   3.22096800000E-02   3.28181500000E-02   3.32147400000E-02   3.33899800000E-02
   3.34460200000E-02   3.31170700000E-02   3.24057800000E-02   3.15802000000E-02
   3.09804200000E-02   2.95397700000E-02   2.83103200000E-02   2.71921200000E-02
   2.66201700000E-02   2.57132400000E-02   2.47983400000E-02                  18
                  72   0.00000000000E+00   2.08193900000E-01   4.85572900000E-01
   6.71010600000E-01   8.55483200000E-01   1.04098400000E+00   1.22807300000E+00
   1.25296600000E+00   1.27794900000E+00   1.30265200000E+00   1.32691000000E+00
   1.35501300000E+00   1.38267900000E+00   1.40995100000E+00   1.49676200000E+00
   1.76217600000E+00   1.99829900000E+00   2.19194800000E+00   2.33275200000E+00
   2.54305800000E+00   2.74178600000E+00   2.91749800000E+00   3.08816600000E+00
   3.44267300000E+00   3.78042500000E+00   4.11969500000E+00   4.44742400000E+00
   4.76356900000E+00   5.08989700000E+00   5.38910200000E+00   5.79988300000E+00
   6.22289300000E+00   6.62963000000E+00   7.49668100000E+00   8.24806700000E+00
   9.04781100000E+00   9.82699500000E+00   1.06469300000E+01   1.14756100000E+01
   1.22652600000E+01   1.30579300000E+01   1.38755800000E+01   1.46864500000E+01
   1.55176100000E+01   1.63795400000E+01   1.72271100000E+01   1.80677300000E+01
   1.89437200000E+01   1.97913600000E+01   2.06255500000E+01   2.15391400000E+01
   2.24421100000E+01   2.33522300000E+01   2.42409400000E+01   2.51099700000E+01
   2.60085500000E+01   2.69890700000E+01   2.79001200000E+01   3.01973900000E+01
   3.25488700000E+01   3.48339500000E+01   3.72274600000E+01   4.17917600000E+01
   4.65104800000E+01   5.10264300000E+01   5.57781200000E+01   6.02256400000E+01
   6.49543600000E+01   6.87445400000E+01   7.38307400000E+01   7.83120100000E+01
   8.26215600000E+01                   5                  -1                   1
                   6                   5                   0                  73
   1.00000000000E+00   9.11369100000E+00   9.50000000000E+00   1.00000000000E+01
   1.05000000000E+01   1.10000000000E+01   1.15000000000E+01   1.20000000000E+01
   1.25000000000E+01   1.30000000000E+01   1.35000000000E+01   1.40000000000E+01
   1.45000000000E+01   1.50000000000E+01   1.55000000000E+01   1.60000000000E+01
   1.65000000000E+01   1.70000000000E+01   1.75000000000E+01   1.80000000000E+01
   1.85000000000E+01   1.90000000000E+01   1.95000000000E+01   2.00000000000E+01
   2.10000000000E+01   2.20000000000E+01   2.30000000000E+01   2.40000000000E+01
   2.50000000000E+01   2.60000000000E+01   2.70000000000E+01   2.80000000000E+01
   2.90000000000E+01   3.00000000000E+01   3.20000000000E+01   3.40000000000E+01
   3.60000000000E+01   3.80000000000E+01   4.00000000000E+01   4.20000000000E+01
   4.40000000000E+01   4.60000000000E+01   4.80000000000E+01   5.00000000000E+01
   5.20000000000E+01   5.40000000000E+01   5.60000000000E+01   5.80000000000E+01
   6.00000000000E+01   6.20000000000E+01   6.40000000000E+01   6.60000000000E+01
   6.80000000000E+01   7.00000000000E+01   7.20000000000E+01   7.40000000000E+01
   7.60000000000E+01   7.80000000000E+01   8.00000000000E+01   8.50000000000E+01
   9.00000000000E+01   9.50000000000E+01   1.00000000000E+02   1.10000000000E+02
   1.20000000000E+02   1.30000000000E+02   1.40000000000E+02   1.50000000000E+02
   1.60000000000E+02   1.70000000000E+02   1.80000000000E+02   1.90000000000E+02
   2.00000000000E+02   0.00000000000E+00   0.00000000000E+00   9.64692300000E-01
   9.80675900000E-01   9.82949800000E-01   9.83134600000E-01   9.84226400000E-01
   9.86264100000E-01   9.88737400000E-01   9.91195100000E-01   9.93356700000E-01
   9.95113300000E-01   9.96455700000E-01   9.97431500000E-01   9.98092600000E-01
   1.04010300000E+00   1.22075100000E+00   1.38005600000E+00   1.50913800000E+00
   1.60115700000E+00   1.65482700000E+00   1.69603400000E+00   1.71979500000E+00
   1.73858000000E+00   1.76454600000E+00   1.77836000000E+00   1.78837100000E+00
   1.79229600000E+00   1.79280900000E+00   1.79685300000E+00   1.83253900000E+00
   1.90229000000E+00   1.98033700000E+00   2.04884700000E+00   2.13987500000E+00
   2.19589500000E+00   2.25691200000E+00   2.33261700000E+00   2.41055800000E+00
   2.48337000000E+00   2.54193000000E+00   2.59648200000E+00   2.65155600000E+00
   2.71166600000E+00   2.77542700000E+00   2.84125800000E+00   2.90081500000E+00
   2.95905400000E+00   3.01982700000E+00   3.07966100000E+00   3.13466200000E+00
   3.19894900000E+00   3.25883200000E+00   3.31712100000E+00   3.37485300000E+00
   3.42764600000E+00   3.48237500000E+00   3.54581600000E+00   3.59795800000E+00
   3.74014500000E+00   3.87796700000E+00   4.00902000000E+00   4.14351800000E+00
   4.40236600000E+00   4.65033200000E+00   4.88985800000E+00   5.13196200000E+00
   5.35820300000E+00   5.59420000000E+00   5.82670500000E+00   6.16008300000E+00
   6.40192100000E+00   6.62041700000E+00                   0                   1
                   0                   4                  10                   0
                   2   1.00000000000E+00   2.00000000000E+02   1.00000000000E+00
   1.00000000000E+00                   0                  31   1.00000000000E+00
   9.11369100000E+00   1.00000000000E+01   1.20000000000E+01   1.40000000000E+01
   1.60000000000E+01   1.80000000000E+01   2.00000000000E+01   2.20000000000E+01
   2.40000000000E+01   2.60000000000E+01   2.80000000000E+01   3.00000000000E+01
   3.20000000000E+01   3.60000000000E+01   4.00000000000E+01   4.40000000000E+01
   4.80000000000E+01   5.00000000000E+01   5.20000000000E+01   5.60000000000E+01
   6.00000000000E+01   7.00000000000E+01   8.00000000000E+01   9.00000000000E+01
   1.00000000000E+02   1.20000000000E+02   1.40000000000E+02   1.60000000000E+02
   1.80000000000E+02   2.00000000000E+02                  74                  85
                  96                 131                 412                 975
                1714                2552                3478                4470
                5707                6996                8337                9717
               11136               12620               14156               15973
               17835               19712               21604               23526
               25463               27709               30006               32611
               35235               38198               41466               44757
               48071                   2                   3   0.00000000000E+00
   5.00000000000E-07   1.00000000000E-06   0.00000000000E+00   2.00000000000E+06
   0.00000000000E+00   0.00000000000E+00   5.00000000000E-01   1.00000000000E+00
                   2                   3   0.00000000000E+00   5.00000000000E-07
   1.00000000000E-06   0.00000000000E+00   2.00000000000E+06   0.00000000000E+00
   0.00000000000E+00   5.00000000000E-01   1.00000000000E+00                   2
                  11   0.00000000000E+00   2.50000000000E-02   1.00000000000E-01
   2.00000000000E-01   3.00000000000E-01   4.00000000000E-01   5.00000000000E-01
   6.00000000000E-01   7.00000000000E-01   8.00000000000E-01   9.00000000000E-01
   0.00000000000E+00   3.02435400000E-03   1.19546600000E-02   2.04069200000E+00
   1.67796500000E+00   3.16585100000E+00   4.74608000000E-02   3.59424800000E-03
   3.23168800000E-03   1.07073000000E-06   6.09846400000E+00   0.00000000000E+00
   3.78044238000E-05   5.99517431000E-04   1.03231847000E-01   2.89164691000E-01
   5.31355484000E-01   6.92021069000E-01   6.94573821000E-01   6.94915118000E-01
   6.95076756000E-01   1.00000000000E+00                   2                  31
   0.00000000000E+00   2.50000000000E-02   1.00000000000E-01   2.00000000000E-01
   3.00000000000E-01   4.00000000000E-01   5.00000000000E-01   6.00000000000E-01
   7.00000000000E-01   8.00000000000E-01   9.00000000000E-01   1.00000000000E+00
   1.10000000000E+00   1.20000000000E+00   1.30000000000E+00   1.40000000000E+00
   1.50000000000E+00   1.60000000000E+00   1.70000000000E+00   1.80000000000E+00
   1.90000000000E+00   2.00000000000E+00   2.10000000000E+00   2.20000000000E+00
   2.30000000000E+00   2.40000000000E+00   2.50000000000E+00   2.60000000000E+00
   2.70000000000E+00   2.80000000000E+00   2.90000000000E+00   0.00000000000E+00
   6.51761900000E-02   2.54166600000E-01   3.84315100000E-01   4.57218200000E-01
   4.95879100000E-01   5.13380500000E-01   5.17633000000E-01   5.13406500000E-01
   5.02769900000E-01   4.87227200000E-01   4.67686300000E-01   4.44898200000E-01
   4.19584600000E-01   3.92556500000E-01   1.85642800000E-01   1.48451800000E-01
   7.71715700000E-01   2.00917100000E-01   8.67038100000E-01   6.89961100000E-02
   1.11891000000E-04   1.29396700000E-01   5.95841600000E-01   2.57055100000E-01
   5.52584700000E-01   7.32151900000E-02   4.29893500000E-02   2.85003600000E-02
   7.14471000000E-08   4.52008900000E-01   0.00000000000E+00   8.14702376000E-04
   1.27900570000E-02   4.47141420000E-02   8.67908071000E-02   1.34445672000E-01
   1.84908652000E-01   2.36459327000E-01   2.88011302000E-01   3.38820122000E-01
   3.88319977000E-01   4.36065652000E-01   4.81694877000E-01   5.24919017000E-01
   5.65526072000E-01   5.94436037000E-01   6.11140767000E-01   6.57149143000E-01
   7.05780783000E-01   7.59178543000E-01   8.05980253000E-01   8.09435653000E-01
   8.15911083000E-01   8.52172998000E-01   8.94817833000E-01   9.35299823000E-01
   9.66589817000E-01   9.72400044000E-01   9.75974530000E-01   9.77399551000E-01
   1.00000000000E+00                   0                   0                   0
                   0                   0                   0                   0
                   0                   0                   0                   0
                   0                   0                   0                   0
                   0                   0                   0                   0
                   0                   0                   0                   0
                   0                   0                   0                   0
                   0                   0                   0                   0
                   0                   0                   0                   0
                   0                   0                   0                   0
                   0                   0                   0                   0
                   0                   0                   0                   0
                   0                   0                   0                   0
                   0                   0                   0                   0
                   0                   0                   0                   0
                   0                   0                   0                   0
                   0                   0                   0                   0
                   0                   0                   0                   0
                   0                   0                   0                   0
                   0                   0                   0                   0
                   0                   0                   0                   0
                   0                   0                   0                   0
                   0                   0                   0                   0
                   0                   0                   0                   0
                   0                   0                   0                   0
                   0                   0                   0                   0
                   0                   0                   0                   0
                   0                   0                   0                   0
                   0                   0                   0                   0
                   0                   0                   0                   0
                   0                   0                   0                   0
                   0                   0                   0                   0
                   0                   0                   0                   0
                   0
