 52123.00u  121.848500  0.0000E+00   05/27/20
Ace Te123 IAEA-PD                                                        mat5234
      0         0.      0         0.      0         0.      0         0.
      0         0.      0         0.      0         0.      0         0.
      0         0.      0         0.      0         0.      0         0.
      0         0.      0         0.      0         0.      0         0.
   334418    52123       89        1        7        2       12        0
        0        0        0        0        0        0        0        1
        1       90       90        0      179      268      269      270
      271      362      446        0        0        0        0        0
        0        0        0        0        0        0        0        0
        0        0        0        0        0        0        0        0
   9.99999000000E-01   1.00000000000E+00   1.50000000000E+00   2.00000000000E+00
   2.50000000000E+00   3.00000000000E+00   3.50000000000E+00   4.00000000000E+00
   4.50000000000E+00   5.00000000000E+00   5.50000000000E+00   6.00000000000E+00
   6.50000000000E+00   7.00000000000E+00   7.50000000000E+00   8.00000000000E+00
   8.50000000000E+00   9.00000000000E+00   9.50000000000E+00   1.00000000000E+01
   1.05000000000E+01   1.10000000000E+01   1.15000000000E+01   1.20000000000E+01
   1.25000000000E+01   1.30000000000E+01   1.35000000000E+01   1.40000000000E+01
   1.45000000000E+01   1.50000000000E+01   1.55000000000E+01   1.60000000000E+01
   1.65000000000E+01   1.70000000000E+01   1.75000000000E+01   1.80000000000E+01
   1.85000000000E+01   1.90000000000E+01   1.95000000000E+01   2.00000000000E+01
   2.10000000000E+01   2.20000000000E+01   2.30000000000E+01   2.40000000000E+01
   2.50000000000E+01   2.60000000000E+01   2.70000000000E+01   2.80000000000E+01
   2.90000000000E+01   3.00000000000E+01   3.20000000000E+01   3.40000000000E+01
   3.60000000000E+01   3.80000000000E+01   4.00000000000E+01   4.20000000000E+01
   4.40000000000E+01   4.60000000000E+01   4.80000000000E+01   5.00000000000E+01
   5.20000000000E+01   5.40000000000E+01   5.60000000000E+01   5.80000000000E+01
   6.00000000000E+01   6.20000000000E+01   6.40000000000E+01   6.60000000000E+01
   6.80000000000E+01   7.00000000000E+01   7.20000000000E+01   7.40000000000E+01
   7.60000000000E+01   7.80000000000E+01   8.00000000000E+01   8.50000000000E+01
   9.00000000000E+01   9.50000000000E+01   1.00000000000E+02   1.10000000000E+02
   1.20000000000E+02   1.30000000000E+02   1.40000000000E+02   1.50000000000E+02
   1.60000000000E+02   1.70000000000E+02   1.80000000000E+02   1.90000000000E+02
   2.00000000000E+02   0.00000000000E+00   1.58159500000E-05   4.53250300000E-05
   9.89224500000E-05   1.85316400000E-04   3.14958300000E-04   5.00723600000E-04
   7.58845300000E-04   1.11020500000E-03   1.58208300000E-03   2.21025300000E-03
   3.04058000000E-03   4.12710400000E-03   5.52023500000E-03   7.24301400000E-03
   9.29023100000E-03   1.17128900000E-02   1.47183500000E-02   1.86459600000E-02
   2.39062100000E-02   3.09972400000E-02   4.05669500000E-02   5.34744700000E-02
   7.08377700000E-02   9.40475800000E-02   1.24589100000E-01   1.63181500000E-01
   2.07683200000E-01   2.50497800000E-01   2.79281400000E-01   2.84560000000E-01
   2.67603300000E-01   2.37973600000E-01   2.05273400000E-01   1.75028900000E-01
   1.49225300000E-01   1.27981100000E-01   1.10711600000E-01   9.66853100000E-02
   8.52344600000E-02   6.77860000000E-02   5.54978600000E-02   4.65222100000E-02
   3.97510000000E-02   3.45008500000E-02   3.03362200000E-02   2.69704100000E-02
   2.42088600000E-02   2.19157300000E-02   1.99936800000E-02   1.69940400000E-02
   1.48190200000E-02   1.32283300000E-02   1.20627000000E-02   1.12105500000E-02
   1.05908400000E-02   1.01435000000E-02   9.82353100000E-03   9.59709900000E-03
   9.43869400000E-03   9.32910000000E-03   9.25384500000E-03   9.20204900000E-03
   9.16554700000E-03   9.13823000000E-03   9.11555100000E-03   9.09414500000E-03
   9.07155200000E-03   9.04599800000E-03   9.01623500000E-03   8.98142100000E-03
   8.94101700000E-03   8.89472600000E-03   8.84242900000E-03   8.78415000000E-03
   8.61331500000E-03   8.40997200000E-03   8.17964400000E-03   7.92860600000E-03
   7.39049500000E-03   6.84696600000E-03   6.34617100000E-03   5.93226000000E-03
   5.41774600000E-03   4.97334100000E-03   4.58637300000E-03   4.24697600000E-03
   3.94736000000E-03   3.68130100000E-03   0.00000000000E+00   1.00000000000E+00
   5.90024800000E-01   1.80050600000E-01   1.95085900000E-01   2.08412600000E-01
   2.08073200000E-01   1.74671100000E-01   2.31197300000E-01   2.41652300000E-01
   2.04858100000E-01   1.26577600000E-01   1.08752500000E+00   5.75007400000E+00
   6.84115200000E+00   6.76423000000E+00   6.74103400000E+00   6.72732400000E+00
   6.70409600000E+00   6.74593300000E+00   6.85117200000E+00   6.90648400000E+00
   6.89524000000E+00   6.82875800000E+00   6.85583500000E+00   6.87344700000E+00
   6.88416300000E+00   6.88422300000E+00   6.92401500000E+00   6.95073700000E+00
   6.96923400000E+00   6.96602700000E+00   7.23927800000E+00   7.58806500000E+00
   8.51702400000E+00   9.57527400000E+00   1.09066500000E+01   1.20293300000E+01
   1.29764800000E+01   1.38430400000E+01   1.45380100000E+01   1.51990000000E+01
   1.55001700000E+01   1.57782700000E+01   1.61158000000E+01   1.65892500000E+01
   1.75411500000E+01   1.84458700000E+01   1.92336000000E+01   1.99465000000E+01
   2.10000400000E+01   2.18251700000E+01   2.26449200000E+01   2.38287000000E+01
   2.52203400000E+01   2.69101800000E+01   2.85454800000E+01   2.98155800000E+01
   3.10463500000E+01   3.22208700000E+01   3.34189700000E+01   3.46693900000E+01
   3.58822800000E+01   3.70062100000E+01   3.81694100000E+01   3.93740500000E+01
   4.05714100000E+01   4.18263300000E+01   4.30474100000E+01   4.42812300000E+01
   4.54861800000E+01   4.67111300000E+01   4.78740400000E+01   4.90328000000E+01
   5.01928400000E+01   5.31220400000E+01   5.60457900000E+01   5.89692300000E+01
   6.18808000000E+01   6.78983900000E+01   7.36386300000E+01   7.98239800000E+01
   8.57613300000E+01   9.19055000000E+01   9.78847400000E+01   1.04067200000E+02
   1.10186300000E+02   1.16457600000E+02   1.22795500000E+02                   5
   0.00000000000E+00                   1                   1                  89
   0.00000000000E+00   1.58159500000E-05   4.53250300000E-05   9.89224500000E-05
   1.85316400000E-04   3.14958300000E-04   5.00723600000E-04   7.58845300000E-04
   1.11020500000E-03   1.58208300000E-03   2.21025300000E-03   3.04058000000E-03
   4.12710400000E-03   5.52023500000E-03   7.24301400000E-03   9.29023100000E-03
   1.17128900000E-02   1.47183500000E-02   1.86459600000E-02   2.39062100000E-02
   3.09972400000E-02   4.05669500000E-02   5.34744700000E-02   7.08377700000E-02
   9.40475800000E-02   1.24589100000E-01   1.63181500000E-01   2.07683200000E-01
   2.50497800000E-01   2.79281400000E-01   2.84560000000E-01   2.67603300000E-01
   2.37973600000E-01   2.05273400000E-01   1.75028900000E-01   1.49225300000E-01
   1.27981100000E-01   1.10711600000E-01   9.66853100000E-02   8.52344600000E-02
   6.77860000000E-02   5.54978600000E-02   4.65222100000E-02   3.97510000000E-02
   3.45008500000E-02   3.03362200000E-02   2.69704100000E-02   2.42088600000E-02
   2.19157300000E-02   1.99936800000E-02   1.69940400000E-02   1.48190200000E-02
   1.32283300000E-02   1.20627000000E-02   1.12105500000E-02   1.05908400000E-02
   1.01435000000E-02   9.82353100000E-03   9.59709900000E-03   9.43869400000E-03
   9.32910000000E-03   9.25384500000E-03   9.20204900000E-03   9.16554700000E-03
   9.13823000000E-03   9.11555100000E-03   9.09414500000E-03   9.07155200000E-03
   9.04599800000E-03   9.01623500000E-03   8.98142100000E-03   8.94101700000E-03
   8.89472600000E-03   8.84242900000E-03   8.78415000000E-03   8.61331500000E-03
   8.40997200000E-03   8.17964400000E-03   7.92860600000E-03   7.39049500000E-03
   6.84696600000E-03   6.34617100000E-03   5.93226000000E-03   5.41774600000E-03
   4.97334100000E-03   4.58637300000E-03   4.24697600000E-03   3.94736000000E-03
   3.68130100000E-03                   1                   1                 446
                 525                 604                 605                 606
                 607                 765                 766                 766
                 767                   2                   1               56188
               56279               56370               56371               56372
               56373               56551               56552               56552
               56553                   9                   1               70275
               70351               70427               70428               70429
               70430               70584               70585               70585
               70586                  31                   1              125281
              125348              125415              125416              125417
              125418              125554              125555              125555
              125556                  32                   1              173543
              173604              173665              173666              173667
              173668              173792              173793              173793
              173794                  33                   1              217448
              217513              217578              217579              217580
              217581              217715              217716              217716
              217717                  34                   1              265952
              266039              266126              266127              266128
              266129              266309              266310              266310
              266311                  13                  77   0.00000000000E+00
   6.48918000000E-04   6.84855500000E-03   8.97334700000E-03   1.12880300000E-02
   1.41477600000E-02   1.79882700000E-02   2.32093300000E-02   3.02324000000E-02
   3.97656400000E-02   5.26527300000E-02   7.00018900000E-02   9.32001700000E-02
   1.23731400000E-01   1.62315700000E-01   2.06819800000E-01   2.49658500000E-01
   2.78490500000E-01   2.83828600000E-01   2.66922900000E-01   2.37321000000E-01
   2.06676900000E-01   1.94747800000E-01   1.88475400000E-01   1.80197100000E-01
   1.69422800000E-01   1.56508400000E-01   1.43470000000E-01   1.19179000000E-01
   9.97813800000E-02   8.45605400000E-02   7.26566400000E-02   6.34377100000E-02
   5.75474800000E-02   5.38458000000E-02   5.09498500000E-02   4.80367600000E-02
   4.52136700000E-02   3.99393200000E-02   3.56239800000E-02   3.21811800000E-02
   2.98809700000E-02   2.88327100000E-02   2.84597900000E-02   2.82538800000E-02
   2.80704200000E-02   2.80452100000E-02   2.82084900000E-02   2.85938700000E-02
   2.90888100000E-02   2.96018800000E-02   3.00715400000E-02   3.04632300000E-02
   3.08909000000E-02   3.13468200000E-02   3.17986500000E-02   3.22675100000E-02
   3.27321400000E-02   3.31508200000E-02   3.35127200000E-02   3.38701000000E-02
   3.41787700000E-02   3.44645200000E-02   3.49797600000E-02   3.52181100000E-02
   3.53625300000E-02   3.52825800000E-02   3.47770700000E-02   3.39950200000E-02
   3.30646100000E-02   3.24089100000E-02   3.09017400000E-02   2.95779600000E-02
   2.83583300000E-02   2.72203500000E-02   2.62182400000E-02   2.52469900000E-02
                  13                  77   0.00000000000E+00   5.34756800000E-03
   3.45976800000E-01   6.62907500000E-01   7.48214700000E-01   8.32845600000E-01
   9.22755800000E-01   1.01604500000E+00   1.07031300000E+00   1.12554700000E+00
   1.18064000000E+00   1.23515500000E+00   1.27239200000E+00   1.30894400000E+00
   1.34490100000E+00   1.38036900000E+00   1.42208400000E+00   1.46344200000E+00
   1.50445400000E+00   1.54512500000E+00   1.53757900000E+00   1.54504200000E+00
   1.69936000000E+00   1.91984600000E+00   2.18283200000E+00   2.41877500000E+00
   2.60755200000E+00   2.76240500000E+00   3.13134400000E+00   3.45371000000E+00
   3.70724600000E+00   3.94484800000E+00   4.12376600000E+00   4.41466600000E+00
   4.72417600000E+00   5.06221700000E+00   5.44756600000E+00   5.80128000000E+00
   6.45697100000E+00   7.06393100000E+00   7.61340900000E+00   8.16006900000E+00
   8.89565300000E+00   9.63989500000E+00   1.03503400000E+01   1.10530800000E+01
   1.17485800000E+01   1.24516300000E+01   1.31777400000E+01   1.39190500000E+01
   1.46579200000E+01   1.54302700000E+01   1.61661900000E+01   1.68800400000E+01
   1.76232700000E+01   1.83832600000E+01   1.91766000000E+01   1.99948600000E+01
   2.07681800000E+01   2.15356400000E+01   2.23315400000E+01   2.31281300000E+01
   2.39429300000E+01   2.59404600000E+01   2.79423900000E+01   2.99310000000E+01
   3.19246300000E+01   3.57671100000E+01   3.98576400000E+01   4.36393900000E+01
   4.76599100000E+01   5.14029000000E+01   5.53112400000E+01   5.90226100000E+01
   6.27549000000E+01   6.63733800000E+01   6.99184200000E+01                   5
                  -1                   1                   6                   5
                   0                  77   1.00000000000E+00   6.92901300000E+00
   7.50000000000E+00   8.00000000000E+00   8.50000000000E+00   9.00000000000E+00
   9.50000000000E+00   1.00000000000E+01   1.05000000000E+01   1.10000000000E+01
   1.15000000000E+01   1.20000000000E+01   1.25000000000E+01   1.30000000000E+01
   1.35000000000E+01   1.40000000000E+01   1.45000000000E+01   1.50000000000E+01
   1.55000000000E+01   1.60000000000E+01   1.65000000000E+01   1.70000000000E+01
   1.75000000000E+01   1.80000000000E+01   1.85000000000E+01   1.90000000000E+01
   1.95000000000E+01   2.00000000000E+01   2.10000000000E+01   2.20000000000E+01
   2.30000000000E+01   2.40000000000E+01   2.50000000000E+01   2.60000000000E+01
   2.70000000000E+01   2.80000000000E+01   2.90000000000E+01   3.00000000000E+01
   3.20000000000E+01   3.40000000000E+01   3.60000000000E+01   3.80000000000E+01
   4.00000000000E+01   4.20000000000E+01   4.40000000000E+01   4.60000000000E+01
   4.80000000000E+01   5.00000000000E+01   5.20000000000E+01   5.40000000000E+01
   5.60000000000E+01   5.80000000000E+01   6.00000000000E+01   6.20000000000E+01
   6.40000000000E+01   6.60000000000E+01   6.80000000000E+01   7.00000000000E+01
   7.20000000000E+01   7.40000000000E+01   7.60000000000E+01   7.80000000000E+01
   8.00000000000E+01   8.50000000000E+01   9.00000000000E+01   9.50000000000E+01
   1.00000000000E+02   1.10000000000E+02   1.20000000000E+02   1.30000000000E+02
   1.40000000000E+02   1.50000000000E+02   1.60000000000E+02   1.70000000000E+02
   1.80000000000E+02   1.90000000000E+02   2.00000000000E+02   0.00000000000E+00
   0.00000000000E+00   9.45539400000E-01   9.65890600000E-01   9.63727100000E-01
   9.61232700000E-01   9.64727500000E-01   9.70849400000E-01   9.75325500000E-01
   9.80247200000E-01   9.84633000000E-01   9.88200100000E-01   9.90989600000E-01
   9.93115800000E-01   9.94694300000E-01   9.95842700000E-01   9.96649500000E-01
   9.97168100000E-01   9.97429700000E-01   9.97457400000E-01   9.97257700000E-01
   1.00683700000E+00   1.11266100000E+00   1.26302600000E+00   1.40799800000E+00
   1.53030800000E+00   1.61874000000E+00   1.68323900000E+00   1.75816500000E+00
   1.79793200000E+00   1.81763800000E+00   1.82779400000E+00   1.83872900000E+00
   1.89698900000E+00   1.99647700000E+00   2.10459500000E+00   2.19188500000E+00
   2.26139800000E+00   2.35019600000E+00   2.40393600000E+00   2.43274700000E+00
   2.47713800000E+00   2.57192600000E+00   2.68720800000E+00   2.78541700000E+00
   2.85746700000E+00   2.92225900000E+00   2.98860100000E+00   3.06501900000E+00
   3.14343000000E+00   3.21687900000E+00   3.28093200000E+00   3.33360300000E+00
   3.38881300000E+00   3.44692300000E+00   3.50531500000E+00   3.56704800000E+00
   3.63035600000E+00   3.69104400000E+00   3.74820000000E+00   3.80788600000E+00
   3.86531500000E+00   3.92348900000E+00   4.06112600000E+00   4.18766100000E+00
   4.32323600000E+00   4.45003600000E+00   4.70564800000E+00   4.96497600000E+00
   5.21016700000E+00   5.46316400000E+00   5.70380000000E+00   5.94730200000E+00
   6.18317100000E+00   6.40934900000E+00   6.64196800000E+00   6.85817100000E+00
                   0                   1                   0                   4
                  10                   0                   2   1.00000000000E+00
   2.00000000000E+02   1.00000000000E+00   1.00000000000E+00                   0
                  32   1.00000000000E+00   6.92901300000E+00   8.00000000000E+00
   1.00000000000E+01   1.20000000000E+01   1.40000000000E+01   1.60000000000E+01
   1.80000000000E+01   2.00000000000E+01   2.20000000000E+01   2.40000000000E+01
   2.60000000000E+01   2.80000000000E+01   3.00000000000E+01   3.20000000000E+01
   3.60000000000E+01   4.00000000000E+01   4.40000000000E+01   4.80000000000E+01
   5.00000000000E+01   5.20000000000E+01   5.60000000000E+01   6.00000000000E+01
   7.00000000000E+01   8.00000000000E+01   9.00000000000E+01   1.00000000000E+02
   1.20000000000E+02   1.40000000000E+02   1.60000000000E+02   1.80000000000E+02
   2.00000000000E+02                  76                  87                  98
                 139                 372                 851                1656
                2615                3651                4753                6120
                7539                8997               10494               12017
               13579               15180               17072               18994
               20946               22913               24895               26892
               28919               31250               33615               36277
               38977               41982               45319               48679
               52039                   2                   3   0.00000000000E+00
   5.00000000000E-07   1.00000000000E-06   0.00000000000E+00   2.00000000000E+06
   0.00000000000E+00   0.00000000000E+00   5.00000000000E-01   1.00000000000E+00
                   2                   3   0.00000000000E+00   5.00000000000E-07
   1.00000000000E-06   0.00000000000E+00   2.00000000000E+06   0.00000000000E+00
   0.00000000000E+00   5.00000000000E-01   1.00000000000E+00                   2
                  13   0.00000000000E+00   2.50000000000E-02   1.00000000000E-01
   2.00000000000E-01   3.00000000000E-01   4.00000000000E-01   5.00000000000E-01
   6.00000000000E-01   7.00000000000E-01   8.00000000000E-01   9.00000000000E-01
   1.00000000000E+00   1.10000000000E+00   0.00000000000E+00   4.83024000000E-04
   1.37962300000E-03   1.37027500000E-03   1.24209700000E-03   1.00225600000E-03
   6.88688600000E+00   4.32499000000E-04   1.50146000000E-04   6.31703000000E-05
   1.93117000000E-05   2.50237000000E-06   6.21476600000E+00   0.00000000000E+00
   6.03780004000E-06   7.58870630000E-05   2.13381964000E-04   3.44000565000E-04
   4.56218215000E-04   3.44850633000E-01   6.89216560000E-01   6.89245692000E-01
   6.89256358000E-01   6.89260482000E-01   6.89261573000E-01   1.00000000000E+00
                   2                  33   0.00000000000E+00   2.50000000000E-02
   1.00000000000E-01   2.00000000000E-01   3.00000000000E-01   4.00000000000E-01
   5.00000000000E-01   6.00000000000E-01   7.00000000000E-01   8.00000000000E-01
   9.00000000000E-01   1.00000000000E+00   1.10000000000E+00   1.20000000000E+00
   1.30000000000E+00   1.40000000000E+00   1.50000000000E+00   1.60000000000E+00
   1.70000000000E+00   1.80000000000E+00   1.90000000000E+00   2.00000000000E+00
   2.10000000000E+00   2.20000000000E+00   2.30000000000E+00   2.40000000000E+00
   2.50000000000E+00   2.60000000000E+00   2.70000000000E+00   2.80000000000E+00
   2.90000000000E+00   3.00000000000E+00   3.10000000000E+00   0.00000000000E+00
   7.78687900000E-02   2.98606200000E-01   4.57941300000E-01   2.82769900000E-01
   6.22215900000E-01   1.36345400000E+00   5.88956100000E-01   3.87062900000E-01
   1.08621800000E+00   6.16343000000E-01   5.26526100000E-01   5.37732300000E-01
   6.39143600000E-02   8.97769400000E-01   3.70329500000E-03   2.87000500000E-03
   2.26391700000E-03   3.53980600000E-01   6.98042300000E-01   1.55238200000E-01
   6.81723900000E-04   4.71553000000E-04   3.17986000000E-04   2.05345000000E-04
   1.24416000000E-04   8.44316100000E-01   3.94914000000E-05   1.81407000000E-05
   6.91793900000E-06   1.88030000000E-06   2.13447000000E-07   4.13200600000E-01
   0.00000000000E+00   9.73359925000E-04   1.50911713000E-02   5.29185434000E-02
   8.99541006000E-02   1.35203387000E-01   2.34486874000E-01   3.32107372000E-01
   3.80908318000E-01   4.54572358000E-01   5.39700401000E-01   5.96843852000E-01
   6.50056767000E-01   6.80139098000E-01   7.28223287000E-01   7.73296924000E-01
   7.73625589000E-01   7.73882285000E-01   7.91694509000E-01   8.44295655000E-01
   8.86959682000E-01   8.94755678000E-01   8.94813341000E-01   8.94852818000E-01
   8.94878985000E-01   8.94895473000E-01   9.37117500000E-01   9.79335282000E-01
   9.79338163000E-01   9.79339416000E-01   9.79339856000E-01   9.79339961000E-01
   1.00000000000E+00                   0                   0                   0
                   0                   0                   0                   0
                   0                   0                   0                   0
                   0                   0                   0                   0
                   0                   0                   0                   0
                   0                   0                   0                   0
                   0                   0                   0                   0
                   0                   0                   0                   0
                   0                   0                   0                   0
                   0                   0                   0                   0
                   0                   0                   0                   0
                   0                   0                   0                   0
                   0                   0                   0                   0
                   0                   0                   0                   0
                   0                   0                   0                   0
                   0                   0                   0                   0
                   0                   0                   0                   0
                   0                   0                   0                   0
                   0                   0                   0                   0
                   0                   0                   0                   0
                   0                   0                   0                   0
                   0                   0                   0                   0
                   0                   0                   0                   0
                   0                   0                   0                   0
                   0                   0                   0                   0
                   0                   0                   0                   0
                   0                   0                   0                   0
                   0                   0                   0                   0
                   0                   0                   0                   0
                   0                   0                   0                   0
                   0                   0                   0                   0
                   0                   0                   0                   0
                   0                   0                   0                   0
                   0                   2                  53   0.00000000000E+00
   2.50000000000E-02   1.00000000000E-01   2.00000000000E-01   3.00000000000E-01
   4.00000000000E-01   5.00000000000E-01   6.00000000000E-01   7.00000000000E-01
   8.00000000000E-01   9.00000000000E-01   1.00000000000E+00   1.10000000000E+00
   1.20000000000E+00   1.30000000000E+00   1.40000000000E+00   1.50000000000E+00
   1.60000000000E+00   1.70000000000E+00   1.80000000000E+00   1.90000000000E+00
   2.00000000000E+00   2.10000000000E+00   2.20000000000E+00   2.30000000000E+00
   2.40000000000E+00   2.50000000000E+00   2.60000000000E+00   2.70000000000E+00
   2.80000000000E+00   2.90000000000E+00   3.00000000000E+00   3.10000000000E+00
   3.20000000000E+00   3.30000000000E+00   3.40000000000E+00   3.50000000000E+00
   3.60000000000E+00   3.70000000000E+00   3.80000000000E+00   3.90000000000E+00
   4.00000000000E+00   4.10000000000E+00   4.20000000000E+00   4.30000000000E+00
   4.40000000000E+00   4.50000000000E+00   4.60000000000E+00   4.70000000000E+00
   4.80000000000E+00   4.90000000000E+00   5.00000000000E+00   5.10000000000E+00
                   0                   0                   0                   0
                   0                   1                   1                   1
                   1                   1                   1                   0
                   0                   0                   0                   0
                   0                   0                   0                   0
                   0                   0                   0                   0
                   0                   0                   0                   0
                   0                   0                   0                   0
                   0                   0                   0                   0
                   0                   0                   0                   0
                   0                   0                   0                   0
                   0                   0                   0                   0
                   0                   0                   0                   0
                   0   0.00000000000E+00   8.36890003000E-04   1.29390213000E-02
   4.53889064000E-02   8.86357166000E-02   1.37935882000E-01   1.90408917000E-01
   2.44256927000E-01   2.98214702000E-01   3.51483797000E-01   4.03584183000E-01
   4.54084648000E-01   5.02625918000E-01   5.48916763000E-01   5.92724128000E-01
   6.33877668000E-01   6.72284739000E-01   7.07928094000E-01   7.40839904000E-01
   7.71081469000E-01   7.98746644000E-01   8.23962924000E-01   8.46872404000E-01
   8.67623719000E-01   8.82129214000E-01   8.96851298000E-01   9.18937548000E-01
   9.35376181000E-01   9.42360569000E-01   9.50338599000E-01   9.60365676000E-01
   9.67995610000E-01   9.73533289000E-01   9.76842662000E-01   9.81026961000E-01
   9.84428051000E-01   9.84444917000E-01   9.84457343000E-01   9.85496992000E-01
   9.89025065000E-01   9.92526311000E-01   9.93535144000E-01   9.93537233000E-01
   9.93538596000E-01   9.93539460000E-01   9.93539990000E-01   9.96229740000E-01
   9.98919350000E-01   9.98919440000E-01   9.98919479000E-01   9.98919493000E-01
   9.98919497000E-01   1.00000000000E+00   0.00000000000E+00   0.00000000000E+00
   0.00000000000E+00   0.00000000000E+00   0.00000000000E+00   0.00000000000E+00
   0.00000000000E+00   0.00000000000E+00   0.00000000000E+00   0.00000000000E+00
   0.00000000000E+00   0.00000000000E+00   0.00000000000E+00   0.00000000000E+00
   0.00000000000E+00   0.00000000000E+00   0.00000000000E+00   0.00000000000E+00
   0.00000000000E+00   0.00000000000E+00   0.00000000000E+00   0.00000000000E+00
   0.00000000000E+00   0.00000000000E+00   0.00000000000E+00   0.00000000000E+00
   0.00000000000E+00   0.00000000000E+00   0.00000000000E+00   0.00000000000E+00
   0.00000000000E+00   0.00000000000E+00   0.00000000000E+00   0.00000000000E+00
   0.00000000000E+00   0.00000000000E+00   0.00000000000E+00   0.00000000000E+00
   0.00000000000E+00   0.00000000000E+00   0.00000000000E+00   0.00000000000E+00
   0.00000000000E+00   0.00000000000E+00   0.00000000000E+00   0.00000000000E+00
   0.00000000000E+00   0.00000000000E+00   0.00000000000E+00   0.00000000000E+00
   0.00000000000E+00   0.00000000000E+00   0.00000000000E+00   0.00000000000E+00
   0.00000000000E+00   0.00000000000E+00   0.00000000000E+00   0.00000000000E+00
   0.00000000000E+00   0.00000000000E+00   0.00000000000E+00   0.00000000000E+00
   0.00000000000E+00   0.00000000000E+00   0.00000000000E+00   0.00000000000E+00
   0.00000000000E+00   0.00000000000E+00   0.00000000000E+00   0.00000000000E+00
   0.00000000000E+00   0.00000000000E+00   0.00000000000E+00   0.00000000000E+00
   0.00000000000E+00   0.00000000000E+00   0.00000000000E+00   0.00000000000E+00
   0.00000000000E+00   0.00000000000E+00   0.00000000000E+00   0.00000000000E+00
   0.00000000000E+00   0.00000000000E+00   0.00000000000E+00   0.00000000000E+00
   0.00000000000E+00   0.00000000000E+00   0.00000000000E+00   0.00000000000E+00
   0.00000000000E+00   0.00000000000E+00   0.00000000000E+00   0.00000000000E+00
   0.00000000000E+00   0.00000000000E+00   0.00000000000E+00   0.00000000000E+00
   0.00000000000E+00   0.00000000000E+00   0.00000000000E+00   0.00000000000E+00
   0.00000000000E+00   0.00000000000E+00   0.00000000000E+00   0.00000000000E+00
   0.00000000000E+00   0.00000000000E+00   0.00000000000E+00   0.00000000000E+00
   0.00000000000E+00   0.00000000000E+00   0.00000000000E+00   0.00000000000E+00
   0.00000000000E+00   0.00000000000E+00   0.00000000000E+00   0.00000000000E+00
   0.00000000000E+00   0.00000000000E+00   0.00000000000E+00   0.00000000000E+00
   0.00000000000E+00   0.00000000000E+00   0.00000000000E+00   0.00000000000E+00
   0.00000000000E+00   0.00000000000E+00   0.00000000000E+00   0.00000000000E+00
   0.00000000000E+00   0.00000000000E+00   0.00000000000E+00   0.00000000000E+00
   0.00000000000E+00   0.00000000000E+00   0.00000000000E+00   0.00000000000E+00
   0.00000000000E+00   0.00000000000E+00   0.00000000000E+00   0.00000000000E+00
   0.00000000000E+00   0.00000000000E+00   0.00000000000E+00                   0
