 52130.00u  128.790300  0.0000E+00   05/27/20
Ace Te130 IAEA-PD                                                        mat5255
      0         0.      0         0.      0         0.      0         0.
      0         0.      0         0.      0         0.      0         0.
      0         0.      0         0.      0         0.      0         0.
      0         0.      0         0.      0         0.      0         0.
   311138    52130       89        1        7        2       12        0
        0        0        0        0        0        0        0        1
        1       90       90        0      179      268      269      270
      271      362      446        0        0        0        0        0
        0        0        0        0        0        0        0        0
        0        0        0        0        0        0        0        0
   9.99999000000E-01   1.00000000000E+00   1.50000000000E+00   2.00000000000E+00
   2.50000000000E+00   3.00000000000E+00   3.50000000000E+00   4.00000000000E+00
   4.50000000000E+00   5.00000000000E+00   5.50000000000E+00   6.00000000000E+00
   6.50000000000E+00   7.00000000000E+00   7.50000000000E+00   8.00000000000E+00
   8.50000000000E+00   9.00000000000E+00   9.50000000000E+00   1.00000000000E+01
   1.05000000000E+01   1.10000000000E+01   1.15000000000E+01   1.20000000000E+01
   1.25000000000E+01   1.30000000000E+01   1.35000000000E+01   1.40000000000E+01
   1.45000000000E+01   1.50000000000E+01   1.55000000000E+01   1.60000000000E+01
   1.65000000000E+01   1.70000000000E+01   1.75000000000E+01   1.80000000000E+01
   1.85000000000E+01   1.90000000000E+01   1.95000000000E+01   2.00000000000E+01
   2.10000000000E+01   2.20000000000E+01   2.30000000000E+01   2.40000000000E+01
   2.50000000000E+01   2.60000000000E+01   2.70000000000E+01   2.80000000000E+01
   2.90000000000E+01   3.00000000000E+01   3.20000000000E+01   3.40000000000E+01
   3.60000000000E+01   3.80000000000E+01   4.00000000000E+01   4.20000000000E+01
   4.40000000000E+01   4.60000000000E+01   4.80000000000E+01   5.00000000000E+01
   5.20000000000E+01   5.40000000000E+01   5.60000000000E+01   5.80000000000E+01
   6.00000000000E+01   6.20000000000E+01   6.40000000000E+01   6.60000000000E+01
   6.80000000000E+01   7.00000000000E+01   7.20000000000E+01   7.40000000000E+01
   7.60000000000E+01   7.80000000000E+01   8.00000000000E+01   8.50000000000E+01
   9.00000000000E+01   9.50000000000E+01   1.00000000000E+02   1.10000000000E+02
   1.20000000000E+02   1.30000000000E+02   1.40000000000E+02   1.50000000000E+02
   1.60000000000E+02   1.70000000000E+02   1.80000000000E+02   1.90000000000E+02
   2.00000000000E+02   0.00000000000E+00   1.93199600000E-05   5.56406800000E-05
   1.21979000000E-04   2.29545700000E-04   3.92045600000E-04   6.26707200000E-04
   9.55720600000E-04   1.40825900000E-03   2.02324400000E-03   2.85270400000E-03
   3.96438000000E-03   5.43921900000E-03   7.35630400000E-03   9.77257300000E-03
   1.27613800000E-02   1.65644200000E-02   2.17161300000E-02   2.90346100000E-02
   3.95666200000E-02   5.41950300000E-02   7.22170900000E-02   9.09706100000E-02
   1.11004200000E-01   1.37485100000E-01   1.74311500000E-01   2.20700300000E-01
   2.68685400000E-01   3.03477500000E-01   3.13331200000E-01   3.00244200000E-01
   2.74908200000E-01   2.44934900000E-01   2.13095800000E-01   1.81852700000E-01
   1.53949600000E-01   1.30693100000E-01   1.11944700000E-01   9.69602100000E-02
   8.49328300000E-02   6.69795200000E-02   5.45867300000E-02   4.56447100000E-02
   3.89486700000E-02   3.37812300000E-02   2.96959200000E-02   2.64034000000E-02
   2.37091900000E-02   2.14783100000E-02   1.96142000000E-02   1.67198000000E-02
   1.46377700000E-02   1.31288000000E-02   1.20341600000E-02   1.12429100000E-02
   1.06749300000E-02   1.02712100000E-02   9.98786300000E-03   9.79208900000E-03
   9.65932200000E-03   9.57115500000E-03   9.51379600000E-03   9.47693000000E-03
   9.45285500000E-03   9.43584000000E-03   9.42164700000E-03   9.40716700000E-03
   9.39014900000E-03   9.36899300000E-03   9.34259600000E-03   9.31023600000E-03
   9.27148100000E-03   9.22612200000E-03   9.17411700000E-03   9.11555800000E-03
   8.94189300000E-03   8.73327000000E-03   8.49581800000E-03   8.23630500000E-03
   7.67882000000E-03   7.11492600000E-03   6.59503000000E-03   6.16520700000E-03
   5.63067300000E-03   5.16892500000E-03   4.76682400000E-03   4.41413300000E-03
   4.10276800000E-03   3.82626600000E-03   0.00000000000E+00   1.00000000000E+00
   9.78273800000E-01   9.56548300000E-01   9.34822900000E-01   9.13097400000E-01
   8.91372000000E-01   5.41077400000E-01   5.47397100000E-01   5.56529800000E-01
   5.63050800000E-01   5.57732100000E-01   5.69905600000E-01   5.57557900000E-01
   5.19865000000E-01   4.61577200000E-01   8.26914400000E+00   7.68074800000E+00
   7.85031600000E+00   8.46446800000E+00   8.53854800000E+00   8.55874000000E+00
   8.52680400000E+00   8.45181300000E+00   8.50134700000E+00   8.49395900000E+00
   8.48702400000E+00   8.45265500000E+00   8.73396200000E+00   9.28989800000E+00
   1.00968700000E+01   1.07852700000E+01   1.13806400000E+01   1.17952900000E+01
   1.20860300000E+01   1.23855300000E+01   1.24671100000E+01   1.25834500000E+01
   1.27219600000E+01   1.28827000000E+01   1.31027800000E+01   1.33526400000E+01
   1.34715700000E+01   1.35982300000E+01   1.41862600000E+01   1.48499100000E+01
   1.56282600000E+01   1.64221300000E+01   1.71531600000E+01   1.78526000000E+01
   1.90547800000E+01   2.02404400000E+01   2.12993000000E+01   2.24713300000E+01
   2.36058900000E+01   2.46750400000E+01   2.58366400000E+01   2.70020800000E+01
   2.81523100000E+01   2.93235400000E+01   3.04158500000E+01   3.15775800000E+01
   3.26693800000E+01   3.37831000000E+01   3.47921900000E+01   3.59791200000E+01
   3.70927100000E+01   3.81929400000E+01   3.92408800000E+01   4.03439500000E+01
   4.13846000000E+01   4.24870500000E+01   4.34299300000E+01   4.44496300000E+01
   4.54594700000E+01   4.79992900000E+01   5.05051600000E+01   5.29766000000E+01
   5.53959200000E+01   6.04362600000E+01   6.52965300000E+01   7.02903900000E+01
   7.51333500000E+01   8.00939800000E+01   8.49656300000E+01   8.99591700000E+01
   9.49733400000E+01   1.00988800000E+02   1.05082100000E+02                   5
   0.00000000000E+00                   1                   1                  89
   0.00000000000E+00   1.93199600000E-05   5.56406800000E-05   1.21979000000E-04
   2.29545700000E-04   3.92045600000E-04   6.26707200000E-04   9.55720600000E-04
   1.40825900000E-03   2.02324400000E-03   2.85270400000E-03   3.96438000000E-03
   5.43921900000E-03   7.35630400000E-03   9.77257300000E-03   1.27613800000E-02
   1.65644200000E-02   2.17161300000E-02   2.90346100000E-02   3.95666200000E-02
   5.41950300000E-02   7.22170900000E-02   9.09706100000E-02   1.11004200000E-01
   1.37485100000E-01   1.74311500000E-01   2.20700300000E-01   2.68685400000E-01
   3.03477500000E-01   3.13331200000E-01   3.00244200000E-01   2.74908200000E-01
   2.44934900000E-01   2.13095800000E-01   1.81852700000E-01   1.53949600000E-01
   1.30693100000E-01   1.11944700000E-01   9.69602100000E-02   8.49328300000E-02
   6.69795200000E-02   5.45867300000E-02   4.56447100000E-02   3.89486700000E-02
   3.37812300000E-02   2.96959200000E-02   2.64034000000E-02   2.37091900000E-02
   2.14783100000E-02   1.96142000000E-02   1.67198000000E-02   1.46377700000E-02
   1.31288000000E-02   1.20341600000E-02   1.12429100000E-02   1.06749300000E-02
   1.02712100000E-02   9.98786300000E-03   9.79208900000E-03   9.65932200000E-03
   9.57115500000E-03   9.51379600000E-03   9.47693000000E-03   9.45285500000E-03
   9.43584000000E-03   9.42164700000E-03   9.40716700000E-03   9.39014900000E-03
   9.36899300000E-03   9.34259600000E-03   9.31023600000E-03   9.27148100000E-03
   9.22612200000E-03   9.17411700000E-03   9.11555800000E-03   8.94189300000E-03
   8.73327000000E-03   8.49581800000E-03   8.23630500000E-03   7.67882000000E-03
   7.11492600000E-03   6.59503000000E-03   6.16520700000E-03   5.63067300000E-03
   5.16892500000E-03   4.76682400000E-03   4.41413300000E-03   4.10276800000E-03
   3.82626600000E-03                   1                   1                 446
                 522                 598                 599                 600
                 601                 753                 754                 754
                 755                   2                   1               52810
               52901               52992               52993               52994
               52995               53167               53168               53168
               53169                   9                   1               66830
               66902               66974               66975               66976
               66977               67123               67124               67124
               67125                  31                   1              119580
              119641              119702              119703              119704
              119705              119827              119828              119828
              119829                  32                   1              163443
              163504              163565              163566              163567
              163568              163692              163693              163693
              163694                  33                   1              207216
              207269              207322              207323              207324
              207325              207435              207436              207436
              207437                  34                   1              247927
              248010              248093              248094              248095
              248096              248266              248267              248267
              248268                  16                  74   0.00000000000E+00
   2.28819400000E-03   2.16229500000E-02   2.89442600000E-02   3.94535100000E-02
   5.40451300000E-02   7.20326700000E-02   9.07662400000E-02   1.10792200000E-01
   1.37267600000E-01   1.74091700000E-01   2.20475600000E-01   2.68462800000E-01
   3.03267000000E-01   3.40247000000E-01   3.73158500000E-01   3.80389400000E-01
   3.64849400000E-01   3.32910200000E-01   2.92769800000E-01   2.53292700000E-01
   2.18752400000E-01   1.89856800000E-01   1.66467800000E-01   1.47244200000E-01
   1.17969800000E-01   9.72138300000E-02   8.18536500000E-02   7.01916600000E-02
   6.19711300000E-02   5.62916200000E-02   5.19061300000E-02   4.81427400000E-02
   4.48350500000E-02   4.19046200000E-02   3.67134000000E-02   3.30360600000E-02
   3.05474600000E-02   2.89335500000E-02   2.78270700000E-02   2.71196400000E-02
   2.66909100000E-02   2.65741300000E-02   2.66740300000E-02   2.69468600000E-02
   2.73162400000E-02   2.77628300000E-02   2.82772200000E-02   2.87738400000E-02
   2.93525400000E-02   2.98887900000E-02   3.04280900000E-02   3.09674300000E-02
   3.15285600000E-02   3.19549300000E-02   3.24330300000E-02   3.27873700000E-02
   3.32781800000E-02   3.36275900000E-02   3.39415000000E-02   3.46558800000E-02
   3.51067800000E-02   3.53919300000E-02   3.54833300000E-02   3.52989700000E-02
   3.46567400000E-02   3.39661500000E-02   3.34281800000E-02   3.20093600000E-02
   3.07141500000E-02   2.95571600000E-02   2.84354700000E-02   2.74635400000E-02
   2.70921700000E-02                  16                  74   0.00000000000E+00
   6.82214400000E-03   3.54445000000E-01   6.60497000000E-01   9.66374600000E-01
   1.09755800000E+00   1.22891300000E+00   1.36045300000E+00   1.49211800000E+00
   1.52511000000E+00   1.55811200000E+00   1.59101100000E+00   1.62383900000E+00
   1.59847100000E+00   1.70918400000E+00   1.92439500000E+00   2.10704900000E+00
   2.36797900000E+00   2.58808000000E+00   2.77480800000E+00   2.94588800000E+00
   3.16423800000E+00   3.37576400000E+00   3.58896900000E+00   3.79738500000E+00
   4.22351200000E+00   4.64025600000E+00   5.03841000000E+00   5.43109000000E+00
   5.78099400000E+00   6.23448900000E+00   6.67624000000E+00   7.11335000000E+00
   7.56552100000E+00   8.00181700000E+00   8.93075000000E+00   9.73796500000E+00
   1.06153300000E+01   1.14593000000E+01   1.23013900000E+01   1.31426700000E+01
   1.39712500000E+01   1.48038900000E+01   1.56676800000E+01   1.65181900000E+01
   1.73943800000E+01   1.82552000000E+01   1.91461900000E+01   2.00164200000E+01
   2.09508000000E+01   2.18313900000E+01   2.27343500000E+01   2.36633700000E+01
   2.46405600000E+01   2.55464400000E+01   2.64868000000E+01   2.73632200000E+01
   2.83939700000E+01   2.93472000000E+01   3.03117000000E+01   3.27197600000E+01
   3.51497300000E+01   3.75970700000E+01   4.00933300000E+01   4.49987000000E+01
   5.00317300000E+01   5.49295200000E+01   5.99647800000E+01   6.47883400000E+01
   6.97246900000E+01   7.45855900000E+01   7.93868600000E+01   8.32426400000E+01
   8.88448500000E+01                   5                  -1                   1
                   6                   5                   0                  74
   1.00000000000E+00   8.41945900000E+00   9.00000000000E+00   9.50000000000E+00
   1.00000000000E+01   1.05000000000E+01   1.10000000000E+01   1.15000000000E+01
   1.20000000000E+01   1.25000000000E+01   1.30000000000E+01   1.35000000000E+01
   1.40000000000E+01   1.45000000000E+01   1.50000000000E+01   1.55000000000E+01
   1.60000000000E+01   1.65000000000E+01   1.70000000000E+01   1.75000000000E+01
   1.80000000000E+01   1.85000000000E+01   1.90000000000E+01   1.95000000000E+01
   2.00000000000E+01   2.10000000000E+01   2.20000000000E+01   2.30000000000E+01
   2.40000000000E+01   2.50000000000E+01   2.60000000000E+01   2.70000000000E+01
   2.80000000000E+01   2.90000000000E+01   3.00000000000E+01   3.20000000000E+01
   3.40000000000E+01   3.60000000000E+01   3.80000000000E+01   4.00000000000E+01
   4.20000000000E+01   4.40000000000E+01   4.60000000000E+01   4.80000000000E+01
   5.00000000000E+01   5.20000000000E+01   5.40000000000E+01   5.60000000000E+01
   5.80000000000E+01   6.00000000000E+01   6.20000000000E+01   6.40000000000E+01
   6.60000000000E+01   6.80000000000E+01   7.00000000000E+01   7.20000000000E+01
   7.40000000000E+01   7.60000000000E+01   7.80000000000E+01   8.00000000000E+01
   8.50000000000E+01   9.00000000000E+01   9.50000000000E+01   1.00000000000E+02
   1.10000000000E+02   1.20000000000E+02   1.30000000000E+02   1.40000000000E+02
   1.50000000000E+02   1.60000000000E+02   1.70000000000E+02   1.80000000000E+02
   1.90000000000E+02   2.00000000000E+02   0.00000000000E+00   0.00000000000E+00
   9.95709200000E-01   9.96888200000E-01   9.97141300000E-01   9.97234100000E-01
   9.97446300000E-01   9.97753500000E-01   9.98090200000E-01   9.98418000000E-01
   9.98739000000E-01   9.98981900000E-01   9.99171500000E-01   9.99306400000E-01
   1.08590200000E+00   1.24285000000E+00   1.38369600000E+00   1.48957700000E+00
   1.56225600000E+00   1.60992800000E+00   1.64529600000E+00   1.67378700000E+00
   1.69598700000E+00   1.71686700000E+00   1.73365500000E+00   1.76128200000E+00
   1.78090600000E+00   1.79327800000E+00   1.80215800000E+00   1.83448400000E+00
   1.89560100000E+00   1.96588800000E+00   2.03055200000E+00   2.08745700000E+00
   2.13644300000E+00   2.19580400000E+00   2.25690500000E+00   2.32675200000E+00
   2.40428500000E+00   2.47507700000E+00   2.54049800000E+00   2.59861400000E+00
   2.66064200000E+00   2.72403900000E+00   2.78972600000E+00   2.85401700000E+00
   2.91816500000E+00   2.98379500000E+00   3.04393100000E+00   3.11075000000E+00
   3.17235300000E+00   3.23456500000E+00   3.29786400000E+00   3.36520300000E+00
   3.42034800000E+00   3.48358800000E+00   3.53636800000E+00   3.60695200000E+00
   3.66548500000E+00   3.72346900000E+00   3.87567600000E+00   4.01988900000E+00
   4.16580600000E+00   4.30816100000E+00   4.59692600000E+00   4.87099100000E+00
   5.15026500000E+00   5.42206900000E+00   5.68482000000E+00   5.94207700000E+00
   6.20059800000E+00   6.44191500000E+00   6.69390500000E+00   7.08057700000E+00
                   0                   1                   0                   4
                  10                   0                   2   1.00000000000E+00
   2.00000000000E+02   1.00000000000E+00   1.00000000000E+00                   0
                  31   1.00000000000E+00   8.41945900000E+00   1.00000000000E+01
   1.20000000000E+01   1.40000000000E+01   1.60000000000E+01   1.80000000000E+01
   2.00000000000E+01   2.20000000000E+01   2.40000000000E+01   2.60000000000E+01
   2.80000000000E+01   3.00000000000E+01   3.20000000000E+01   3.60000000000E+01
   4.00000000000E+01   4.40000000000E+01   4.80000000000E+01   5.00000000000E+01
   5.20000000000E+01   5.60000000000E+01   6.00000000000E+01   7.00000000000E+01
   8.00000000000E+01   9.00000000000E+01   1.00000000000E+02   1.20000000000E+02
   1.40000000000E+02   1.60000000000E+02   1.80000000000E+02   2.00000000000E+02
                  74                  85                  96                 152
                 268                 908                1713                2617
                3598                4645                5736                7077
                8470                9902               11373               12896
               14458               16305               18197               20104
               22026               23963               25930               28210
               30524               33148               35791               38754
               42045               45359               48696                   2
                   3   0.00000000000E+00   5.00000000000E-07   1.00000000000E-06
   0.00000000000E+00   2.00000000000E+06   0.00000000000E+00   0.00000000000E+00
   5.00000000000E-01   1.00000000000E+00                   2                   3
   0.00000000000E+00   5.00000000000E-07   1.00000000000E-06   0.00000000000E+00
   2.00000000000E+06   0.00000000000E+00   0.00000000000E+00   5.00000000000E-01
   1.00000000000E+00                   2                  18   0.00000000000E+00
   2.50000000000E-02   1.00000000000E-01   2.00000000000E-01   3.00000000000E-01
   4.00000000000E-01   5.00000000000E-01   6.00000000000E-01   7.00000000000E-01
   8.00000000000E-01   9.00000000000E-01   1.00000000000E+00   1.10000000000E+00
   1.20000000000E+00   1.30000000000E+00   1.40000000000E+00   1.50000000000E+00
   1.60000000000E+00   0.00000000000E+00   4.43584900000E-02   1.77239100000E-01
   2.71761800000E-01   3.31220500000E-01   1.84671500000E-01   7.32295700000E-01
   4.65707300000E-01   7.30477700000E-01   1.40339500000E+00   6.43181000000E-01
   6.89647500000E-01   7.32381300000E-02   1.34024000000E+00   8.45270200000E-01
   1.32426600000E+00   1.78897400000E-02   1.53895000000E+00   0.00000000000E+00
   5.54481090000E-04   8.86439019000E-03   3.13144338000E-02   6.14635469000E-02
   8.72581453000E-02   1.33106502000E-01   1.93006649000E-01   2.52815895000E-01
   3.59509523000E-01   4.61838317000E-01   5.28479738000E-01   5.66624017000E-01
   6.37297919000E-01   7.46573427000E-01   8.55050235000E-01   9.22158018000E-01
   1.00000000000E+00                   2                  38   0.00000000000E+00
   2.50000000000E-02   1.00000000000E-01   2.00000000000E-01   3.00000000000E-01
   4.00000000000E-01   5.00000000000E-01   6.00000000000E-01   7.00000000000E-01
   8.00000000000E-01   9.00000000000E-01   1.00000000000E+00   1.10000000000E+00
   1.20000000000E+00   1.30000000000E+00   1.40000000000E+00   1.50000000000E+00
   1.60000000000E+00   1.70000000000E+00   1.80000000000E+00   1.90000000000E+00
   2.00000000000E+00   2.10000000000E+00   2.20000000000E+00   2.30000000000E+00
   2.40000000000E+00   2.50000000000E+00   2.60000000000E+00   2.70000000000E+00
   2.80000000000E+00   2.90000000000E+00   3.00000000000E+00   3.10000000000E+00
   3.20000000000E+00   3.30000000000E+00   3.40000000000E+00   3.50000000000E+00
   3.60000000000E+00   0.00000000000E+00   4.69827000000E-02   1.87052800000E-01
   2.86781300000E-01   3.49479200000E-01   3.89722300000E-01   4.15931300000E-01
   4.32758200000E-01   4.42590900000E-01   4.46664000000E-01   4.45632200000E-01
   4.39969400000E-01   4.30144500000E-01   4.16689500000E-01   4.00220700000E-01
   3.81400500000E-01   3.60898300000E-01   3.39349600000E-01   3.17324900000E-01
   2.95310900000E-01   2.73701800000E-01   2.52801000000E-01   2.32827500000E-01
   2.13926000000E-01   1.96179600000E-01   8.98200400000E-02   1.28147200000E-01
   1.15601600000E-01   3.12953700000E-01   4.48561000000E-01   1.26950600000E-01
   1.29888700000E-01   1.09106300000E-01   1.70759100000E-01   1.39385400000E-01
   1.38859100000E-01   5.31653100000E-02   1.78671400000E-01   0.00000000000E+00
   5.87283756000E-04   9.36361509000E-03   3.30553203000E-02   6.48683456000E-02
   1.01828421000E-01   1.42111101000E-01   1.84545577000E-01   2.28313032000E-01
   2.72775778000E-01   3.17390588000E-01   3.61670669000E-01   4.05176364000E-01
   4.47518064000E-01   4.88363575000E-01   5.27444635000E-01   5.64559576000E-01
   5.99571971000E-01   6.32405696000E-01   6.63037487000E-01   6.91488122000E-01
   7.17813262000E-01   7.42094687000E-01   7.64432363000E-01   7.84937643000E-01
   7.99237625000E-01   8.10135987000E-01   8.22323427000E-01   8.43751192000E-01
   8.81826928000E-01   9.10602508000E-01   9.23444473000E-01   9.35394223000E-01
   9.49387494000E-01   9.64894719000E-01   9.78806944000E-01   9.88408164000E-01
   1.00000000000E+00                   2                  58   0.00000000000E+00
   2.50000000000E-02   1.00000000000E-01   2.00000000000E-01   3.00000000000E-01
   4.00000000000E-01   5.00000000000E-01   6.00000000000E-01   7.00000000000E-01
   8.00000000000E-01   9.00000000000E-01   1.00000000000E+00   1.10000000000E+00
   1.20000000000E+00   1.30000000000E+00   1.40000000000E+00   1.50000000000E+00
   1.60000000000E+00   1.70000000000E+00   1.80000000000E+00   1.90000000000E+00
   2.00000000000E+00   2.10000000000E+00   2.20000000000E+00   2.30000000000E+00
   2.40000000000E+00   2.50000000000E+00   2.60000000000E+00   2.70000000000E+00
   2.80000000000E+00   2.90000000000E+00   3.00000000000E+00   3.10000000000E+00
   3.20000000000E+00   3.30000000000E+00   3.40000000000E+00   3.50000000000E+00
   3.60000000000E+00   3.70000000000E+00   3.80000000000E+00   3.90000000000E+00
   4.00000000000E+00   4.10000000000E+00   4.20000000000E+00   4.30000000000E+00
   4.40000000000E+00   4.50000000000E+00   4.60000000000E+00   4.70000000000E+00
   4.80000000000E+00   4.90000000000E+00   5.00000000000E+00   5.10000000000E+00
   5.20000000000E+00   5.30000000000E+00   5.40000000000E+00   5.50000000000E+00
   5.60000000000E+00   0.00000000000E+00   4.29891000000E-02   1.71395200000E-01
   2.63886700000E-01   3.22875700000E-01   3.61541900000E-01   3.87570700000E-01
   4.05177000000E-01   4.16504800000E-01   4.22625700000E-01   4.24081600000E-01
   4.21247200000E-01   4.14499800000E-01   4.04283500000E-01   3.91130800000E-01
   3.75627500000E-01   3.58375800000E-01   3.39956700000E-01   3.20898200000E-01
   3.01656600000E-01   2.82606800000E-01   2.64041100000E-01   2.46174600000E-01
   2.29152800000E-01   2.13061900000E-01   1.97939700000E-01   1.83785000000E-01
   1.70567800000E-01   1.58237100000E-01   1.46728900000E-01   1.35971900000E-01
   1.25892800000E-01   1.16420000000E-01   1.07486900000E-01   9.90329300000E-02
   9.10048200000E-02   8.33562300000E-02   7.60473000000E-02   6.90435400000E-02
   6.23149000000E-02   5.58344700000E-02   4.95777200000E-02   4.35217100000E-02
   3.76443100000E-02   3.19242200000E-02   1.55439100000E-02   1.10254900000E-02
   1.11725500000E-02   3.85530600000E-02   5.05424600000E-02   1.16458100000E-02
   1.17673900000E-02   1.88567400000E-02   1.34253500000E-02   1.21591600000E-02
   9.95512900000E-03   7.70928600000E-03   1.37372600000E-02   0.00000000000E+00
   5.37363752000E-04   8.57677503000E-03   3.03408701000E-02   5.96789902000E-02
   9.38998703000E-02   1.31355500000E-01   1.70992886000E-01   2.12076976000E-01
   2.54033501000E-01   2.96368866000E-01   3.38635306000E-01   3.80422656000E-01
   4.21361821000E-01   4.61132537000E-01   4.99470452000E-01   5.36170617000E-01
   5.71087242000E-01   6.04129987000E-01   6.35257727000E-01   6.64470897000E-01
   6.91803292000E-01   7.17314078000E-01   7.41080448000E-01   7.63191183000E-01
   7.83741263000E-01   8.02827498000E-01   8.20545138000E-01   8.36985383000E-01
   8.52233683000E-01   8.66368723000E-01   8.79461958000E-01   8.91577598000E-01
   9.02772943000E-01   9.13098935000E-01   9.22600822000E-01   9.31318875000E-01
   9.39289051000E-01   9.46543593000E-01   9.53111515000E-01   9.59018984000E-01
   9.64289593000E-01   9.68944565000E-01   9.73002866000E-01   9.76481292000E-01
   9.78854699000E-01   9.80183169000E-01   9.81293071000E-01   9.83779351000E-01
   9.88234127000E-01   9.91343541000E-01   9.92514201000E-01   9.94045407000E-01
   9.95659512000E-01   9.96938737000E-01   9.98044452000E-01   9.98927673000E-01
   1.00000000000E+00                   0                   0                   0
                   0                   0                   0                   0
                   0                   0                   0                   0
                   0                   0                   0                   0
                   0                   0                   0                   0
                   0                   0                   0                   0
                   0                   0                   0                   0
                   0                   0                   0                   0
                   0                   0                   0                   0
                   0                   0                   0                   0
                   0                   0                   0                   0
                   0                   0                   0                   0
                   0                   0                   0                   0
                   0                   0                   0                   0
                   0                   0                   0                   0
                   0                   0                   0                   0
                   0                   0                   0                   0
                   0                   0                   0                   0
                   0                   0                   0                   0
                   0                   0                   0                   0
                   0                   0                   0                   0
                   0                   0                   0                   0
                   0                   0                   0                   0
                   0                   0                   0                   0
                   0                   0                   0                   0
                   0                   0                   0                   0
                   0                   0                   0                   0
                   0                   0                   0                   0
                   0                   0                   0                   0
                   0                   0                   0                   0
                   0                   0                   0                   0
                   0                   0                   0                   0
                   0                   0                   0
