 90232.00u  230.044700  0.0000E+00   06/19/20
Ace Th232 IAEA-PD                                                        mat9040
      0         0.      0         0.      0         0.      0         0.
      0         0.      0         0.      0         0.      0         0.
      0         0.      0         0.      0         0.      0         0.
      0         0.      0         0.      0         0.      0         0.
   428611    90232       91        2        7        2       12        0
        0        0        0        0        0        0        0        1
        1       92       92        0      183      274      276      278
      280      461      545        0        0        0        0        0
        0        0        0        0        0        0        0        0
        0        0        0        0        0        0        0        0
   9.99999000000E-01   1.00000000000E+00   1.50000000000E+00   2.00000000000E+00
   2.50000000000E+00   3.00000000000E+00   3.50000000000E+00   4.00000000000E+00
   4.50000000000E+00   5.00000000000E+00   5.25000000000E+00   5.50000000000E+00
   5.75000000000E+00   6.00000000000E+00   6.50000000000E+00   7.00000000000E+00
   7.50000000000E+00   8.00000000000E+00   8.50000000000E+00   9.00000000000E+00
   9.50000000000E+00   1.00000000000E+01   1.05000000000E+01   1.10000000000E+01
   1.15000000000E+01   1.20000000000E+01   1.25000000000E+01   1.30000000000E+01
   1.35000000000E+01   1.40000000000E+01   1.45000000000E+01   1.50000000000E+01
   1.55000000000E+01   1.60000000000E+01   1.65000000000E+01   1.70000000000E+01
   1.75000000000E+01   1.80000000000E+01   1.85000000000E+01   1.90000000000E+01
   1.95000000000E+01   2.00000000000E+01   2.10000000000E+01   2.20000000000E+01
   2.30000000000E+01   2.40000000000E+01   2.50000000000E+01   2.60000000000E+01
   2.70000000000E+01   2.80000000000E+01   2.90000000000E+01   3.00000000000E+01
   3.20000000000E+01   3.40000000000E+01   3.60000000000E+01   3.80000000000E+01
   4.00000000000E+01   4.20000000000E+01   4.40000000000E+01   4.60000000000E+01
   4.80000000000E+01   5.00000000000E+01   5.20000000000E+01   5.40000000000E+01
   5.60000000000E+01   5.80000000000E+01   6.00000000000E+01   6.20000000000E+01
   6.40000000000E+01   6.60000000000E+01   6.80000000000E+01   7.00000000000E+01
   7.20000000000E+01   7.40000000000E+01   7.60000000000E+01   7.80000000000E+01
   8.00000000000E+01   8.50000000000E+01   9.00000000000E+01   9.50000000000E+01
   1.00000000000E+02   1.10000000000E+02   1.20000000000E+02   1.30000000000E+02
   1.40000000000E+02   1.50000000000E+02   1.60000000000E+02   1.70000000000E+02
   1.80000000000E+02   1.90000000000E+02   2.00000000000E+02   0.00000000000E+00
   7.67680500000E-05   2.19659900000E-04   4.82329500000E-04   9.14587200000E-04
   1.58185500000E-03   2.57219600000E-03   4.00528400000E-03   6.04102301370E-03
   8.87899648970E-03   1.06661642400E-02   1.27318605000E-02   1.50971810000E-02
   1.77835360000E-02   2.42700800000E-02   3.28344140000E-02   4.48804050000E-02
   6.26874840000E-02   8.96645700000E-02   1.30859700000E-01   1.92834260000E-01
   2.79903750000E-01   3.81463010000E-01   4.59649560000E-01   4.82543990000E-01
   4.71888730000E-01   4.68589450000E-01   4.88023110000E-01   5.15159950000E-01
   5.18318480000E-01   4.80860570000E-01   4.16952080000E-01   3.49296250000E-01
   2.90324180000E-01   2.42869470000E-01   2.05680730000E-01   1.76591480000E-01
   1.53634090000E-01   1.35276740000E-01   1.20386500000E-01   1.08138200000E-01
   9.79296000000E-02   8.15865300000E-02   6.94376100000E-02   6.01045490000E-02
   5.27469070000E-02   4.68286300000E-02   4.19937500000E-02   3.79972000000E-02
   3.46645600000E-02   3.18678900000E-02   2.95107000000E-02   2.58319350000E-02
   2.31949300000E-02   2.13107700000E-02   1.99766940000E-02   1.90457880000E-02
   1.84097400000E-02   1.79879200000E-02   1.77201500000E-02   1.75614500000E-02
   1.74782500000E-02   1.74454900000E-02   1.74445600000E-02   1.74616600000E-02
   1.74866300000E-02   1.75120100000E-02   1.75324400000E-02   1.75440800000E-02
   1.75442900000E-02   1.75313100000E-02   1.75040700000E-02   1.74619800000E-02
   1.74048800000E-02   1.73328800000E-02   1.72463200000E-02   1.71456900000E-02
   1.68369700000E-02   1.64564200000E-02   1.60175400000E-02   1.55343500000E-02
   1.44903700000E-02   1.34304300000E-02   1.24515400000E-02   1.16416300000E-02
   1.06331900000E-02   9.76182300000E-03   9.00286000000E-03   8.33705600000E-03
   7.74919500000E-03   7.22711000000E-03   0.00000000000E+00   1.00000000000E+00
   7.69436700000E-01   2.63753300000E-01   3.37340100000E-01   3.75240500000E-01
   3.50227300000E-01   2.45464300000E-01   2.24309000000E-01   1.81399800000E-01
   3.54006400000E-01   1.80879300000E+00   2.22381700000E+01   5.10078600000E+01
   1.00019900000E+02   4.55219100000E+01   3.53665900000E+01   3.07668700000E+01
   2.94759700000E+01   2.73120300000E+01   2.43119600000E+01   2.13633900000E+01
   1.90216100000E+01   1.76964400000E+01   1.87631600000E+01   2.13436900000E+01
   2.27107700000E+01   2.53607000000E+01   2.93038000000E+01   3.36703100000E+01
   3.61796200000E+01   3.65150600000E+01   3.51925100000E+01   3.28937300000E+01
   3.06059400000E+01   2.85143600000E+01   2.76565200000E+01   2.93018400000E+01
   3.51750600000E+01   4.53882400000E+01   5.49215900000E+01   6.12539500000E+01
   6.02402400000E+01   5.16318400000E+01   4.49152600000E+01   4.54332300000E+01
   5.36783100000E+01   6.82043600000E+01   8.19092800000E+01   9.01593700000E+01
   9.41037300000E+01   9.52386500000E+01   9.69953600000E+01   1.12180200000E+02
   1.25573200000E+02   1.25165300000E+02   1.19246000000E+02   1.20077500000E+02
   1.27087800000E+02   1.35760300000E+02   1.43667500000E+02   1.49454200000E+02
   1.52791600000E+02   1.53357300000E+02   1.51058900000E+02   1.48755900000E+02
   1.48069200000E+02   1.48121200000E+02   1.48644400000E+02   1.48706100000E+02
   1.50749800000E+02   1.53119100000E+02   1.55369900000E+02   1.57119500000E+02
   1.60051100000E+02   1.60017700000E+02   1.63107200000E+02   1.67579600000E+02
   1.76141400000E+02   1.81372700000E+02   1.86084000000E+02   1.97904500000E+02
   2.08209600000E+02   2.14638500000E+02   2.21203000000E+02   2.27960300000E+02
   2.33683100000E+02   2.40128300000E+02   2.49525800000E+02   2.60459600000E+02
   2.73618400000E+02                   5                  18   0.00000000000E+00
   1.89514000000E+02                   1                  94                   1
                  91   0.00000000000E+00   7.67680500000E-05   2.19659900000E-04
   4.82329500000E-04   9.14587200000E-04   1.58185500000E-03   2.57219600000E-03
   4.00528400000E-03   6.04102300000E-03   8.87881000000E-03   1.06547700000E-02
   1.26204800000E-02   1.33665800000E-02   1.31010700000E-02   1.18848000000E-02
   2.58858700000E-02   3.78723200000E-02   5.45524200000E-02   7.87040300000E-02
   1.16419400000E-01   1.74696300000E-01   2.58036900000E-01   3.56619500000E-01
   4.33160200000E-01   4.52257200000E-01   4.37309600000E-01   4.34045300000E-01
   4.47395600000E-01   4.63232200000E-01   4.55624600000E-01   4.16906200000E-01
   3.61174300000E-01   3.05277200000E-01   2.57416000000E-01   2.18392700000E-01
   1.87289300000E-01   1.61655100000E-01   1.39388200000E-01   1.18807800000E-01
   9.95814300000E-02   8.43543500000E-02   7.34330600000E-02   6.21723100000E-02
   5.64100700000E-02   5.11054800000E-02   4.48771400000E-02   3.79885900000E-02
   3.10814100000E-02   2.56242200000E-02   2.20651000000E-02   1.97745100000E-02
   1.82540700000E-02   1.59315400000E-02   1.27289200000E-02   1.04507300000E-02
   1.00002500000E-02   1.02374500000E-02   9.96545500000E-03   9.26919400000E-03
   8.53424800000E-03   7.93689200000E-03   7.56363900000E-03   7.41925000000E-03
   7.51257400000E-03   7.84307400000E-03   8.17493000000E-03   8.37649100000E-03
   8.51531300000E-03   8.60467100000E-03   8.72699400000E-03   8.68705400000E-03
   8.61682100000E-03   8.54343900000E-03   8.50237600000E-03   8.36359700000E-03
   8.44374500000E-03   8.27900900000E-03   8.08913800000E-03   7.57464300000E-03
   7.27135200000E-03   6.98709800000E-03   6.24648400000E-03   5.61283800000E-03
   5.20730000000E-03   4.85298900000E-03   4.39189000000E-03   4.01959000000E-03
   3.67936800000E-03   3.30041500000E-03   2.93471200000E-03   2.57009000000E-03
                   6                  86   0.00000000000E+00   7.19029000000E-20
   9.92116000000E-16   1.36971000000E-11   1.86489700000E-07   1.13942400000E-05
   1.11380500000E-04   1.73060100000E-03   4.68246600000E-03   1.23852800000E-02
   6.94854400000E-03   7.00808500000E-03   8.13506400000E-03   1.09605400000E-02
   1.44403000000E-02   1.81379600000E-02   2.18668500000E-02   2.48435100000E-02
   2.64893600000E-02   3.02867900000E-02   3.45791300000E-02   3.45441500000E-02
   4.06275100000E-02   5.19277500000E-02   6.26938800000E-02   6.39543700000E-02
   5.57777800000E-02   4.40190500000E-02   3.29081800000E-02   2.44767700000E-02
   1.83914300000E-02   1.49363800000E-02   1.42458900000E-02   1.64689400000E-02
   2.08050700000E-02   2.37838500000E-02   2.44965400000E-02   1.94142200000E-02
   1.30275400000E-02   8.99906900000E-03   7.86976700000E-03   8.84004000000E-03
   1.09123400000E-02   1.23729800000E-02   1.25994600000E-02   1.20933800000E-02
   1.12566300000E-02   9.90039500000E-03   1.04660100000E-02   1.08600400000E-02
   9.97644400000E-03   8.80833800000E-03   8.44428500000E-03   8.71872600000E-03
   9.18590200000E-03   9.62455800000E-03   9.91461100000E-03   1.00262400000E-02
   9.93198600000E-03   9.61858600000E-03   9.31170000000E-03   9.13551900000E-03
   9.01712700000E-03   8.93940900000E-03   8.81729600000E-03   8.84425600000E-03
   8.88724900000E-03   8.91854100000E-03   8.90250400000E-03   8.96928300000E-03
   8.80257500000E-03   8.86668100000E-03   8.74783200000E-03   8.88177700000E-03
   8.74618800000E-03   8.54725200000E-03   8.24388600000E-03   7.81759200000E-03
   7.24424000000E-03   6.78864100000E-03   6.24130000000E-03   5.74223300000E-03
   5.32349200000E-03   5.03664100000E-03   4.81448300000E-03   4.65702000000E-03
                   1                   2                 545                 638
                 731                 733                 735                 737
                1075                1077                1077                1079
                   2                   1               78076               78169
               78262               78263               78264               78265
               78449               78450               78450               78451
                   9                   1               94564               94641
               94718               94719               94720               94721
               94883               94884               94884               94885
                  31                   1              159531              159599
              159667              159668              159669              159670
              159822              159823              159823              159824
                  32                   1              218962              219032
              219102              219103              219104              219105
              219265              219266              219266              219267
                  33                   1              281882              281944
              282006              282007              282008              282009
              282157              282158              282158              282159
                  34                   1              339865              339958
              340051              340052              340053              340054
              340238              340239              340239              340240
                   1                  91   0.00000000000E+00   0.00000000000E+00
   7.24675600000E-40   3.18248700000E-39   9.05188900000E-39   2.08746600000E-38
   7.19029000000E-20   9.92116000000E-16   1.36971000000E-11   1.86489700000E-07
   1.13942400000E-05   1.11380500000E-04   1.73060100000E-03   4.68246600000E-03
   1.46482700000E-02   3.03616800000E-02   4.25022900000E-02   5.99422300000E-02
   8.64887400000E-02   1.27438600000E-01   1.89484000000E-01   2.76888900000E-01
   3.79029200000E-01   4.57966300000E-01   4.81538000000E-01   5.33226600000E-01
   6.42701100000E-01   7.50888600000E-01   8.46978800000E-01   8.78652400000E-01
   8.27945000000E-01   7.26883000000E-01   6.16754800000E-01   5.19310100000E-01
   4.39345600000E-01   3.75790000000E-01   3.24397900000E-01   2.81666100000E-01
   2.44579200000E-01   2.12408300000E-01   1.89306500000E-01   1.75056300000E-01
   1.62713500000E-01   1.54088300000E-01   1.42182200000E-01   1.26954400000E-01
   1.10132700000E-01   9.41469600000E-02   8.22707300000E-02   7.46434800000E-02
   6.96348900000E-02   6.59499500000E-02   5.87469200000E-02   4.86775300000E-02
   4.18961900000E-02   4.14030600000E-02   4.30079700000E-02   4.22213200000E-02
   3.97220100000E-02   3.70136100000E-02   3.48279500000E-02   3.35592300000E-02
   3.33594100000E-02   3.44472000000E-02   3.68426600000E-02   3.93017500000E-02
   4.09891500000E-02   4.23664400000E-02   4.35320300000E-02   4.49507800000E-02
   4.52605600000E-02   4.54055900000E-02   4.56765700000E-02   4.62371300000E-02
   4.60413800000E-02   4.72480100000E-02   4.69475500000E-02   4.72954800000E-02
   4.56313400000E-02   4.55733100000E-02   4.54787000000E-02   4.37177500000E-02
   4.24800500000E-02   4.29120500000E-02   4.32831500000E-02   4.26432500000E-02
   4.22848500000E-02   4.12811100000E-02   3.92637900000E-02   3.68494400000E-02
   3.40115900000E-02                   1                  91   0.00000000000E+00
   0.00000000000E+00   2.79494700000E-38   1.11794600000E-37   2.51535300000E-37
   4.47171700000E-37   4.39094600000E-17   4.66902400000E-13   4.30812500000E-09
   4.02259800000E-05   2.05402300000E-03   1.68869600000E-02   2.22143900000E-01
   5.12250400000E-01   1.02643200000E+00   7.66940800000E-01   8.58113600000E-01
   9.99690900000E-01   1.00486900000E+00   1.00597400000E+00   1.00159000000E+00
   9.95475400000E-01   9.83401800000E-01   9.76065800000E-01   9.81908000000E-01
   1.11276400000E+00   1.37156800000E+00   1.58177400000E+00   1.74777900000E+00
   1.86544600000E+00   2.01448600000E+00   2.14998100000E+00   2.28248900000E+00
   2.41615500000E+00   2.51623100000E+00   2.61714700000E+00   2.71305100000E+00
   2.79738300000E+00   2.83702400000E+00   2.85389500000E+00   2.90904600000E+00
   3.03585900000E+00   3.44837200000E+00   3.89840100000E+00   4.33146100000E+00
   4.60143800000E+00   4.68690600000E+00   4.63854500000E+00   4.60784100000E+00
   4.70725000000E+00   4.91276900000E+00   5.16786700000E+00   5.60818300000E+00
   5.37583500000E+00   5.20154200000E+00   5.71939100000E+00   6.53824400000E+00
   6.89121600000E+00   6.81209800000E+00   6.57615700000E+00   6.35729500000E+00
   6.25022900000E+00   6.35502500000E+00   6.75875600000E+00   7.49646400000E+00
   8.26164600000E+00   8.85272300000E+00   9.38373000000E+00   9.87632700000E+00
   1.04604100000E+01   1.07557700000E+01   1.10168800000E+01   1.13252800000E+01
   1.17373000000E+01   1.19362300000E+01   1.25995200000E+01   1.27971800000E+01
   1.37386900000E+01   1.40449000000E+01   1.50276600000E+01   1.61127500000E+01
   1.78347000000E+01   2.00544400000E+01   2.34859700000E+01   2.70779600000E+01
   3.09724200000E+01   3.53884100000E+01   3.94996400000E+01   4.25085300000E+01
   4.48445200000E+01   4.61520900000E+01                   5                  18
                  -1                  -1                   1                 163
                   6                   5                   0                  79
   1.00000000000E+00   6.00000000000E+00   6.50000000000E+00   7.00000000000E+00
   7.50000000000E+00   8.00000000000E+00   8.50000000000E+00   9.00000000000E+00
   9.50000000000E+00   1.00000000000E+01   1.05000000000E+01   1.10000000000E+01
   1.15000000000E+01   1.20000000000E+01   1.25000000000E+01   1.30000000000E+01
   1.35000000000E+01   1.40000000000E+01   1.45000000000E+01   1.50000000000E+01
   1.55000000000E+01   1.60000000000E+01   1.65000000000E+01   1.70000000000E+01
   1.75000000000E+01   1.80000000000E+01   1.85000000000E+01   1.90000000000E+01
   1.95000000000E+01   2.00000000000E+01   2.10000000000E+01   2.20000000000E+01
   2.30000000000E+01   2.40000000000E+01   2.50000000000E+01   2.60000000000E+01
   2.70000000000E+01   2.80000000000E+01   2.90000000000E+01   3.00000000000E+01
   3.20000000000E+01   3.40000000000E+01   3.60000000000E+01   3.80000000000E+01
   4.00000000000E+01   4.20000000000E+01   4.40000000000E+01   4.60000000000E+01
   4.80000000000E+01   5.00000000000E+01   5.20000000000E+01   5.40000000000E+01
   5.60000000000E+01   5.80000000000E+01   6.00000000000E+01   6.20000000000E+01
   6.40000000000E+01   6.60000000000E+01   6.80000000000E+01   7.00000000000E+01
   7.20000000000E+01   7.40000000000E+01   7.60000000000E+01   7.80000000000E+01
   8.00000000000E+01   8.50000000000E+01   9.00000000000E+01   9.50000000000E+01
   1.00000000000E+02   1.10000000000E+02   1.20000000000E+02   1.30000000000E+02
   1.40000000000E+02   1.50000000000E+02   1.60000000000E+02   1.70000000000E+02
   1.80000000000E+02   1.90000000000E+02   2.00000000000E+02   0.00000000000E+00
   3.29908000000E-35   1.90410400000E-01   9.04475800000E-01   9.37206800000E-01
   9.49676800000E-01   9.59648400000E-01   9.70614100000E-01   9.80822200000E-01
   9.88315900000E-01   9.93175400000E-01   9.96114000000E-01   9.97775700000E-01
   1.14026200000E+00   1.40113700000E+00   1.58754600000E+00   1.71631200000E+00
   1.79085700000E+00   1.83252400000E+00   1.85812000000E+00   1.87611700000E+00
   1.88955600000E+00   1.89964600000E+00   1.90827000000E+00   1.91433200000E+00
   1.91852800000E+00   1.91999400000E+00   1.92408600000E+00   1.96222900000E+00
   2.05030000000E+00   2.30487300000E+00   2.50063200000E+00   2.60604300000E+00
   2.65356900000E+00   2.66639800000E+00   2.67795500000E+00   2.72780000000E+00
   2.81186200000E+00   2.90988300000E+00   2.99622600000E+00   3.06602600000E+00
   3.00194500000E+00   2.96975900000E+00   3.14258300000E+00   3.34064000000E+00
   3.38941200000E+00   3.34476600000E+00   3.26071000000E+00   3.17547300000E+00
   3.12609100000E+00   3.14495000000E+00   3.26322400000E+00   3.47109700000E+00
   3.66853900000E+00   3.80274100000E+00   3.91639300000E+00   4.02021400000E+00
   4.14042700000E+00   4.19202000000E+00   4.23802900000E+00   4.30248600000E+00
   4.39108200000E+00   4.43255400000E+00   4.55312500000E+00   4.59968900000E+00
   4.76536000000E+00   4.85165600000E+00   5.06468700000E+00   5.28566400000E+00
   5.67901200000E+00   6.17556700000E+00   6.84957800000E+00   7.52000700000E+00
   8.28844700000E+00   9.09113100000E+00   9.77277100000E+00   1.03705600000E+01
   1.09158800000E+01   1.14216100000E+01                   6                  18
                   0                  86   1.00000000000E+00   3.50000000000E+00
   4.00000000000E+00   4.50000000000E+00   5.00000000000E+00   5.25000000000E+00
   5.50000000000E+00   5.75000000000E+00   6.00000000000E+00   6.50000000000E+00
   7.00000000000E+00   7.50000000000E+00   8.00000000000E+00   8.50000000000E+00
   9.00000000000E+00   9.50000000000E+00   1.00000000000E+01   1.05000000000E+01
   1.10000000000E+01   1.15000000000E+01   1.20000000000E+01   1.25000000000E+01
   1.30000000000E+01   1.35000000000E+01   1.40000000000E+01   1.45000000000E+01
   1.50000000000E+01   1.55000000000E+01   1.60000000000E+01   1.65000000000E+01
   1.70000000000E+01   1.75000000000E+01   1.80000000000E+01   1.85000000000E+01
   1.90000000000E+01   1.95000000000E+01   2.00000000000E+01   2.10000000000E+01
   2.20000000000E+01   2.30000000000E+01   2.40000000000E+01   2.50000000000E+01
   2.60000000000E+01   2.70000000000E+01   2.80000000000E+01   2.90000000000E+01
   3.00000000000E+01   3.20000000000E+01   3.40000000000E+01   3.60000000000E+01
   3.80000000000E+01   4.00000000000E+01   4.20000000000E+01   4.40000000000E+01
   4.60000000000E+01   4.80000000000E+01   5.00000000000E+01   5.20000000000E+01
   5.40000000000E+01   5.60000000000E+01   5.80000000000E+01   6.00000000000E+01
   6.20000000000E+01   6.40000000000E+01   6.60000000000E+01   6.80000000000E+01
   7.00000000000E+01   7.20000000000E+01   7.40000000000E+01   7.60000000000E+01
   7.80000000000E+01   8.00000000000E+01   8.50000000000E+01   9.00000000000E+01
   9.50000000000E+01   1.00000000000E+02   1.10000000000E+02   1.20000000000E+02
   1.30000000000E+02   1.40000000000E+02   1.50000000000E+02   1.60000000000E+02
   1.70000000000E+02   1.80000000000E+02   1.90000000000E+02   2.00000000000E+02
   1.00000000000E+00   1.00000000000E+00   1.00000000000E+00   1.00000000000E+00
   1.00000000000E+00   1.00000000000E+00   1.00000000000E+00   1.00000000000E+00
   1.00000000000E+00   1.00000000000E+00   1.00000000000E+00   1.00000000000E+00
   1.00000000000E+00   1.00000000000E+00   1.00000000000E+00   1.00000000000E+00
   1.00000000000E+00   1.00000000000E+00   1.00000000000E+00   1.00000000000E+00
   1.00000000000E+00   1.00000000000E+00   1.00000000000E+00   1.00000000000E+00
   1.00000000000E+00   1.00000000000E+00   1.00000000000E+00   1.00000000000E+00
   1.00000000000E+00   1.00000000000E+00   1.00000000000E+00   1.00000000000E+00
   1.00000000000E+00   1.00000000000E+00   1.00000000000E+00   1.00000000000E+00
   1.00000000000E+00   1.00000000000E+00   1.00000000000E+00   1.00000000000E+00
   1.00000000000E+00   1.00000000000E+00   1.00000000000E+00   1.00000000000E+00
   1.00000000000E+00   1.00000000000E+00   1.00000000000E+00   1.00000000000E+00
   1.00000000000E+00   1.00000000000E+00   1.00000000000E+00   1.00000000000E+00
   1.00000000000E+00   1.00000000000E+00   1.00000000000E+00   1.00000000000E+00
   1.00000000000E+00   1.00000000000E+00   1.00000000000E+00   1.00000000000E+00
   1.00000000000E+00   1.00000000000E+00   1.00000000000E+00   1.00000000000E+00
   1.00000000000E+00   1.00000000000E+00   1.00000000000E+00   1.00000000000E+00
   1.00000000000E+00   1.00000000000E+00   1.00000000000E+00   1.00000000000E+00
   1.00000000000E+00   1.00000000000E+00   1.00000000000E+00   1.00000000000E+00
   1.00000000000E+00   1.00000000000E+00   1.00000000000E+00   1.00000000000E+00
   1.00000000000E+00   1.00000000000E+00   1.00000000000E+00   1.00000000000E+00
   1.00000000000E+00   1.00000000000E+00                   0                   0
                   1               67282                   0                   4
                  10                   0                   2   1.00000000000E+00
   2.00000000000E+02   1.00000000000E+00   1.00000000000E+00                   0
                  32   1.00000000000E+00   6.00000000000E+00   8.00000000000E+00
   1.00000000000E+01   1.20000000000E+01   1.40000000000E+01   1.60000000000E+01
   1.80000000000E+01   2.00000000000E+01   2.20000000000E+01   2.40000000000E+01
   2.60000000000E+01   2.80000000000E+01   3.00000000000E+01   3.20000000000E+01
   3.60000000000E+01   4.00000000000E+01   4.40000000000E+01   4.80000000000E+01
   5.00000000000E+01   5.20000000000E+01   5.60000000000E+01   6.00000000000E+01
   7.00000000000E+01   8.00000000000E+01   9.00000000000E+01   1.00000000000E+02
   1.20000000000E+02   1.40000000000E+02   1.60000000000E+02   1.80000000000E+02
   2.00000000000E+02                  76                  87                 206
                 621                1334                2425                3736
                5168                6622                8109                9607
               11390               13199               15242               17285
               19328               21358               23685               26027
               28369               30696               33023               35470
               37902               40641               43363               46386
               49466               52807               56443               60079
               63692                   2                   3   0.00000000000E+00
   5.00000000000E-07   1.00000000000E-06   0.00000000000E+00   2.00000000000E+06
   0.00000000000E+00   0.00000000000E+00   5.00000000000E-01   1.00000000000E+00
                   2                  39   0.00000000000E+00   2.50000000000E-02
   1.00000000000E-01   2.00000000000E-01   3.00000000000E-01   4.00000000000E-01
   5.00000000000E-01   6.00000000000E-01   7.00000000000E-01   8.00000000000E-01
   9.00000000000E-01   1.00000000000E+00   1.10000000000E+00   1.20000000000E+00
   1.30000000000E+00   1.40000000000E+00   1.50000000000E+00   1.60000000000E+00
   1.70000000000E+00   1.80000000000E+00   1.90000000000E+00   2.00000000000E+00
   2.10000000000E+00   2.20000000000E+00   2.30000000000E+00   2.40000000000E+00
   2.50000000000E+00   2.60000000000E+00   2.70000000000E+00   2.80000000000E+00
   2.90000000000E+00   3.00000000000E+00   3.10000000000E+00   3.20000000000E+00
   3.30000000000E+00   3.40000000000E+00   3.50000000000E+00   3.60000000000E+00
   3.70000000000E+00   0.00000000000E+00   5.77260100000E+00   7.46328800000E+00
   5.34548800000E-01   4.49517700000E-02   3.58275500000E-03   2.25411000000E-04
   1.28839000000E-05   8.79396000000E-07   4.33281000000E-08   1.85030000000E-09
   7.46993000000E-11   1.00000000000E-12   1.00000000000E-12   1.00000000000E-12
   1.00000000000E-12   1.00000000000E-12   1.00000000000E-12   1.00000000000E-12
   1.00000000000E-12   1.00000000000E-12   1.00000000000E-12   0.00000000000E+00
   0.00000000000E+00   0.00000000000E+00   0.00000000000E+00   0.00000000000E+00
   0.00000000000E+00   0.00000000000E+00   0.00000000000E+00   0.00000000000E+00
   0.00000000000E+00   0.00000000000E+00   0.00000000000E+00   0.00000000000E+00
   0.00000000000E+00   0.00000000000E+00   0.00000000000E+00   0.00000000000E+00
   0.00000000000E+00   7.21575122000E-02   5.68503347000E-01   9.68395186000E-01
   9.97370214000E-01   9.99796940000E-01   9.99987349000E-01   9.99999263000E-01
   9.99999952000E-01   9.99999998000E-01   1.00000000000E+00   1.00000000000E+00
   1.00000000000E+00   1.00000000000E+00   1.00000000000E+00   1.00000000000E+00
   1.00000000000E+00   1.00000000000E+00   1.00000000000E+00   1.00000000000E+00
   1.00000000000E+00   1.00000000000E+00   1.00000000000E+00   1.00000000000E+00
   1.00000000000E+00   1.00000000000E+00   1.00000000000E+00   1.00000000000E+00
   1.00000000000E+00   1.00000000000E+00   1.00000000000E+00   1.00000000000E+00
   1.00000000000E+00   1.00000000000E+00   1.00000000000E+00   1.00000000000E+00
   1.00000000000E+00   1.00000000000E+00   1.00000000000E+00                   2
                  59   0.00000000000E+00   2.50000000000E-02   1.00000000000E-01
   2.00000000000E-01   3.00000000000E-01   4.00000000000E-01   5.00000000000E-01
   6.00000000000E-01   7.00000000000E-01   8.00000000000E-01   9.00000000000E-01
   1.00000000000E+00   1.10000000000E+00   1.20000000000E+00   1.30000000000E+00
   1.40000000000E+00   1.50000000000E+00   1.60000000000E+00   1.70000000000E+00
   1.80000000000E+00   1.90000000000E+00   2.00000000000E+00   2.10000000000E+00
   2.20000000000E+00   2.30000000000E+00   2.40000000000E+00   2.50000000000E+00
   2.60000000000E+00   2.70000000000E+00   2.80000000000E+00   2.90000000000E+00
   3.00000000000E+00   3.10000000000E+00   3.20000000000E+00   3.30000000000E+00
   3.40000000000E+00   3.50000000000E+00   3.60000000000E+00   3.70000000000E+00
   3.80000000000E+00   3.90000000000E+00   4.00000000000E+00   4.10000000000E+00
   4.20000000000E+00   4.30000000000E+00   4.40000000000E+00   4.50000000000E+00
   4.60000000000E+00   4.70000000000E+00   4.80000000000E+00   4.90000000000E+00
   5.00000000000E+00   5.10000000000E+00   5.20000000000E+00   5.30000000000E+00
   5.40000000000E+00   5.50000000000E+00   5.60000000000E+00   5.70000000000E+00
   0.00000000000E+00   7.95317700000E-02   2.95803500000E-01   5.25881200000E-01
   6.49062700000E-01   6.83633400000E-01   6.64323100000E-01   6.18716900000E-01
   5.64355700000E-01   5.10689100000E-01   5.71236200000E-01   6.16464700000E-01
   2.01959700000E-01   8.05227300000E-01   2.18774500000E+00   1.55911200000E-01
   4.50449300000E-01   4.95750800000E-01   0.00000000000E+00   0.00000000000E+00
   0.00000000000E+00   0.00000000000E+00   0.00000000000E+00   0.00000000000E+00
   0.00000000000E+00   0.00000000000E+00   0.00000000000E+00   0.00000000000E+00
   0.00000000000E+00   0.00000000000E+00   0.00000000000E+00   0.00000000000E+00
   0.00000000000E+00   0.00000000000E+00   0.00000000000E+00   0.00000000000E+00
   0.00000000000E+00   0.00000000000E+00   0.00000000000E+00   0.00000000000E+00
   0.00000000000E+00   0.00000000000E+00   0.00000000000E+00   0.00000000000E+00
   0.00000000000E+00   0.00000000000E+00   0.00000000000E+00   0.00000000000E+00
   0.00000000000E+00   0.00000000000E+00   0.00000000000E+00   0.00000000000E+00
   0.00000000000E+00   0.00000000000E+00   0.00000000000E+00   0.00000000000E+00
   0.00000000000E+00   0.00000000000E+00   0.00000000000E+00   0.00000000000E+00
   9.94147100000E-04   1.50692194000E-02   5.61534534000E-02   1.14900647000E-01
   1.81535450000E-01   2.48933274000E-01   3.13085272000E-01   3.72238901000E-01
   4.25991139000E-01   4.80087403000E-01   5.39472446000E-01   5.80393665000E-01
   6.30753014000E-01   7.80401625000E-01   8.97584433000E-01   9.27902457000E-01
   9.75212461000E-01   1.00000000000E+00   1.00000000000E+00   1.00000000000E+00
   1.00000000000E+00   1.00000000000E+00   1.00000000000E+00   1.00000000000E+00
   1.00000000000E+00   1.00000000000E+00   1.00000000000E+00   1.00000000000E+00
   1.00000000000E+00   1.00000000000E+00   1.00000000000E+00   1.00000000000E+00
   1.00000000000E+00   1.00000000000E+00   1.00000000000E+00   1.00000000000E+00
   1.00000000000E+00   1.00000000000E+00   1.00000000000E+00   1.00000000000E+00
   1.00000000000E+00   1.00000000000E+00   1.00000000000E+00   1.00000000000E+00
   1.00000000000E+00   1.00000000000E+00   1.00000000000E+00   1.00000000000E+00
   1.00000000000E+00   1.00000000000E+00   1.00000000000E+00   1.00000000000E+00
   1.00000000000E+00   1.00000000000E+00   1.00000000000E+00   1.00000000000E+00
   1.00000000000E+00   1.00000000000E+00                   0                   0
                   0                   0                   0                   0
                   0                   0                   0                   0
                   0                   0                   0                   0
                   0                   0                   0                   0
                   0                   0                   0                   0
                   0                   0                   0                   0
                   0                   0                   0                   0
                   0                   0                   0                   0
                   0                   0                   0                   0
                   0                   0                   0                   0
                   0                   0                   0                   0
                   0                   0                   0                   0
                   0                   0                   0                   0
                   0                   0                   0                   0
                   0                   0                   0                   0
                   0                   0                   0                   0
                   0                   0                   0                   0
                   0                   0                   0                   0
                   0                   0                   0                   0
                   0                   0                   0                   0
                   0                   0                   0                   0
                   0                   0                   0                   0
                   0                   0                   0                   0
                   0                   0                   0                   0
                   0                   0                   0                   0
                   0                   0                   0                   0
                   0                   0                   0                   0
                   0                   0                   0                   0
                   0                   0                   0                   0
                   0                   0                   0                   0
                   0                   0                   0                   0
                   0                   0                   0                   0
                   0                   0                   0                   0
                   0                   0                   0                   0
                   0                   0                   0
