 22046.00u   45.557870  0.0000E+00   02/26/20
Ace Ti46 IAEA-PD                                                         mat2225
      0         0.      0         0.      0         0.      0         0.
      0         0.      0         0.      0         0.      0         0.
      0         0.      0         0.      0         0.      0         0.
      0         0.      0         0.      0         0.      0         0.
   273798    22046       99        1        7        2       12        0
        0        0        0        0        0        0        0        1
        1      100      100        0      199      298      299      300
      301      402      486        0        0        0        0        0
        0        0        0        0        0        0        0        0
        0        0        0        0        0        0        0        0
   9.99999000000E-01   1.00000000000E+00   1.50000000000E+00   2.00000000000E+00
   2.50000000000E+00   3.00000000000E+00   3.50000000000E+00   4.00000000000E+00
   4.50000000000E+00   5.00000000000E+00   5.50000000000E+00   6.00000000000E+00
   6.50000000000E+00   7.00000000000E+00   7.50000000000E+00   8.00000000000E+00
   8.50000000000E+00   9.00000000000E+00   9.50000000000E+00   1.00000000000E+01
   1.05000000000E+01   1.10000000000E+01   1.15000000000E+01   1.20000000000E+01
   1.25000000000E+01   1.30000000000E+01   1.35000000000E+01   1.40000000000E+01
   1.45000000000E+01   1.50000000000E+01   1.52500000000E+01   1.55000000000E+01
   1.57500000000E+01   1.60000000000E+01   1.62500000000E+01   1.65000000000E+01
   1.67500000000E+01   1.70000000000E+01   1.72500000000E+01   1.75000000000E+01
   1.77500000000E+01   1.80000000000E+01   1.82500000000E+01   1.85000000000E+01
   1.87500000000E+01   1.90000000000E+01   1.92500000000E+01   1.95000000000E+01
   1.97500000000E+01   2.00000000000E+01   2.10000000000E+01   2.20000000000E+01
   2.30000000000E+01   2.40000000000E+01   2.50000000000E+01   2.60000000000E+01
   2.70000000000E+01   2.80000000000E+01   2.90000000000E+01   3.00000000000E+01
   3.20000000000E+01   3.40000000000E+01   3.60000000000E+01   3.80000000000E+01
   4.00000000000E+01   4.20000000000E+01   4.40000000000E+01   4.60000000000E+01
   4.80000000000E+01   5.00000000000E+01   5.20000000000E+01   5.40000000000E+01
   5.60000000000E+01   5.80000000000E+01   6.00000000000E+01   6.20000000000E+01
   6.40000000000E+01   6.60000000000E+01   6.80000000000E+01   7.00000000000E+01
   7.20000000000E+01   7.40000000000E+01   7.60000000000E+01   7.80000000000E+01
   8.00000000000E+01   8.50000000000E+01   9.00000000000E+01   9.50000000000E+01
   1.00000000000E+02   1.10000000000E+02   1.20000000000E+02   1.30000000000E+02
   1.40000000000E+02   1.50000000000E+02   1.60000000000E+02   1.70000000000E+02
   1.80000000000E+02   1.90000000000E+02   2.00000000000E+02   0.00000000000E+00
   5.50131000000E-06   1.42200500000E-05   2.87626200000E-05   5.07760000000E-05
   8.22008700000E-05   1.25364900000E-04   1.83106600000E-04   2.58947900000E-04
   3.57338200000E-04   4.84001600000E-04   6.46420400000E-04   8.54508100000E-04
   1.12155600000E-03   1.46557600000E-03   1.91114100000E-03   2.49158100000E-03
   3.25033000000E-03   4.23699600000E-03   5.48645700000E-03   6.96538200000E-03
   8.51400700000E-03   9.92580400000E-03   1.12024300000E-02   1.26199300000E-02
   1.45099400000E-02   1.71246800000E-02   2.06700400000E-02   2.54146900000E-02
   3.21645700000E-02   3.74762100000E-02   4.65607200000E-02   5.41023900000E-02
   5.04962300000E-02   4.98447800000E-02   5.14482400000E-02   5.36511900000E-02
   5.58515700000E-02   5.78605000000E-02   5.98064600000E-02   6.24732500000E-02
   6.80898500000E-02   7.14541000000E-02   6.31120800000E-02   5.73754300000E-02
   5.37580600000E-02   5.08106900000E-02   4.81007400000E-02   4.55139800000E-02
   4.30291400000E-02   3.41663500000E-02   2.73092000000E-02   2.21855400000E-02
   1.83595800000E-02   1.54642000000E-02   1.32342400000E-02   1.14863700000E-02
   1.00945200000E-02   8.97108400000E-03   8.05413900000E-03   6.67276700000E-03
   5.71364100000E-03   5.03846000000E-03   4.56037600000E-03   4.22173200000E-03
   3.98275400000E-03   3.81531500000E-03   3.69921600000E-03   3.61981700000E-03
   3.56643800000E-03   3.53125700000E-03   3.50853200000E-03   3.49404000000E-03
   3.48467500000E-03   3.47815700000E-03   3.47281900000E-03   3.46744900000E-03
   3.46117800000E-03   3.45339200000E-03   3.44367400000E-03   3.43174900000E-03
   3.41745500000E-03   3.40071600000E-03   3.38151700000E-03   3.35989200000E-03
   3.29575100000E-03   3.21870300000E-03   3.13102700000E-03   3.03523000000E-03
   2.82951300000E-03   2.62150200000E-03   2.42975200000E-03   2.27121000000E-03
   2.07420600000E-03   1.90403200000E-03   1.75584600000E-03   1.62587400000E-03
   1.51113600000E-03   1.40924900000E-03   0.00000000000E+00   1.00000000000E+00
   1.09296700000E+00   1.18593600000E+00   1.27890400000E+00   1.37187200000E+00
   1.46484000000E+00   1.55780800000E+00   1.65077600000E+00   1.47852300000E+00
   1.17506200000E+00   7.65844800000E-01   7.32122300000E-01   7.14593400000E-01
   7.23673200000E-01   7.62131500000E-01   7.29214700000E-01   7.13752100000E-01
   7.09983400000E-01   7.05281300000E-01   8.88824700000E-01   1.04223800000E+00
   2.28917600000E+00   8.00849500000E+00   1.10192300000E+01   1.19545200000E+01
   1.29167400000E+01   1.32985000000E+01   1.35187100000E+01   1.37561100000E+01
   1.38306300000E+01   1.39239200000E+01   1.40041500000E+01   1.41024600000E+01
   1.42035500000E+01   1.42877400000E+01   1.43695600000E+01   1.44353700000E+01
   1.45098500000E+01   1.45835000000E+01   1.46413800000E+01   1.47020300000E+01
   1.47372800000E+01   1.47722500000E+01   1.47849400000E+01   1.48011500000E+01
   1.48035800000E+01   1.47912600000E+01   1.47854700000E+01   1.47672600000E+01
   1.47931800000E+01   1.49711200000E+01   1.57424800000E+01   1.71764000000E+01
   1.91904600000E+01   2.06761900000E+01   2.17903600000E+01   2.28162700000E+01
   2.34333200000E+01   2.40817900000E+01   2.49588300000E+01   2.60346000000E+01
   2.73798500000E+01   2.93457600000E+01   3.11065800000E+01   3.26016800000E+01
   3.40798400000E+01   3.53683600000E+01   3.67140700000E+01   3.81271500000E+01
   3.95740600000E+01   4.10166600000E+01   4.24008400000E+01   4.37257000000E+01
   4.50794500000E+01   4.64764100000E+01   4.79050300000E+01   4.93055100000E+01
   5.06816400000E+01   5.20729400000E+01   5.34791200000E+01   5.48792500000E+01
   5.62690700000E+01   5.76628100000E+01   5.90268000000E+01   6.24924300000E+01
   6.59204200000E+01   6.94497200000E+01   7.29278600000E+01   8.00169500000E+01
   8.69186100000E+01   9.40080500000E+01   1.01000000000E+02   1.08185000000E+02
   1.15300400000E+02   1.23777200000E+02   1.33822900000E+02   1.41392000000E+02
   1.48898300000E+02                   5   0.00000000000E+00                   1
                   1                  99   0.00000000000E+00   5.50131000000E-06
   1.42200500000E-05   2.87626200000E-05   5.07760000000E-05   8.22008700000E-05
   1.25364900000E-04   1.83106600000E-04   2.58947900000E-04   3.57338200000E-04
   4.84001600000E-04   6.46420400000E-04   8.54508100000E-04   1.12155600000E-03
   1.46557600000E-03   1.91114100000E-03   2.49158100000E-03   3.25033000000E-03
   4.23699600000E-03   5.48645700000E-03   6.96538200000E-03   8.51400700000E-03
   9.92580400000E-03   1.12024300000E-02   1.26199300000E-02   1.45099400000E-02
   1.71246800000E-02   2.06700400000E-02   2.54146900000E-02   3.21645700000E-02
   3.74762100000E-02   4.65607200000E-02   5.41023900000E-02   5.04962300000E-02
   4.98447800000E-02   5.14482400000E-02   5.36511900000E-02   5.58515700000E-02
   5.78605000000E-02   5.98064600000E-02   6.24732500000E-02   6.80898500000E-02
   7.14541000000E-02   6.31120800000E-02   5.73754300000E-02   5.37580600000E-02
   5.08106900000E-02   4.81007400000E-02   4.55139800000E-02   4.30291400000E-02
   3.41663500000E-02   2.73092000000E-02   2.21855400000E-02   1.83595800000E-02
   1.54642000000E-02   1.32342400000E-02   1.14863700000E-02   1.00945200000E-02
   8.97108400000E-03   8.05413900000E-03   6.67276700000E-03   5.71364100000E-03
   5.03846000000E-03   4.56037600000E-03   4.22173200000E-03   3.98275400000E-03
   3.81531500000E-03   3.69921600000E-03   3.61981700000E-03   3.56643800000E-03
   3.53125700000E-03   3.50853200000E-03   3.49404000000E-03   3.48467500000E-03
   3.47815700000E-03   3.47281900000E-03   3.46744900000E-03   3.46117800000E-03
   3.45339200000E-03   3.44367400000E-03   3.43174900000E-03   3.41745500000E-03
   3.40071600000E-03   3.38151700000E-03   3.35989200000E-03   3.29575100000E-03
   3.21870300000E-03   3.13102700000E-03   3.03523000000E-03   2.82951300000E-03
   2.62150200000E-03   2.42975200000E-03   2.27121000000E-03   2.07420600000E-03
   1.90403200000E-03   1.75584600000E-03   1.62587400000E-03   1.51113600000E-03
   1.40924900000E-03                   1                   1                 486
                 562                 638                 639                 640
                 641                 795                 796                 796
                 797                   2                   1               46280
               46381               46482               46483               46484
               46485               46673               46674               46674
               46675                   9                   1               60194
               60276               60358               60359               60360
               60361               60525               60526               60526
               60527                  31                   1              109118
              109173              109228              109229              109230
              109231              109341              109342              109342
              109343                  32                   1              147245
              147295              147345              147346              147347
              147348              147448              147449              147449
              147450                  33                   1              182291
              182343              182395              182396              182397
              182398              182504              182505              182505
              182506                  34                   1              219267
              219353              219439              219440              219441
              219442              219616              219617              219617
              219618                  26                  74   0.00000000000E+00
   9.40100900000E-03   1.16894300000E-02   1.37192000000E-02   1.57953900000E-02
   1.80774700000E-02   2.15024000000E-02   2.44095400000E-02   2.15649300000E-02
   2.01411400000E-02   1.98409100000E-02   1.97850400000E-02   2.01969000000E-02
   2.02311900000E-02   2.02645400000E-02   2.09494100000E-02   2.24323000000E-02
   2.36983200000E-02   2.09610400000E-02   1.94894700000E-02   1.85400200000E-02
   1.78903400000E-02   1.75641500000E-02   1.70801500000E-02   1.66832900000E-02
   1.53718300000E-02   1.40038000000E-02   1.28818800000E-02   1.32582600000E-02
   1.29720100000E-02   1.19855200000E-02   1.08553300000E-02   9.81488400000E-03
   8.84367900000E-03   7.98405200000E-03   6.61815800000E-03   5.62411600000E-03
   5.03291500000E-03   4.78183700000E-03   4.67156200000E-03   4.58940700000E-03
   4.49976000000E-03   4.44601700000E-03   4.41080900000E-03   4.46784500000E-03
   4.55449500000E-03   4.63644400000E-03   4.73900100000E-03   4.82215900000E-03
   4.90192700000E-03   4.98901700000E-03   5.07678600000E-03   5.16673900000E-03
   5.27111900000E-03   5.35754100000E-03   5.43854700000E-03   5.51042100000E-03
   5.58595800000E-03   5.64352200000E-03   5.71944300000E-03   5.84500800000E-03
   5.94123000000E-03   5.98054600000E-03   6.00054700000E-03   5.95855300000E-03
   5.86697400000E-03   5.73977600000E-03   5.64519200000E-03   5.40693400000E-03
   5.18606000000E-03   5.16427000000E-03   4.98856700000E-03   4.81708000000E-03
   4.66632600000E-03                  26                  74   0.00000000000E+00
   1.45557400000E-01   3.91233000000E-01   5.15213200000E-01   5.97669700000E-01
   6.50411900000E-01   6.83334200000E-01   7.26832900000E-01   7.44065400000E-01
   7.31472600000E-01   7.24310000000E-01   7.17665500000E-01   7.28308500000E-01
   7.27968400000E-01   7.28461200000E-01   7.43714500000E-01   7.53048700000E-01
   7.52374300000E-01   7.47706200000E-01   7.58867900000E-01   7.64529700000E-01
   7.74463000000E-01   7.96884100000E-01   8.12497900000E-01   8.32765000000E-01
   9.70640400000E-01   1.11118800000E+00   1.26476400000E+00   1.58111000000E+00
   1.92463500000E+00   2.17293900000E+00   2.44584800000E+00   2.69981200000E+00
   2.96773800000E+00   3.21602100000E+00   3.68674600000E+00   4.08192900000E+00
   4.57160700000E+00   5.06873100000E+00   5.63380900000E+00   6.23252900000E+00
   6.75325100000E+00   7.29634200000E+00   7.81740000000E+00   8.36326000000E+00
   8.92211700000E+00   9.47211300000E+00   1.00611400000E+01   1.06410900000E+01
   1.12202200000E+01   1.17710600000E+01   1.23370300000E+01   1.29253700000E+01
   1.35710300000E+01   1.41941000000E+01   1.47721600000E+01   1.53488300000E+01
   1.59606300000E+01   1.65466800000E+01   1.72138200000E+01   1.87079600000E+01
   2.02765600000E+01   2.17618600000E+01   2.33306300000E+01   2.62107300000E+01
   2.92999900000E+01   3.21848100000E+01   3.51876200000E+01   3.80156100000E+01
   4.08835400000E+01   4.23503800000E+01   4.23048700000E+01   4.47167900000E+01
   4.72432300000E+01                   5                  -1                   1
                   6                   5                   0                  75
   1.00000000000E+00   1.31892800000E+01   1.35000000000E+01   1.40000000000E+01
   1.45000000000E+01   1.50000000000E+01   1.52500000000E+01   1.55000000000E+01
   1.57500000000E+01   1.60000000000E+01   1.62500000000E+01   1.65000000000E+01
   1.67500000000E+01   1.70000000000E+01   1.72500000000E+01   1.75000000000E+01
   1.77500000000E+01   1.80000000000E+01   1.82500000000E+01   1.85000000000E+01
   1.87500000000E+01   1.90000000000E+01   1.92500000000E+01   1.95000000000E+01
   1.97500000000E+01   2.00000000000E+01   2.10000000000E+01   2.20000000000E+01
   2.30000000000E+01   2.40000000000E+01   2.50000000000E+01   2.60000000000E+01
   2.70000000000E+01   2.80000000000E+01   2.90000000000E+01   3.00000000000E+01
   3.20000000000E+01   3.40000000000E+01   3.60000000000E+01   3.80000000000E+01
   4.00000000000E+01   4.20000000000E+01   4.40000000000E+01   4.60000000000E+01
   4.80000000000E+01   5.00000000000E+01   5.20000000000E+01   5.40000000000E+01
   5.60000000000E+01   5.80000000000E+01   6.00000000000E+01   6.20000000000E+01
   6.40000000000E+01   6.60000000000E+01   6.80000000000E+01   7.00000000000E+01
   7.20000000000E+01   7.40000000000E+01   7.60000000000E+01   7.80000000000E+01
   8.00000000000E+01   8.50000000000E+01   9.00000000000E+01   9.50000000000E+01
   1.00000000000E+02   1.10000000000E+02   1.20000000000E+02   1.30000000000E+02
   1.40000000000E+02   1.50000000000E+02   1.60000000000E+02   1.70000000000E+02
   1.80000000000E+02   1.90000000000E+02   2.00000000000E+02   0.00000000000E+00
   0.00000000000E+00   5.48974300000E-01   5.65525300000E-01   5.39813800000E-01
   4.91080400000E-01   4.82371900000E-01   4.61814200000E-01   4.51173000000E-01
   4.27060200000E-01   4.04077200000E-01   3.85648000000E-01   3.68771700000E-01
   3.61617400000E-01   3.49654600000E-01   3.38835300000E-01   3.35334100000E-01
   3.29451500000E-01   3.31657900000E-01   3.32124100000E-01   3.39683200000E-01
   3.44878900000E-01   3.52098000000E-01   3.65153400000E-01   3.75272600000E-01
   3.87720700000E-01   4.49911400000E-01   5.12786900000E-01   5.80643100000E-01
   7.22144000000E-01   8.38841300000E-01   9.05644800000E-01   9.45061800000E-01
   9.72298200000E-01   9.85798300000E-01   9.91298000000E-01   9.91816100000E-01
   9.84331400000E-01   9.98899500000E-01   1.04856200000E+00   1.10655100000E+00
   1.15232000000E+00   1.17939400000E+00   1.20188100000E+00   1.21851700000E+00
   1.25274700000E+00   1.28976600000E+00   1.32147700000E+00   1.35631000000E+00
   1.38381900000E+00   1.40934600000E+00   1.43659000000E+00   1.46412700000E+00
   1.49276900000E+00   1.52636000000E+00   1.55576300000E+00   1.58477400000E+00
   1.61243400000E+00   1.64258300000E+00   1.66893200000E+00   1.70227000000E+00
   1.77349800000E+00   1.84584600000E+00   1.91009100000E+00   1.97696600000E+00
   2.10585800000E+00   2.23802000000E+00   2.36228900000E+00   2.48554400000E+00
   2.60674900000E+00   2.72372500000E+00   2.94118600000E+00   3.06823700000E+00
   3.18772100000E+00   3.31121500000E+00                   0                   1
                   0                   4                  10                   0
                   2   1.00000000000E+00   2.00000000000E+02   1.00000000000E+00
   1.00000000000E+00                   0                  29   1.00000000000E+00
   1.31892800000E+01   1.40000000000E+01   1.60000000000E+01   1.80000000000E+01
   2.00000000000E+01   2.20000000000E+01   2.40000000000E+01   2.60000000000E+01
   2.80000000000E+01   3.00000000000E+01   3.20000000000E+01   3.60000000000E+01
   4.00000000000E+01   4.40000000000E+01   4.80000000000E+01   5.00000000000E+01
   5.20000000000E+01   5.60000000000E+01   6.00000000000E+01   7.00000000000E+01
   8.00000000000E+01   9.00000000000E+01   1.00000000000E+02   1.20000000000E+02
   1.40000000000E+02   1.60000000000E+02   1.80000000000E+02   2.00000000000E+02
                  70                  81                  92                 124
                 434                 898                1589                2397
                3309                4299                5354                6474
                7646                8909               10250               11857
               13524               15206               16918               18675
               20462               22572               24733               27205
               29715               32573               35749               38971
               42216                   2                   3   0.00000000000E+00
   5.00000000000E-07   1.00000000000E-06   0.00000000000E+00   2.00000000000E+06
   0.00000000000E+00   0.00000000000E+00   5.00000000000E-01   1.00000000000E+00
                   2                   3   0.00000000000E+00   5.00000000000E-07
   1.00000000000E-06   0.00000000000E+00   2.00000000000E+06   0.00000000000E+00
   0.00000000000E+00   5.00000000000E-01   1.00000000000E+00                   2
                  10   0.00000000000E+00   2.50000000000E-02   1.00000000000E-01
   2.00000000000E-01   3.00000000000E-01   4.00000000000E-01   5.00000000000E-01
   6.00000000000E-01   7.00000000000E-01   8.00000000000E-01   0.00000000000E+00
   4.21859100000E-02   1.68743100000E-01   2.40527000000E-06   1.58597000000E-06
   6.80991100000E-07   3.20749100000E+00   8.65934200000E-08   1.09936000000E-08
   1.32475200000E+01   0.00000000000E+00   5.27323859000E-04   8.43716299000E-03
   1.68744400000E-02   1.68746396000E-02   1.68747529000E-02   1.77249320000E-01
   3.37623858000E-01   3.37623863000E-01   1.00000000000E+00                   2
                  28   0.00000000000E+00   2.66666700000E-02   1.06666700000E-01
   2.13333300000E-01   3.20000000000E-01   4.26666700000E-01   5.33333300000E-01
   6.40000000000E-01   7.46666700000E-01   8.53333300000E-01   9.60000000000E-01
   1.06666700000E+00   1.17333300000E+00   1.28000000000E+00   1.38666700000E+00
   1.49333300000E+00   1.60000000000E+00   1.70666700000E+00   1.81333300000E+00
   1.92000000000E+00   2.02666700000E+00   2.13333300000E+00   2.24000000000E+00
   2.34666700000E+00   2.45333300000E+00   2.56000000000E+00   2.66666700000E+00
   2.77333300000E+00   0.00000000000E+00   1.04447600000E-03   4.00054600000E-03
   9.57705900000E-05   2.52052100000E-01   1.05995500000E+00   2.16790300000E-01
   5.41112000000E-05   1.39840900000E+00   5.82854300000E-01   3.52409200000E-02
   2.60147000000E-05   2.09827000000E-05   7.41229800000E-01   1.05678400000E-03
   3.24446100000E-03   6.69730700000E-02   4.75603000000E-06   3.25375000000E-06
   2.13707000000E-06   6.28851800000E-01   7.42547900000E-07   3.92560000000E-07
   1.83442000000E-07   1.20523300000E+00   2.03519000000E-08   2.40762000000E-09
   6.35779800000E+00   0.00000000000E+00   1.39263472000E-05   2.15727285000E-04
   4.34197347000E-04   1.38820868000E-02   8.38558143000E-02   1.51948848000E-01
   1.63513886000E-01   2.38098602000E-01   3.43765908000E-01   3.76730999000E-01
   3.78611908000E-01   3.78614414000E-01   4.18147915000E-01   4.57736658000E-01
   4.57966056000E-01   4.61711003000E-01   4.65283165000E-01   4.65283592000E-01
   4.65283880000E-01   4.98822864000E-01   5.32361459000E-01   5.32361519000E-01
   5.32361550000E-01   5.96640246000E-01   6.60919535000E-01   6.60919536000E-01
   1.00000000000E+00                   0                   0                   0
                   0                   0                   0                   0
                   0                   0                   0                   0
                   0                   0                   0                   0
                   0                   0                   0                   0
                   0                   0                   0                   0
                   0                   0                   0                   0
                   0                   0                   0                   0
                   0                   0                   0                   0
                   0                   0                   0                   0
                   0                   0                   0                   0
                   0                   0                   0                   0
                   0                   0                   0                   0
                   0                   0                   0                   0
                   0                   0                   0                   0
                   0                   0                   0                   0
                   0                   0                   0                   0
                   0                   0                   0                   0
                   0                   0                   0                   0
                   0                   0                   0                   0
                   0                   0                   0                   0
                   0                   0                   0                   0
                   0                   0                   0                   0
                   0                   0                   0                   0
                   0                   0                   0                   0
                   0                   0                   0                   0
                   0                   0                   0                   0
                   0                   0                   0                   0
                   0                   0                   0                   0
                   0                   0                   0                   0
                   0                   0                   0                   0
                   0                   0                   0                   0
                   0
