 22047.00u   46.548420  0.0000E+00   06/19/20
Ace Ti47 IAEA-PD                                                         mat2228
      0         0.      0         0.      0         0.      0         0.
      0         0.      0         0.      0         0.      0         0.
      0         0.      0         0.      0         0.      0         0.
      0         0.      0         0.      0         0.      0         0.
   288108    22047       89        1        7        2       12        0
        0        0        0        0        0        0        0        1
        1       90       90        0      179      268      269      270
      271      362      446        0        0        0        0        0
        0        0        0        0        0        0        0        0
        0        0        0        0        0        0        0        0
   9.99999000000E-01   1.00000000000E+00   1.50000000000E+00   2.00000000000E+00
   2.50000000000E+00   3.00000000000E+00   3.50000000000E+00   4.00000000000E+00
   4.50000000000E+00   5.00000000000E+00   5.50000000000E+00   6.00000000000E+00
   6.50000000000E+00   7.00000000000E+00   7.50000000000E+00   8.00000000000E+00
   8.50000000000E+00   9.00000000000E+00   9.50000000000E+00   1.00000000000E+01
   1.05000000000E+01   1.10000000000E+01   1.15000000000E+01   1.20000000000E+01
   1.25000000000E+01   1.30000000000E+01   1.35000000000E+01   1.40000000000E+01
   1.45000000000E+01   1.50000000000E+01   1.55000000000E+01   1.60000000000E+01
   1.65000000000E+01   1.70000000000E+01   1.75000000000E+01   1.80000000000E+01
   1.85000000000E+01   1.90000000000E+01   1.95000000000E+01   2.00000000000E+01
   2.10000000000E+01   2.20000000000E+01   2.30000000000E+01   2.40000000000E+01
   2.50000000000E+01   2.60000000000E+01   2.70000000000E+01   2.80000000000E+01
   2.90000000000E+01   3.00000000000E+01   3.20000000000E+01   3.40000000000E+01
   3.60000000000E+01   3.80000000000E+01   4.00000000000E+01   4.20000000000E+01
   4.40000000000E+01   4.60000000000E+01   4.80000000000E+01   5.00000000000E+01
   5.20000000000E+01   5.40000000000E+01   5.60000000000E+01   5.80000000000E+01
   6.00000000000E+01   6.20000000000E+01   6.40000000000E+01   6.60000000000E+01
   6.80000000000E+01   7.00000000000E+01   7.20000000000E+01   7.40000000000E+01
   7.60000000000E+01   7.80000000000E+01   8.00000000000E+01   8.50000000000E+01
   9.00000000000E+01   9.50000000000E+01   1.00000000000E+02   1.10000000000E+02
   1.20000000000E+02   1.30000000000E+02   1.40000000000E+02   1.50000000000E+02
   1.60000000000E+02   1.70000000000E+02   1.80000000000E+02   1.90000000000E+02
   2.00000000000E+02   0.00000000000E+00   5.66283400000E-06   1.47343000000E-05
   2.99415500000E-05   5.30228600000E-05   8.60007700000E-05   1.31270700000E-04
   1.91718800000E-04   2.70886400000E-04   3.73203800000E-04   5.04324100000E-04
   6.71590400000E-04   8.84685500000E-04   1.15655000000E-03   1.50468100000E-03
   1.95287700000E-03   2.53320000000E-03   3.28661600000E-03   4.25707100000E-03
   5.46612100000E-03   6.85470500000E-03   8.23518700000E-03   9.40413600000E-03
   1.03902700000E-02   1.14582700000E-02   1.28816800000E-02   1.48395200000E-02
   1.74511100000E-02   2.08212500000E-02   2.50544300000E-02   3.02397400000E-02
   3.64081200000E-02   4.34623300000E-02   5.10918400000E-02   5.87118600000E-02
   6.54907400000E-02   7.05217100000E-02   7.31170500000E-02   7.30716600000E-02
   7.07107000000E-02   6.16886700000E-02   5.12235300000E-02   4.19682900000E-02
   3.45461800000E-02   2.87743800000E-02   2.42969100000E-02   2.07913900000E-02
   1.80099600000E-02   1.57717600000E-02   1.39466600000E-02   1.11856400000E-02
   9.23753700000E-03   7.82730700000E-03   6.78952000000E-03   6.01802900000E-03
   5.44094800000E-03   5.00759900000E-03   4.68126800000E-03   4.43488600000E-03
   4.24828300000E-03   4.10632800000E-03   3.99762100000E-03   3.91355100000E-03
   3.84759400000E-03   3.79480600000E-03   3.75143400000E-03   3.71463000000E-03
   3.68223600000E-03   3.65262000000E-03   3.62455400000E-03   3.59712100000E-03
   3.56964300000E-03   3.54162900000E-03   3.51273000000E-03   3.48270900000E-03
   3.40194400000E-03   3.31268400000E-03   3.21569000000E-03   3.11252400000E-03
   2.89573900000E-03   2.67965200000E-03   2.48176200000E-03   2.31863600000E-03
   2.11683300000E-03   1.94270600000E-03   1.79120000000E-03   1.65839500000E-03
   1.54120900000E-03   1.43718300000E-03   0.00000000000E+00   1.00000000000E+00
   9.46615300000E-01   8.93231500000E-01   8.39847700000E-01   7.86463800000E-01
   7.33080000000E-01   4.02627300000E-01   3.94491200000E-01   3.77121700000E-01
   3.62377400000E-01   3.52857500000E-01   3.36174000000E-01   3.18456000000E-01
   2.96255100000E-01   2.66808700000E-01   1.69760700000E+00   4.74189400000E+00
   7.21183300000E+00   8.53106000000E+00   8.82548700000E+00   8.87682000000E+00
   8.99970900000E+00   8.93819500000E+00   8.79331900000E+00   8.59133000000E+00
   8.82767500000E+00   9.09579300000E+00   9.24955700000E+00   9.38923100000E+00
   9.50510000000E+00   9.60028800000E+00   9.73958200000E+00   9.85840300000E+00
   9.97811300000E+00   1.01085700000E+01   1.02095100000E+01   1.03122600000E+01
   1.04125800000E+01   1.05341300000E+01   1.12282900000E+01   1.27678300000E+01
   1.51233300000E+01   1.70942000000E+01   1.86334800000E+01   1.98964400000E+01
   2.06491200000E+01   2.13874100000E+01   2.18818800000E+01   2.23874000000E+01
   2.32105200000E+01   2.44805200000E+01   2.59107100000E+01   2.78341700000E+01
   2.96058100000E+01   3.10271700000E+01   3.24573600000E+01   3.37146900000E+01
   3.50114800000E+01   3.64725600000E+01   3.79302200000E+01   3.94138000000E+01
   4.08859100000E+01   4.22618400000E+01   4.36327800000E+01   4.50308300000E+01
   4.64028000000E+01   4.77858000000E+01   4.91266000000E+01   5.05032200000E+01
   5.18545900000E+01   5.32455900000E+01   5.45834000000E+01   5.59444200000E+01
   5.73006800000E+01   6.07704700000E+01   6.41821000000E+01   6.76261100000E+01
   7.10379300000E+01   7.80345200000E+01   8.48620400000E+01   9.19162700000E+01
   9.88790000000E+01   1.05948400000E+02   1.12952000000E+02   1.19865900000E+02
   1.30355900000E+02   1.37662600000E+02   1.45017300000E+02                   5
   0.00000000000E+00                   1                   1                  89
   0.00000000000E+00   5.66283400000E-06   1.47343000000E-05   2.99415500000E-05
   5.30228600000E-05   8.60007700000E-05   1.31270700000E-04   1.91718800000E-04
   2.70886400000E-04   3.73203800000E-04   5.04324100000E-04   6.71590400000E-04
   8.84685500000E-04   1.15655000000E-03   1.50468100000E-03   1.95287700000E-03
   2.53320000000E-03   3.28661600000E-03   4.25707100000E-03   5.46612100000E-03
   6.85470500000E-03   8.23518700000E-03   9.40413600000E-03   1.03902700000E-02
   1.14582700000E-02   1.28816800000E-02   1.48395200000E-02   1.74511100000E-02
   2.08212500000E-02   2.50544300000E-02   3.02397400000E-02   3.64081200000E-02
   4.34623300000E-02   5.10918400000E-02   5.87118600000E-02   6.54907400000E-02
   7.05217100000E-02   7.31170500000E-02   7.30716600000E-02   7.07107000000E-02
   6.16886700000E-02   5.12235300000E-02   4.19682900000E-02   3.45461800000E-02
   2.87743800000E-02   2.42969100000E-02   2.07913900000E-02   1.80099600000E-02
   1.57717600000E-02   1.39466600000E-02   1.11856400000E-02   9.23753700000E-03
   7.82730700000E-03   6.78952000000E-03   6.01802900000E-03   5.44094800000E-03
   5.00759900000E-03   4.68126800000E-03   4.43488600000E-03   4.24828300000E-03
   4.10632800000E-03   3.99762100000E-03   3.91355100000E-03   3.84759400000E-03
   3.79480600000E-03   3.75143400000E-03   3.71463000000E-03   3.68223600000E-03
   3.65262000000E-03   3.62455400000E-03   3.59712100000E-03   3.56964300000E-03
   3.54162900000E-03   3.51273000000E-03   3.48270900000E-03   3.40194400000E-03
   3.31268400000E-03   3.21569000000E-03   3.11252400000E-03   2.89573900000E-03
   2.67965200000E-03   2.48176200000E-03   2.31863600000E-03   2.11683300000E-03
   1.94270600000E-03   1.79120000000E-03   1.65839500000E-03   1.54120900000E-03
   1.43718300000E-03                   1                   1                 446
                 521                 596                 597                 598
                 599                 751                 752                 752
                 753                   2                   1               52617
               52708               52799               52800               52801
               52802               52974               52975               52975
               52976                   9                   1               66640
               66712               66784               66785               66786
               66787               66931               66932               66932
               66933                  31                   1              116644
              116702              116760              116761              116762
              116763              116881              116882              116882
              116883                  32                   1              158177
              158227              158277              158278              158279
              158280              158382              158383              158383
              158384                  33                   1              194412
              194468              194524              194525              194526
              194527              194639              194640              194640
              194641                  34                   1              234169
              234244              234319              234320              234321
              234322              234472              234473              234473
              234474                  17                  73   0.00000000000E+00
   8.91287900000E-04   2.31005100000E-03   5.18698000000E-03   6.77472900000E-03
   8.17969900000E-03   9.34873300000E-03   1.03254300000E-02   1.13514300000E-02
   1.26817500000E-02   1.44184000000E-02   1.66845600000E-02   1.95246300000E-02
   2.29906000000E-02   2.71299300000E-02   3.19751300000E-02   3.73983200000E-02
   4.31536100000E-02   4.86917400000E-02   5.34035600000E-02   5.64017700000E-02
   5.72482000000E-02   5.62322900000E-02   5.32557200000E-02   4.46480000000E-02
   3.63938800000E-02   3.18344400000E-02   3.00764900000E-02   2.78182300000E-02
   2.50487300000E-02   2.21223300000E-02   1.94426500000E-02   1.71112100000E-02
   1.51418100000E-02   1.22300700000E-02   1.02905900000E-02   9.10511500000E-03
   8.36790700000E-03   7.83839900000E-03   7.37696800000E-03   6.97070800000E-03
   6.63952700000E-03   6.43037200000E-03   6.31262100000E-03   6.27005900000E-03
   6.27155600000E-03   6.29286900000E-03   6.32172800000E-03   6.35679300000E-03
   6.41471200000E-03   6.48047300000E-03   6.53535000000E-03   6.61923800000E-03
   6.68045500000E-03   6.75163400000E-03   6.80936200000E-03   6.87810200000E-03
   6.93171600000E-03   6.98104100000E-03   7.08069400000E-03   7.16287700000E-03
   7.18485200000E-03   7.17723400000E-03   7.09033300000E-03   6.94774300000E-03
   6.77789600000E-03   6.64172600000E-03   6.34187500000E-03   6.06995200000E-03
   6.27828900000E-03   6.03191400000E-03   5.80891100000E-03   5.60475400000E-03
                  17                  73   0.00000000000E+00   8.48998400000E-03
   8.82955800000E-02   2.79103600000E-01   6.17225200000E-01   9.48465300000E-01
   1.27771500000E+00   1.60559200000E+00   1.58451600000E+00   1.55861300000E+00
   1.52247300000E+00   1.48258000000E+00   1.61137400000E+00   1.73071100000E+00
   1.84255800000E+00   1.95097300000E+00   1.98376000000E+00   2.01814400000E+00
   2.05123700000E+00   2.08533300000E+00   2.09369100000E+00   2.09706200000E+00
   2.10769900000E+00   2.10835900000E+00   2.10549400000E+00   2.14482700000E+00
   2.18830900000E+00   2.39509500000E+00   2.70016700000E+00   2.92264000000E+00
   3.23077200000E+00   3.49545400000E+00   3.75589400000E+00   4.00175100000E+00
   4.48584100000E+00   4.91120500000E+00   5.48415300000E+00   6.03012400000E+00
   6.60476200000E+00   7.23416400000E+00   7.79584000000E+00   8.35005900000E+00
   8.95234900000E+00   9.54205100000E+00   1.01426700000E+01   1.07519600000E+01
   1.13595100000E+01   1.19673300000E+01   1.25682400000E+01   1.31645700000E+01
   1.37732600000E+01   1.43599900000E+01   1.50174700000E+01   1.56350000000E+01
   1.62494600000E+01   1.68472500000E+01   1.74906500000E+01   1.81161700000E+01
   1.87519600000E+01   2.02650600000E+01   2.18773700000E+01   2.34241700000E+01
   2.50189100000E+01   2.80069500000E+01   3.11823000000E+01   3.41780100000E+01
   3.72450900000E+01   4.01525200000E+01   4.31254700000E+01   4.62467200000E+01
   4.57778300000E+01   4.83854200000E+01   5.10449000000E+01                   5
                  -1                   1                   6                   5
                   0                  74   1.00000000000E+00   8.88088200000E+00
   9.00000000000E+00   9.50000000000E+00   1.00000000000E+01   1.05000000000E+01
   1.10000000000E+01   1.15000000000E+01   1.20000000000E+01   1.25000000000E+01
   1.30000000000E+01   1.35000000000E+01   1.40000000000E+01   1.45000000000E+01
   1.50000000000E+01   1.55000000000E+01   1.60000000000E+01   1.65000000000E+01
   1.70000000000E+01   1.75000000000E+01   1.80000000000E+01   1.85000000000E+01
   1.90000000000E+01   1.95000000000E+01   2.00000000000E+01   2.10000000000E+01
   2.20000000000E+01   2.30000000000E+01   2.40000000000E+01   2.50000000000E+01
   2.60000000000E+01   2.70000000000E+01   2.80000000000E+01   2.90000000000E+01
   3.00000000000E+01   3.20000000000E+01   3.40000000000E+01   3.60000000000E+01
   3.80000000000E+01   4.00000000000E+01   4.20000000000E+01   4.40000000000E+01
   4.60000000000E+01   4.80000000000E+01   5.00000000000E+01   5.20000000000E+01
   5.40000000000E+01   5.60000000000E+01   5.80000000000E+01   6.00000000000E+01
   6.20000000000E+01   6.40000000000E+01   6.60000000000E+01   6.80000000000E+01
   7.00000000000E+01   7.20000000000E+01   7.40000000000E+01   7.60000000000E+01
   7.80000000000E+01   8.00000000000E+01   8.50000000000E+01   9.00000000000E+01
   9.50000000000E+01   1.00000000000E+02   1.10000000000E+02   1.20000000000E+02
   1.30000000000E+02   1.40000000000E+02   1.50000000000E+02   1.60000000000E+02
   1.70000000000E+02   1.80000000000E+02   1.90000000000E+02   2.00000000000E+02
   0.00000000000E+00   0.00000000000E+00   2.71187100000E-01   5.42638600000E-01
   9.48932500000E-01   9.88332700000E-01   9.93262100000E-01   9.94108700000E-01
   9.93759500000E-01   9.90675700000E-01   9.84479500000E-01   9.71621700000E-01
   9.56074400000E-01   9.37726100000E-01   9.17626100000E-01   8.97161500000E-01
   8.78241700000E-01   8.60476600000E-01   8.44628200000E-01   8.29334000000E-01
   8.15436800000E-01   7.99778800000E-01   7.82966500000E-01   7.69549900000E-01
   7.53149400000E-01   7.23763400000E-01   7.10491400000E-01   7.58535600000E-01
   8.70617000000E-01   9.66770800000E-01   1.03094300000E+00   1.06401400000E+00
   1.07955000000E+00   1.08492700000E+00   1.08569400000E+00   1.09337200000E+00
   1.11399700000E+00   1.16325000000E+00   1.23247400000E+00   1.30248600000E+00
   1.35582400000E+00   1.39202600000E+00   1.41831800000E+00   1.44995200000E+00
   1.48592300000E+00   1.52692600000E+00   1.56882200000E+00   1.60796900000E+00
   1.64303400000E+00   1.67513000000E+00   1.70993600000E+00   1.74458100000E+00
   1.77483200000E+00   1.81218900000E+00   1.84311100000E+00   1.87695500000E+00
   1.90757500000E+00   1.94207300000E+00   1.97331300000E+00   2.00448600000E+00
   2.08136700000E+00   2.16225800000E+00   2.23431100000E+00   2.30592100000E+00
   2.44854000000E+00   2.59277800000E+00   2.73108200000E+00   2.86449700000E+00
   2.99592600000E+00   3.12448300000E+00   3.50507400000E+00   3.63720000000E+00
   3.76906100000E+00   3.89981900000E+00                   0                   1
                   0                   4                  10                   0
                   2   1.00000000000E+00   2.00000000000E+02   1.00000000000E+00
   1.00000000000E+00                   0                  31   1.00000000000E+00
   8.88088200000E+00   1.00000000000E+01   1.20000000000E+01   1.40000000000E+01
   1.60000000000E+01   1.80000000000E+01   2.00000000000E+01   2.20000000000E+01
   2.40000000000E+01   2.60000000000E+01   2.80000000000E+01   3.00000000000E+01
   3.20000000000E+01   3.60000000000E+01   4.00000000000E+01   4.40000000000E+01
   4.80000000000E+01   5.00000000000E+01   5.20000000000E+01   5.60000000000E+01
   6.00000000000E+01   7.00000000000E+01   8.00000000000E+01   9.00000000000E+01
   1.00000000000E+02   1.20000000000E+02   1.40000000000E+02   1.60000000000E+02
   1.80000000000E+02   2.00000000000E+02                  74                  85
                  96                 137                 238                 717
                1478                2338                3275                4460
                5710                7025                8379                9785
               11217               12714               14501               16333
               18195               20072               21964               23886
               25838               28101               30398               33003
               35646               38609               41877               45191
               48528                   2                   3   0.00000000000E+00
   5.00000000000E-07   1.00000000000E-06   0.00000000000E+00   2.00000000000E+06
   0.00000000000E+00   0.00000000000E+00   5.00000000000E-01   1.00000000000E+00
                   2                   3   0.00000000000E+00   5.00000000000E-07
   1.00000000000E-06   0.00000000000E+00   2.00000000000E+06   0.00000000000E+00
   0.00000000000E+00   5.00000000000E-01   1.00000000000E+00                   2
                  13   0.00000000000E+00   2.50000000000E-02   1.00000000000E-01
   2.00000000000E-01   3.00000000000E-01   4.00000000000E-01   5.00000000000E-01
   6.00000000000E-01   7.00000000000E-01   8.00000000000E-01   9.00000000000E-01
   1.00000000000E+00   1.10000000000E+00   0.00000000000E+00   4.03974000000E-05
   3.56192000000E-05   8.95402500000E+00   3.76802000000E-05   3.37999000000E-05
   2.76908000000E-05   1.99357000000E-05   1.21619000000E-05   5.90567000000E-06
   8.45160000000E-07   5.15714000000E-08   2.09157200000E+00   0.00000000000E+00
   5.04967528000E-07   3.35559019000E-06   4.47706362000E-01   8.95409471000E-01
   8.95413045000E-01   8.95416120000E-01   8.95418501000E-01   8.95420106000E-01
   8.95421009000E-01   8.95421347000E-01   8.95421392000E-01   1.00000000000E+00
                   2                  33   0.00000000000E+00   2.50000000000E-02
   1.00000000000E-01   2.00000000000E-01   3.00000000000E-01   4.00000000000E-01
   5.00000000000E-01   6.00000000000E-01   7.00000000000E-01   8.00000000000E-01
   9.00000000000E-01   1.00000000000E+00   1.10000000000E+00   1.20000000000E+00
   1.30000000000E+00   1.40000000000E+00   1.50000000000E+00   1.60000000000E+00
   1.70000000000E+00   1.80000000000E+00   1.90000000000E+00   2.00000000000E+00
   2.10000000000E+00   2.20000000000E+00   2.30000000000E+00   2.40000000000E+00
   2.50000000000E+00   2.60000000000E+00   2.70000000000E+00   2.80000000000E+00
   2.90000000000E+00   3.00000000000E+00   3.10000000000E+00   0.00000000000E+00
   2.27712400000E-01   9.09639100000E-01   7.29104900000E-01   2.76321000000E-04
   2.68026000000E-04   1.09139000000E-01   2.45312000000E-04   2.30805000000E-04
   2.14570000000E-04   1.32915000000E-04   8.94725000000E-05   2.56600900000E+00
   5.27817000000E-05   4.27675000000E-05   3.46921000000E-05   2.79085000000E-05
   2.21792000000E-05   1.73905000000E-05   1.34588000000E-05   1.03196000000E-05
   7.82866000000E-06   5.79985000000E-06   5.07903300000E+00   3.02619000000E-06
   2.05261000000E-06   1.30894000000E-06   7.65370000000E-07   3.89384000000E-07
   1.65038000000E-07   4.91500000000E-08   5.84504000000E-09   1.21044600000E+00
   0.00000000000E+00   2.84640511000E-03   4.54970880000E-02   1.27434291000E-01
   1.63903353000E-01   1.63930571000E-01   1.69400922000E-01   1.74870138000E-01
   1.74893944000E-01   1.74916213000E-01   1.74933587000E-01   1.74944706000E-01
   3.03249635000E-01   4.31552729000E-01   4.31557506000E-01   4.31561379000E-01
   4.31564509000E-01   4.31567014000E-01   4.31568992000E-01   4.31570535000E-01
   4.31571723000E-01   4.31572631000E-01   4.31573312000E-01   6.85525262000E-01
   9.39477073000E-01   9.39477327000E-01   9.39477495000E-01   9.39477599000E-01
   9.39477656000E-01   9.39477684000E-01   9.39477695000E-01   9.39477697000E-01
   1.00000000000E+00                   2                  53   0.00000000000E+00
   2.50000000000E-02   1.00000000000E-01   2.00000000000E-01   3.00000000000E-01
   4.00000000000E-01   5.00000000000E-01   6.00000000000E-01   7.00000000000E-01
   8.00000000000E-01   9.00000000000E-01   1.00000000000E+00   1.10000000000E+00
   1.20000000000E+00   1.30000000000E+00   1.40000000000E+00   1.50000000000E+00
   1.60000000000E+00   1.70000000000E+00   1.80000000000E+00   1.90000000000E+00
   2.00000000000E+00   2.10000000000E+00   2.20000000000E+00   2.30000000000E+00
   2.40000000000E+00   2.50000000000E+00   2.60000000000E+00   2.70000000000E+00
   2.80000000000E+00   2.90000000000E+00   3.00000000000E+00   3.10000000000E+00
   3.20000000000E+00   3.30000000000E+00   3.40000000000E+00   3.50000000000E+00
   3.60000000000E+00   3.70000000000E+00   3.80000000000E+00   3.90000000000E+00
   4.00000000000E+00   4.10000000000E+00   4.20000000000E+00   4.30000000000E+00
   4.40000000000E+00   4.50000000000E+00   4.60000000000E+00   4.70000000000E+00
   4.80000000000E+00   4.90000000000E+00   5.00000000000E+00   5.10000000000E+00
   0.00000000000E+00   3.98588700000E-02   1.58437400000E-01   1.94604000000E-01
   2.18105600000E-01   2.36872400000E-01   2.53620900000E-01   2.69486900000E-01
   2.84865400000E-01   2.43077200000E-01   2.41521000000E-01   2.01314800000E-01
   4.92038500000E-01   1.11687300000E+00   1.01708900000E+00   1.18837500000E+00
   6.97481800000E-01   1.81048900000E-01   1.44489700000E-01   1.36555300000E-01
   7.73674500000E-01   1.04085900000E-01   2.21591100000E-01   4.26151100000E-01
   3.48496000000E-05   2.72211000000E-05   9.26442900000E-02   2.00990000000E-05
   1.68332000000E-05   1.41183000000E-05   1.19115000000E-05   9.85566000000E-06
   4.70967700000E-01   5.49750000000E-06   3.58879000000E-06   2.79037000000E-06
   2.15689000000E-06   1.58481000000E-06   1.13320000000E-06   7.73269000000E-07
   5.34355000000E-07   3.63912000000E-07   2.43341000000E-07   5.69559600000E-01
   1.05135000000E-07   6.56598000000E-08   3.84813000000E-08   2.07948000000E-08
   9.97420000000E-09   3.95341000000E-09   1.10332000000E-09   1.30176000000E-10
   1.30380700000E-01   0.00000000000E+00   4.98235880000E-04   7.93434608000E-03
   2.55864163000E-02   4.62218965000E-02   6.89707967000E-02   9.34954619000E-02
   1.19650852000E-01   1.47368467000E-01   1.73765598000E-01   1.97995508000E-01
   2.20137298000E-01   2.54804964000E-01   3.35250539000E-01   4.41948640000E-01
   5.52221842000E-01   6.46514682000E-01   6.90441218000E-01   7.06718148000E-01
   7.20770398000E-01   7.66281889000E-01   8.10169909000E-01   8.26453759000E-01
   8.58840870000E-01   8.80150167000E-01   8.80153271000E-01   8.84786846000E-01
   8.89420066000E-01   8.89421913000E-01   8.89423460000E-01   8.89424762000E-01
   8.89425850000E-01   9.12974728000E-01   9.36523388000E-01   9.36523842000E-01
   9.36524161000E-01   9.36524409000E-01   9.36524596000E-01   9.36524732000E-01
   9.36524827000E-01   9.36524892000E-01   9.36524937000E-01   9.36524968000E-01
   9.65002960000E-01   9.93480946000E-01   9.93480954000E-01   9.93480959000E-01
   9.93480962000E-01   9.93480964000E-01   9.93480965000E-01   9.93480965000E-01
   9.93480965000E-01   1.00000000000E+00                   0                   0
                   0                   0                   0                   0
                   0                   0                   0                   0
                   0                   0                   0                   0
                   0                   0                   0                   0
                   0                   0                   0                   0
                   0                   0                   0                   0
                   0                   0                   0                   0
                   0                   0                   0                   0
                   0                   0                   0                   0
                   0                   0                   0                   0
                   0                   0                   0                   0
                   0                   0                   0                   0
                   0                   0                   0                   0
                   0                   0                   0                   0
                   0                   0                   0                   0
                   0                   0                   0                   0
                   0                   0                   0                   0
                   0                   0                   0                   0
                   0                   0                   0                   0
                   0                   0                   0                   0
                   0                   0                   0                   0
                   0                   0                   0                   0
                   0                   0                   0                   0
                   0                   0                   0                   0
                   0                   0                   0                   0
                   0                   0                   0                   0
                   0                   0                   0                   0
                   0                   0                   0                   0
                   0                   0                   0                   0
                   0                   0                   0                   0
                   0                   0                   0                   0
                   0                   0                   0                   0
