 22049.00u   48.527380  0.0000E+00   02/26/20
Ace Ti49 IAEA-PD                                                         mat2234
      0         0.      0         0.      0         0.      0         0.
      0         0.      0         0.      0         0.      0         0.
      0         0.      0         0.      0         0.      0         0.
      0         0.      0         0.      0         0.      0         0.
   286079    22049       89        1        7        2       12        0
        0        0        0        0        0        0        0        1
        1       90       90        0      179      268      269      270
      271      362      446        0        0        0        0        0
        0        0        0        0        0        0        0        0
        0        0        0        0        0        0        0        0
   9.99999000000E-01   1.00000000000E+00   1.50000000000E+00   2.00000000000E+00
   2.50000000000E+00   3.00000000000E+00   3.50000000000E+00   4.00000000000E+00
   4.50000000000E+00   5.00000000000E+00   5.50000000000E+00   6.00000000000E+00
   6.50000000000E+00   7.00000000000E+00   7.50000000000E+00   8.00000000000E+00
   8.50000000000E+00   9.00000000000E+00   9.50000000000E+00   1.00000000000E+01
   1.05000000000E+01   1.10000000000E+01   1.15000000000E+01   1.20000000000E+01
   1.25000000000E+01   1.30000000000E+01   1.35000000000E+01   1.40000000000E+01
   1.45000000000E+01   1.50000000000E+01   1.55000000000E+01   1.60000000000E+01
   1.65000000000E+01   1.70000000000E+01   1.75000000000E+01   1.80000000000E+01
   1.85000000000E+01   1.90000000000E+01   1.95000000000E+01   2.00000000000E+01
   2.10000000000E+01   2.20000000000E+01   2.30000000000E+01   2.40000000000E+01
   2.50000000000E+01   2.60000000000E+01   2.70000000000E+01   2.80000000000E+01
   2.90000000000E+01   3.00000000000E+01   3.20000000000E+01   3.40000000000E+01
   3.60000000000E+01   3.80000000000E+01   4.00000000000E+01   4.20000000000E+01
   4.40000000000E+01   4.60000000000E+01   4.80000000000E+01   5.00000000000E+01
   5.20000000000E+01   5.40000000000E+01   5.60000000000E+01   5.80000000000E+01
   6.00000000000E+01   6.20000000000E+01   6.40000000000E+01   6.60000000000E+01
   6.80000000000E+01   7.00000000000E+01   7.20000000000E+01   7.40000000000E+01
   7.60000000000E+01   7.80000000000E+01   8.00000000000E+01   8.50000000000E+01
   9.00000000000E+01   9.50000000000E+01   1.00000000000E+02   1.10000000000E+02
   1.20000000000E+02   1.30000000000E+02   1.40000000000E+02   1.50000000000E+02
   1.60000000000E+02   1.70000000000E+02   1.80000000000E+02   1.90000000000E+02
   2.00000000000E+02   0.00000000000E+00   5.80475900000E-06   1.51809800000E-05
   3.09737500000E-05   5.50313200000E-05   8.95057000000E-05   1.36948600000E-04
   2.00439600000E-04   2.83764200000E-04   3.91668400000E-04   5.30222700000E-04
   7.07331500000E-04   9.33446300000E-04   1.22257000000E-03   1.59365700000E-03
   2.07243900000E-03   2.69320000000E-03   3.49827900000E-03   4.52834400000E-03
   5.78887700000E-03   7.18801900000E-03   8.52216100000E-03   9.64876400000E-03
   1.06883900000E-02   1.19252100000E-02   1.36018400000E-02   1.58765100000E-02
   1.88696500000E-02   2.26986500000E-02   2.74811900000E-02   3.33094300000E-02
   4.01938700000E-02   4.79776500000E-02   5.62411700000E-02   6.42499700000E-02
   7.10254300000E-02   7.55942300000E-02   7.73456000000E-02   7.62726900000E-02
   7.29179600000E-02   6.24813500000E-02   5.13809500000E-02   4.19236500000E-02
   3.44719500000E-02   2.87244900000E-02   2.42814600000E-02   2.08067900000E-02
   1.80496000000E-02   1.58294700000E-02   1.40175300000E-02   1.12728300000E-02
   9.33335400000E-03   7.92801500000E-03   6.89337600000E-03   6.12424400000E-03
   5.54916800000E-03   5.11765600000E-03   4.79305800000E-03   4.54831900000E-03
   4.36325900000E-03   4.22273500000E-03   4.11533000000E-03   4.03242100000E-03
   3.96747400000E-03   3.91554000000E-03   3.87286200000E-03   3.83659200000E-03
   3.80457300000E-03   3.77517600000E-03   3.74717900000E-03   3.71966800000E-03
   3.69197300000E-03   3.66360900000E-03   3.63423300000E-03   3.60361800000E-03
   3.52089600000E-03   3.42910300000E-03   3.32911800000E-03   3.22261300000E-03
   2.99853700000E-03   2.77499700000E-03   2.57020200000E-03   2.40135600000E-03
   2.19240400000E-03   2.01209800000E-03   1.85520700000E-03   1.71767600000E-03
   1.59631600000E-03   1.48858300000E-03   0.00000000000E+00   1.00000000000E+00
   1.06994700000E+00   1.13989400000E+00   1.20984200000E+00   1.27978900000E+00
   1.34973700000E+00   1.41968400000E+00   1.48963200000E+00   1.27745300000E+00
   9.97868100000E-01   6.61060100000E-01   6.40126800000E-01   6.17004700000E-01
   5.91724900000E-01   5.62213100000E-01   3.51217000000E+00   5.80851000000E+00
   6.95271200000E+00   7.89202200000E+00   7.96965100000E+00   7.70133400000E+00
   7.86547300000E+00   8.20457300000E+00   8.24085500000E+00   8.19815300000E+00
   8.22226200000E+00   8.24896100000E+00   8.28611800000E+00   8.31957300000E+00
   8.34174400000E+00   8.35206900000E+00   8.38487800000E+00   8.40740100000E+00
   8.42523800000E+00   8.44134600000E+00   8.50099000000E+00   8.56804000000E+00
   8.62836900000E+00   8.78109100000E+00   1.10731700000E+01   1.35590600000E+01
   1.53847500000E+01   1.67689400000E+01   1.75345200000E+01   1.82561900000E+01
   1.87600200000E+01   1.92240000000E+01   1.95652900000E+01   1.99040600000E+01
   2.09374000000E+01   2.25575900000E+01   2.40449000000E+01   2.55462100000E+01
   2.70891200000E+01   2.82856000000E+01   2.95377200000E+01   3.08692900000E+01
   3.22314700000E+01   3.37611400000E+01   3.52856500000E+01   3.67460400000E+01
   3.81790100000E+01   3.95061700000E+01   4.08404200000E+01   4.22503800000E+01
   4.36467300000E+01   4.49705000000E+01   4.63415100000E+01   4.76277400000E+01
   4.89777100000E+01   5.03167400000E+01   5.16427600000E+01   5.29472500000E+01
   5.42578000000E+01   5.76900100000E+01   6.10417900000E+01   6.44466300000E+01
   6.77929400000E+01   7.46992000000E+01   8.14139100000E+01   8.83355200000E+01
   9.50441300000E+01   1.02095100000E+02   1.08906700000E+02   1.15633500000E+02
   1.25992800000E+02   1.33303000000E+02   1.40507800000E+02                   5
   0.00000000000E+00                   1                   1                  89
   0.00000000000E+00   5.80475900000E-06   1.51809800000E-05   3.09737500000E-05
   5.50313200000E-05   8.95057000000E-05   1.36948600000E-04   2.00439600000E-04
   2.83764200000E-04   3.91668400000E-04   5.30222700000E-04   7.07331500000E-04
   9.33446300000E-04   1.22257000000E-03   1.59365700000E-03   2.07243900000E-03
   2.69320000000E-03   3.49827900000E-03   4.52834400000E-03   5.78887700000E-03
   7.18801900000E-03   8.52216100000E-03   9.64876400000E-03   1.06883900000E-02
   1.19252100000E-02   1.36018400000E-02   1.58765100000E-02   1.88696500000E-02
   2.26986500000E-02   2.74811900000E-02   3.33094300000E-02   4.01938700000E-02
   4.79776500000E-02   5.62411700000E-02   6.42499700000E-02   7.10254300000E-02
   7.55942300000E-02   7.73456000000E-02   7.62726900000E-02   7.29179600000E-02
   6.24813500000E-02   5.13809500000E-02   4.19236500000E-02   3.44719500000E-02
   2.87244900000E-02   2.42814600000E-02   2.08067900000E-02   1.80496000000E-02
   1.58294700000E-02   1.40175300000E-02   1.12728300000E-02   9.33335400000E-03
   7.92801500000E-03   6.89337600000E-03   6.12424400000E-03   5.54916800000E-03
   5.11765600000E-03   4.79305800000E-03   4.54831900000E-03   4.36325900000E-03
   4.22273500000E-03   4.11533000000E-03   4.03242100000E-03   3.96747400000E-03
   3.91554000000E-03   3.87286200000E-03   3.83659200000E-03   3.80457300000E-03
   3.77517600000E-03   3.74717900000E-03   3.71966800000E-03   3.69197300000E-03
   3.66360900000E-03   3.63423300000E-03   3.60361800000E-03   3.52089600000E-03
   3.42910300000E-03   3.32911800000E-03   3.22261300000E-03   2.99853700000E-03
   2.77499700000E-03   2.57020200000E-03   2.40135600000E-03   2.19240400000E-03
   2.01209800000E-03   1.85520700000E-03   1.71767600000E-03   1.59631600000E-03
   1.48858300000E-03                   1                   1                 446
                 522                 598                 599                 600
                 601                 755                 756                 756
                 757                   2                   1               53985
               54076               54167               54168               54169
               54170               54338               54339               54339
               54340                   9                   1               67874
               67944               68014               68015               68016
               68017               68157               68158               68158
               68159                  31                   1              117284
              117342              117400              117401              117402
              117403              117519              117520              117520
              117521                  32                   1              158839
              158890              158941              158942              158943
              158944              159048              159049              159049
              159050                  33                   1              195291
              195343              195395              195396              195397
              195398              195504              195505              195505
              195506                  34                   1              233323
              233395              233467              233468              233469
              233470              233616              233617              233617
              233618                  16                  74   0.00000000000E+00
   6.33408100000E-04   1.57145200000E-03   3.94202700000E-03   5.59883400000E-03
   7.12127000000E-03   8.50794900000E-03   9.63484600000E-03   1.06764500000E-02
   1.19137400000E-02   1.35885600000E-02   1.58480500000E-02   1.87954500000E-02
   2.25350800000E-02   2.71851100000E-02   3.28386600000E-02   3.94995800000E-02
   4.69909200000E-02   5.49181500000E-02   6.25452100000E-02   6.88499000000E-02
   7.29452800000E-02   7.42156100000E-02   7.27301200000E-02   6.99360900000E-02
   6.97022600000E-02   6.78779900000E-02   6.10631000000E-02   5.28971700000E-02
   4.53487600000E-02   3.87904600000E-02   3.34936900000E-02   2.90992000000E-02
   2.54559600000E-02   2.25483000000E-02   1.86028000000E-02   1.63144500000E-02
   1.45743000000E-02   1.31688800000E-02   1.20224600000E-02   1.10518600000E-02
   1.02806100000E-02   9.70940800000E-03   9.34470300000E-03   9.13448700000E-03
   9.02825800000E-03   8.97039900000E-03   8.94508300000E-03   8.91738600000E-03
   8.95218500000E-03   8.97146200000E-03   8.99929100000E-03   9.09226700000E-03
   9.13477400000E-03   9.22718500000E-03   9.26961000000E-03   9.32190300000E-03
   9.37501100000E-03   9.42131300000E-03   9.47377800000E-03   9.54705400000E-03
   9.58254300000E-03   9.56654300000E-03   9.52567000000E-03   9.32293100000E-03
   9.09166200000E-03   8.77871000000E-03   8.58120200000E-03   8.13367400000E-03
   7.77007100000E-03   7.99638600000E-03   7.65452900000E-03   7.33277200000E-03
   7.05008800000E-03                  16                  74   0.00000000000E+00
   4.26361700000E-02   1.95295800000E-01   5.99118000000E-01   9.10783800000E-01
   1.03379500000E+00   1.14336100000E+00   1.24525800000E+00   1.34733600000E+00
   1.46642800000E+00   1.58528800000E+00   1.70277600000E+00   1.81765500000E+00
   1.91102700000E+00   2.00314900000E+00   2.09500000000E+00   2.18666600000E+00
   2.24174500000E+00   2.29719300000E+00   2.35214000000E+00   2.40400500000E+00
   2.43767200000E+00   2.46832200000E+00   2.49702300000E+00   2.55590100000E+00
   2.76779900000E+00   3.03483900000E+00   3.41132600000E+00   3.66273700000E+00
   3.99480900000E+00   4.27148700000E+00   4.58274700000E+00   4.86869500000E+00
   5.13561800000E+00   5.41623900000E+00   5.96482700000E+00   6.59286000000E+00
   7.22260800000E+00   7.89822500000E+00   8.51963900000E+00   9.16749000000E+00
   9.77534000000E+00   1.03422500000E+01   1.09810800000E+01   1.15954200000E+01
   1.22299000000E+01   1.28811700000E+01   1.35287100000E+01   1.41423100000E+01
   1.48280000000E+01   1.54300900000E+01   1.60358000000E+01   1.67571000000E+01
   1.73910500000E+01   1.81302500000E+01   1.87494200000E+01   1.94030200000E+01
   2.00765000000E+01   2.07559900000E+01   2.14720300000E+01   2.30779600000E+01
   2.47437700000E+01   2.63436900000E+01   2.80231300000E+01   3.10959000000E+01
   3.44740000000E+01   3.74755200000E+01   4.08149300000E+01   4.37567700000E+01
   4.69864000000E+01   5.03743800000E+01   4.99417600000E+01   5.26446300000E+01
   5.54793900000E+01                   5                  -1                   1
                   6                   5                   0                  75
   1.00000000000E+00   8.14239500000E+00   8.50000000000E+00   9.00000000000E+00
   9.50000000000E+00   1.00000000000E+01   1.05000000000E+01   1.10000000000E+01
   1.15000000000E+01   1.20000000000E+01   1.25000000000E+01   1.30000000000E+01
   1.35000000000E+01   1.40000000000E+01   1.45000000000E+01   1.50000000000E+01
   1.55000000000E+01   1.60000000000E+01   1.65000000000E+01   1.70000000000E+01
   1.75000000000E+01   1.80000000000E+01   1.85000000000E+01   1.90000000000E+01
   1.95000000000E+01   2.00000000000E+01   2.10000000000E+01   2.20000000000E+01
   2.30000000000E+01   2.40000000000E+01   2.50000000000E+01   2.60000000000E+01
   2.70000000000E+01   2.80000000000E+01   2.90000000000E+01   3.00000000000E+01
   3.20000000000E+01   3.40000000000E+01   3.60000000000E+01   3.80000000000E+01
   4.00000000000E+01   4.20000000000E+01   4.40000000000E+01   4.60000000000E+01
   4.80000000000E+01   5.00000000000E+01   5.20000000000E+01   5.40000000000E+01
   5.60000000000E+01   5.80000000000E+01   6.00000000000E+01   6.20000000000E+01
   6.40000000000E+01   6.60000000000E+01   6.80000000000E+01   7.00000000000E+01
   7.20000000000E+01   7.40000000000E+01   7.60000000000E+01   7.80000000000E+01
   8.00000000000E+01   8.50000000000E+01   9.00000000000E+01   9.50000000000E+01
   1.00000000000E+02   1.10000000000E+02   1.20000000000E+02   1.30000000000E+02
   1.40000000000E+02   1.50000000000E+02   1.60000000000E+02   1.70000000000E+02
   1.80000000000E+02   1.90000000000E+02   2.00000000000E+02   0.00000000000E+00
   0.00000000000E+00   2.35187900000E-01   4.49207200000E-01   8.70522900000E-01
   9.67171000000E-01   9.90713900000E-01   9.98332300000E-01   9.98557500000E-01
   9.98882900000E-01   9.99038200000E-01   9.99023700000E-01   9.98207400000E-01
   9.96067800000E-01   9.92793800000E-01   9.89226100000E-01   9.85866800000E-01
   9.82726500000E-01   9.79433500000E-01   9.76476000000E-01   9.73466800000E-01
   9.69369700000E-01   9.64958300000E-01   9.59532400000E-01   9.53553900000E-01
   9.59106500000E-01   1.11556900000E+00   1.32107300000E+00   1.45653100000E+00
   1.53449900000E+00   1.57874900000E+00   1.59753400000E+00   1.60974800000E+00
   1.61218000000E+00   1.60813700000E+00   1.60857900000E+00   1.65023300000E+00
   1.74797300000E+00   1.83832900000E+00   1.91036700000E+00   1.96309300000E+00
   1.99162500000E+00   2.00885100000E+00   2.02572300000E+00   2.05454000000E+00
   2.09350100000E+00   2.13801200000E+00   2.17975200000E+00   2.21829100000E+00
   2.24762300000E+00   2.28632200000E+00   2.31649400000E+00   2.34564700000E+00
   2.38982600000E+00   2.41969500000E+00   2.46243500000E+00   2.49205300000E+00
   2.52491100000E+00   2.55895500000E+00   2.59238000000E+00   2.62896300000E+00
   2.71154100000E+00   2.79447500000E+00   2.87359700000E+00   2.95588400000E+00
   3.10916000000E+00   3.27627800000E+00   3.41557200000E+00   3.57348200000E+00
   3.70993400000E+00   3.86167600000E+00   4.31023900000E+00   4.45632900000E+00
   4.59355900000E+00   4.73610700000E+00                   0                   1
                   0                   4                  10                   0
                   2   1.00000000000E+00   2.00000000000E+02   1.00000000000E+00
   1.00000000000E+00                   0                  31   1.00000000000E+00
   8.14239500000E+00   1.00000000000E+01   1.20000000000E+01   1.40000000000E+01
   1.60000000000E+01   1.80000000000E+01   2.00000000000E+01   2.20000000000E+01
   2.40000000000E+01   2.60000000000E+01   2.80000000000E+01   3.00000000000E+01
   3.20000000000E+01   3.60000000000E+01   4.00000000000E+01   4.40000000000E+01
   4.80000000000E+01   5.00000000000E+01   5.20000000000E+01   5.60000000000E+01
   6.00000000000E+01   7.00000000000E+01   8.00000000000E+01   9.00000000000E+01
   1.00000000000E+02   1.20000000000E+02   1.40000000000E+02   1.60000000000E+02
   1.80000000000E+02   2.00000000000E+02                  74                  85
                  96                 158                 529                1080
                1918                2844                3847                5097
                6412                7779                9185               10630
               12114               13650               15467               17329
               19236               21158               23095               25047
               27029               29326               31657               34281
               36943               39927               43218               46532
               49869                   2                   3   0.00000000000E+00
   5.00000000000E-07   1.00000000000E-06   0.00000000000E+00   2.00000000000E+06
   0.00000000000E+00   0.00000000000E+00   5.00000000000E-01   1.00000000000E+00
                   2                   3   0.00000000000E+00   5.00000000000E-07
   1.00000000000E-06   0.00000000000E+00   2.00000000000E+06   0.00000000000E+00
   0.00000000000E+00   5.00000000000E-01   1.00000000000E+00                   2
                  20   0.00000000000E+00   1.00000000000E-01   2.00000000000E-01
   3.00000000000E-01   4.00000000000E-01   5.00000000000E-01   6.00000000000E-01
   7.00000000000E-01   8.00000000000E-01   9.00000000000E-01   1.00000000000E+00
   1.10000000000E+00   1.20000000000E+00   1.30000000000E+00   1.40000000000E+00
   1.50000000000E+00   1.60000000000E+00   1.70000000000E+00   1.80000000000E+00
   1.90000000000E+00   0.00000000000E+00   1.22210000000E-04   1.45007000000E-04
   1.32319000000E-04   1.21838000000E-04   1.13773000000E-04   1.08671000000E-04
   1.06918000000E-04   1.06520000000E-04   9.58147500000E+00   9.59960000000E-05
   3.73808000000E-05   1.17658000000E-05   4.74913000000E-06   2.16119000000E-06
   9.68602000000E-07   3.78914000000E-07   1.07482000000E-07   1.30867000000E-08
   8.34827500000E-01   0.00000000000E+00   6.11050029000E-06   1.94713509000E-05
   3.33376516000E-05   4.60455022000E-05   5.78260527000E-05   6.89482533000E-05
   7.97277038000E-05   9.03996043000E-05   4.79169498000E-01   9.58248071000E-01
   9.58254740000E-01   9.58257197000E-01   9.58258023000E-01   9.58258368000E-01
   9.58258525000E-01   9.58258592000E-01   9.58258616000E-01   9.58258622000E-01
   1.00000000000E+00                   2                  41   0.00000000000E+00
   2.50000000000E-02   1.00000000000E-01   2.00000000000E-01   3.00000000000E-01
   4.00000000000E-01   5.00000000000E-01   6.00000000000E-01   7.00000000000E-01
   8.00000000000E-01   9.00000000000E-01   1.00000000000E+00   1.10000000000E+00
   1.20000000000E+00   1.30000000000E+00   1.40000000000E+00   1.50000000000E+00
   1.60000000000E+00   1.70000000000E+00   1.80000000000E+00   1.90000000000E+00
   2.00000000000E+00   2.10000000000E+00   2.20000000000E+00   2.30000000000E+00
   2.40000000000E+00   2.50000000000E+00   2.60000000000E+00   2.70000000000E+00
   2.80000000000E+00   2.90000000000E+00   3.00000000000E+00   3.10000000000E+00
   3.20000000000E+00   3.30000000000E+00   3.40000000000E+00   3.50000000000E+00
   3.60000000000E+00   3.70000000000E+00   3.80000000000E+00   3.90000000000E+00
   0.00000000000E+00   1.70112300000E-01   6.80444900000E-01   2.92932300000E-01
   5.73438000000E-02   1.27750000000E-04   7.94585400000E-01   1.67183700000E+00
   1.31960000000E-04   3.91574100000E-01   2.51649100000E-02   1.18076000000E-04
   6.97884900000E-05   5.46652900000E-05   4.64233900000E-05   2.34232300000E+00
   2.39867000000E-05   2.02735500000E+00   1.37001000000E-05   1.14452000000E-05
   9.54055900000E-06   7.91513900000E-06   6.53104900000E-06   5.32874900000E-06
   4.32848900000E-06   3.33067000000E-06   2.47097000000E-06   1.45772000000E-06
   1.08841000000E-06   8.26491900000E-07   1.60060400000E+00   4.58791900000E-07
   3.24688000000E-07   2.07556000000E-07   1.27175000000E-07   7.02281900000E-08
   3.12647000000E-08   1.27263000000E-08   3.62826000000E-09   4.12072000000E-10
   2.30388400000E-01   0.00000000000E+00   2.12640350000E-03   3.40222984000E-02
   8.26911576000E-02   1.00204961000E-01   1.03078539000E-01   1.42814196000E-01
   2.66135307000E-01   3.49733745000E-01   3.69319045000E-01   3.90155993000E-01
   3.91420143000E-01   3.91429536000E-01   3.91435758000E-01   3.91440813000E-01
   5.08559270000E-01   6.25676605000E-01   7.27045543000E-01   8.28413966000E-01
   8.28415223000E-01   8.28416272000E-01   8.28417145000E-01   8.28417867000E-01
   8.28418460000E-01   8.28418943000E-01   8.28419326000E-01   8.28419616000E-01
   8.28419812000E-01   8.28419940000E-01   8.28420036000E-01   9.08450267000E-01
   9.88480481000E-01   9.88480520000E-01   9.88480546000E-01   9.88480563000E-01
   9.88480573000E-01   9.88480578000E-01   9.88480580000E-01   9.88480581000E-01
   9.88480581000E-01   1.00000000000E+00                   0                   0
                   0                   0                   0                   0
                   0                   0                   0                   0
                   0                   0                   0                   0
                   0                   0                   0                   0
                   0                   0                   0                   0
                   0                   0                   0                   0
                   0                   0                   0                   0
                   0                   0                   0                   0
                   0                   0                   0                   0
                   0                   0                   0                   0
                   0                   0                   0                   0
                   0                   0                   0                   0
                   0                   0                   0                   0
                   0                   0                   0                   0
                   0                   0                   0                   0
                   0                   0                   0                   0
                   0                   0                   0                   0
                   0                   0                   0                   0
                   0                   0                   0                   0
                   0                   0                   0                   0
                   0                   0                   0                   0
                   0                   0                   0                   0
                   0                   0                   0                   0
                   0                   0                   0                   0
                   0                   0                   0                   0
                   0                   0                   0                   0
                   0                   0                   0                   0
                   0                   0                   0                   0
                   0                   0                   0                   0
                   0                   0                   0                   0
                   0                   0                   0                   0
                   0                   0                   0                   0
                   0                   0
