 22050.00u   49.515740  0.0000E+00   06/19/20
Ace Ti50 IAEA-PD                                                         mat2237
      0         0.      0         0.      0         0.      0         0.
      0         0.      0         0.      0         0.      0         0.
      0         0.      0         0.      0         0.      0         0.
      0         0.      0         0.      0         0.      0         0.
   269565    22050       89        1        7        2       12        0
        0        0        0        0        0        0        0        1
        1       90       90        0      179      268      269      270
      271      362      446        0        0        0        0        0
        0        0        0        0        0        0        0        0
        0        0        0        0        0        0        0        0
   9.99999000000E-01   1.00000000000E+00   1.50000000000E+00   2.00000000000E+00
   2.50000000000E+00   3.00000000000E+00   3.50000000000E+00   4.00000000000E+00
   4.50000000000E+00   5.00000000000E+00   5.50000000000E+00   6.00000000000E+00
   6.50000000000E+00   7.00000000000E+00   7.50000000000E+00   8.00000000000E+00
   8.50000000000E+00   9.00000000000E+00   9.50000000000E+00   1.00000000000E+01
   1.05000000000E+01   1.10000000000E+01   1.15000000000E+01   1.20000000000E+01
   1.25000000000E+01   1.30000000000E+01   1.35000000000E+01   1.40000000000E+01
   1.45000000000E+01   1.50000000000E+01   1.55000000000E+01   1.60000000000E+01
   1.65000000000E+01   1.70000000000E+01   1.75000000000E+01   1.80000000000E+01
   1.85000000000E+01   1.90000000000E+01   1.95000000000E+01   2.00000000000E+01
   2.10000000000E+01   2.20000000000E+01   2.30000000000E+01   2.40000000000E+01
   2.50000000000E+01   2.60000000000E+01   2.70000000000E+01   2.80000000000E+01
   2.90000000000E+01   3.00000000000E+01   3.20000000000E+01   3.40000000000E+01
   3.60000000000E+01   3.80000000000E+01   4.00000000000E+01   4.20000000000E+01
   4.40000000000E+01   4.60000000000E+01   4.80000000000E+01   5.00000000000E+01
   5.20000000000E+01   5.40000000000E+01   5.60000000000E+01   5.80000000000E+01
   6.00000000000E+01   6.20000000000E+01   6.40000000000E+01   6.60000000000E+01
   6.80000000000E+01   7.00000000000E+01   7.20000000000E+01   7.40000000000E+01
   7.60000000000E+01   7.80000000000E+01   8.00000000000E+01   8.50000000000E+01
   9.00000000000E+01   9.50000000000E+01   1.00000000000E+02   1.10000000000E+02
   1.20000000000E+02   1.30000000000E+02   1.40000000000E+02   1.50000000000E+02
   1.60000000000E+02   1.70000000000E+02   1.80000000000E+02   1.90000000000E+02
   2.00000000000E+02   0.00000000000E+00   3.30514100000E-06   8.57967200000E-06
   1.74109600000E-05   3.08159500000E-05   4.99914000000E-05   7.63720100000E-05
   1.11708800000E-04   1.58180600000E-04   2.18557200000E-04   2.96435000000E-04
   3.96562900000E-04   5.25287800000E-04   6.91168400000E-04   9.05817900000E-04
   1.18498400000E-03   1.54956200000E-03   2.02514300000E-03   2.63590600000E-03
   3.38485300000E-03   4.22137600000E-03   5.04618700000E-03   5.81849700000E-03
   6.64848000000E-03   7.72767800000E-03   9.23730200000E-03   1.13490800000E-02
   1.42674300000E-02   1.82664600000E-02   2.37079900000E-02   3.10140900000E-02
   4.05172900000E-02   5.20473700000E-02   6.42005500000E-02   7.38936900000E-02
   7.76790400000E-02   7.46009400000E-02   6.69605300000E-02   5.80172500000E-02
   5.01030300000E-02   4.32752700000E-02   3.70527600000E-02   2.26644800000E-02
   1.66299700000E-02   1.32223300000E-02   1.09679100000E-02   9.36232300000E-03
   8.16848800000E-03   7.25476000000E-03   6.54073200000E-03   5.51938000000E-03
   4.85180900000E-03   4.40672200000E-03   4.10844100000E-03   3.90992900000E-03
   3.78032100000E-03   3.69858400000E-03   3.65001900000E-03   3.62418400000E-03
   3.61357900000E-03   3.61278400000E-03   3.61787400000E-03   3.62600100000E-03
   3.63511000000E-03   3.64372400000E-03   3.65079800000E-03   3.65560600000E-03
   3.65765700000E-03   3.65664200000E-03   3.65238100000E-03   3.64479900000E-03
   3.63389100000E-03   3.61971000000E-03   3.60235300000E-03   3.58194400000E-03
   3.51858800000E-03   3.43981900000E-03   3.34859100000E-03   3.24792200000E-03
   3.03003400000E-03   2.80857500000E-03   2.60394700000E-03   2.43459000000E-03
   2.22372000000E-03   2.04149600000E-03   1.88277000000E-03   1.74352100000E-03
   1.62057000000E-03   1.51137600000E-03   0.00000000000E+00   1.00000000000E+00
   9.73107500000E-01   9.46215600000E-01   9.19323700000E-01   8.92431800000E-01
   8.65539900000E-01   8.38648000000E-01   8.11756100000E-01   7.84864200000E-01
   7.57972400000E-01   7.31080500000E-01   8.77979100000E-01   9.85378600000E-01
   1.06589000000E+00   1.13101800000E+00   1.19042500000E+00   1.24712900000E+00
   1.29510300000E+00   1.31120200000E+00   1.42785000000E+00   3.75250100000E+00
   9.98339800000E+00   1.07159200000E+01   9.14769700000E+00   8.80265800000E+00
   9.93649800000E+00   1.10096400000E+01   1.09523300000E+01   1.09935100000E+01
   1.09741800000E+01   1.09882500000E+01   1.10191600000E+01   1.10377700000E+01
   1.10287600000E+01   1.09866400000E+01   1.10920800000E+01   1.11964200000E+01
   1.17816800000E+01   1.25096800000E+01   1.46207600000E+01   1.60222200000E+01
   1.68393800000E+01   1.74138200000E+01   1.76351000000E+01   1.79461600000E+01
   1.81768100000E+01   1.84450000000E+01   1.86583100000E+01   1.88752900000E+01
   1.94918200000E+01   2.14745900000E+01   2.35578500000E+01   2.52510100000E+01
   2.68638800000E+01   2.81247100000E+01   2.93591600000E+01   3.06607100000E+01
   3.19148400000E+01   3.32763800000E+01   3.46202600000E+01   3.59249800000E+01
   3.72452800000E+01   3.85422400000E+01   3.98602500000E+01   4.12385000000E+01
   4.26297100000E+01   4.39987500000E+01   4.52913800000E+01   4.66256500000E+01
   4.79417600000E+01   4.92697700000E+01   5.05818800000E+01   5.19026500000E+01
   5.31981300000E+01   5.64551000000E+01   5.96837200000E+01   6.29987600000E+01
   6.62803600000E+01   7.30367700000E+01   7.96392000000E+01   8.64115600000E+01
   9.31807500000E+01   1.00110200000E+02   1.06935400000E+02   1.16886600000E+02
   1.24479300000E+02   1.31724400000E+02   1.38898500000E+02                   5
   0.00000000000E+00                   1                   1                  89
   0.00000000000E+00   3.30514100000E-06   8.57967200000E-06   1.74109600000E-05
   3.08159500000E-05   4.99914000000E-05   7.63720100000E-05   1.11708800000E-04
   1.58180600000E-04   2.18557200000E-04   2.96435000000E-04   3.96562900000E-04
   5.25287800000E-04   6.91168400000E-04   9.05817900000E-04   1.18498400000E-03
   1.54956200000E-03   2.02514300000E-03   2.63590600000E-03   3.38485300000E-03
   4.22137600000E-03   5.04618700000E-03   5.81849700000E-03   6.64848000000E-03
   7.72767800000E-03   9.23730200000E-03   1.13490800000E-02   1.42674300000E-02
   1.82664600000E-02   2.37079900000E-02   3.10140900000E-02   4.05172900000E-02
   5.20473700000E-02   6.42005500000E-02   7.38936900000E-02   7.76790400000E-02
   7.46009400000E-02   6.69605300000E-02   5.80172500000E-02   5.01030300000E-02
   4.32752700000E-02   3.70527600000E-02   2.26644800000E-02   1.66299700000E-02
   1.32223300000E-02   1.09679100000E-02   9.36232300000E-03   8.16848800000E-03
   7.25476000000E-03   6.54073200000E-03   5.51938000000E-03   4.85180900000E-03
   4.40672200000E-03   4.10844100000E-03   3.90992900000E-03   3.78032100000E-03
   3.69858400000E-03   3.65001900000E-03   3.62418400000E-03   3.61357900000E-03
   3.61278400000E-03   3.61787400000E-03   3.62600100000E-03   3.63511000000E-03
   3.64372400000E-03   3.65079800000E-03   3.65560600000E-03   3.65765700000E-03
   3.65664200000E-03   3.65238100000E-03   3.64479900000E-03   3.63389100000E-03
   3.61971000000E-03   3.60235300000E-03   3.58194400000E-03   3.51858800000E-03
   3.43981900000E-03   3.34859100000E-03   3.24792200000E-03   3.03003400000E-03
   2.80857500000E-03   2.60394700000E-03   2.43459000000E-03   2.22372000000E-03
   2.04149600000E-03   1.88277000000E-03   1.74352100000E-03   1.62057000000E-03
   1.51137600000E-03                   1                   1                 446
                 517                 588                 589                 590
                 591                 733                 734                 734
                 735                   2                   1               49030
               49121               49212               49213               49214
               49215               49377               49378               49378
               49379                   9                   1               62913
               62981               63049               63050               63051
               63052               63190               63191               63191
               63192                  31                   1              110554
              110606              110658              110659              110660
              110661              110767              110768              110768
              110769                  32                   1              148611
              148661              148711              148712              148713
              148714              148816              148817              148817
              148818                  33                   1              184439
              184487              184535              184536              184537
              184538              184636              184637              184637
              184638                  34                   1              218471
              218542              218613              218614              218615
              218616              218758              218759              218759
              218760                  21                  69   0.00000000000E+00
   4.95095200000E-04   5.26474000000E-03   6.52703500000E-03   7.70867700000E-03
   9.23094600000E-03   1.13422700000E-02   1.42587100000E-02   1.82520200000E-02
   2.36731700000E-02   3.09322900000E-02   4.03472300000E-02   5.17298100000E-02
   6.37037300000E-02   7.32437500000E-02   7.69321300000E-02   7.38414800000E-02
   6.62526900000E-02   6.23313500000E-02   5.87682000000E-02   6.13258600000E-02
   5.89790600000E-02   3.83673600000E-02   2.89255900000E-02   2.33056900000E-02
   1.94348600000E-02   1.66086900000E-02   1.44889200000E-02   1.28514900000E-02
   1.15375000000E-02   9.68314500000E-03   8.86915100000E-03   8.60353900000E-03
   8.36179100000E-03   8.17595500000E-03   8.03314100000E-03   7.96692400000E-03
   8.01629600000E-03   8.17294800000E-03   8.33775900000E-03   8.51417600000E-03
   8.68882000000E-03   8.85070900000E-03   9.00762100000E-03   9.15268500000E-03
   9.31115600000E-03   9.48507700000E-03   9.64130200000E-03   9.79319300000E-03
   9.91812800000E-03   1.00570800000E-02   1.01566200000E-02   1.02797600000E-02
   1.03492300000E-02   1.04424400000E-02   1.05916800000E-02   1.06731100000E-02
   1.06868900000E-02   1.06657700000E-02   1.04680000000E-02   1.01565200000E-02
   9.87076600000E-03   9.61111100000E-03   9.11323200000E-03   8.69545400000E-03
   8.28513700000E-03   8.37018200000E-03   8.00765800000E-03   7.67111000000E-03
                  21                  69   0.00000000000E+00   6.18649500000E-03
   5.26166300000E-01   1.07987200000E+00   1.17486900000E+00   1.25470100000E+00
   1.33256600000E+00   1.41030400000E+00   1.54540000000E+00   1.67960900000E+00
   1.81274200000E+00   1.94479500000E+00   1.95382500000E+00   1.96333400000E+00
   1.97395700000E+00   1.98502800000E+00   1.94706400000E+00   1.90947900000E+00
   2.03340700000E+00   2.17635600000E+00   2.66646700000E+00   3.03673200000E+00
   3.48536000000E+00   3.84396200000E+00   4.13911800000E+00   4.40623300000E+00
   4.75847800000E+00   5.10503500000E+00   5.41854900000E+00   5.71436000000E+00
   6.27286300000E+00   6.76073300000E+00   7.46058500000E+00   8.17925900000E+00
   8.81641300000E+00   9.46793600000E+00   1.01128900000E+01   1.07195100000E+01
   1.14264000000E+01   1.20864700000E+01   1.27500900000E+01   1.34559900000E+01
   1.41462200000E+01   1.48217900000E+01   1.54920600000E+01   1.61409000000E+01
   1.68390400000E+01   1.75317200000E+01   1.82446000000E+01   1.89366700000E+01
   1.96403800000E+01   2.02979200000E+01   2.10346100000E+01   2.16936600000E+01
   2.24347600000E+01   2.41680400000E+01   2.59452900000E+01   2.76072200000E+01
   2.93540000000E+01   3.26682600000E+01   3.60658700000E+01   3.93538300000E+01
   4.25965200000E+01   4.56596400000E+01   4.89514800000E+01   4.88395600000E+01
   5.13897300000E+01   5.41765900000E+01   5.69667500000E+01                   5
                  -1                   1                   6                   5
                   0                  69   1.00000000000E+00   1.09391900000E+01
   1.15000000000E+01   1.20000000000E+01   1.25000000000E+01   1.30000000000E+01
   1.35000000000E+01   1.40000000000E+01   1.45000000000E+01   1.50000000000E+01
   1.55000000000E+01   1.60000000000E+01   1.65000000000E+01   1.70000000000E+01
   1.75000000000E+01   1.80000000000E+01   1.85000000000E+01   1.90000000000E+01
   1.95000000000E+01   2.00000000000E+01   2.10000000000E+01   2.20000000000E+01
   2.30000000000E+01   2.40000000000E+01   2.50000000000E+01   2.60000000000E+01
   2.70000000000E+01   2.80000000000E+01   2.90000000000E+01   3.00000000000E+01
   3.20000000000E+01   3.40000000000E+01   3.60000000000E+01   3.80000000000E+01
   4.00000000000E+01   4.20000000000E+01   4.40000000000E+01   4.60000000000E+01
   4.80000000000E+01   5.00000000000E+01   5.20000000000E+01   5.40000000000E+01
   5.60000000000E+01   5.80000000000E+01   6.00000000000E+01   6.20000000000E+01
   6.40000000000E+01   6.60000000000E+01   6.80000000000E+01   7.00000000000E+01
   7.20000000000E+01   7.40000000000E+01   7.60000000000E+01   7.80000000000E+01
   8.00000000000E+01   8.50000000000E+01   9.00000000000E+01   9.50000000000E+01
   1.00000000000E+02   1.10000000000E+02   1.20000000000E+02   1.30000000000E+02
   1.40000000000E+02   1.50000000000E+02   1.60000000000E+02   1.70000000000E+02
   1.80000000000E+02   1.90000000000E+02   2.00000000000E+02   0.00000000000E+00
   0.00000000000E+00   9.04828200000E-01   9.81733400000E-01   9.97541200000E-01
   9.99311900000E-01   9.99400000000E-01   9.99388800000E-01   9.99209500000E-01
   9.98531300000E-01   9.97362500000E-01   9.95802800000E-01   9.93898600000E-01
   9.92261400000E-01   9.91204400000E-01   9.90384700000E-01   9.89819700000E-01
   9.89429000000E-01   1.07435900000E+00   1.17294700000E+00   1.41711100000E+00
   1.59175900000E+00   1.69284100000E+00   1.73936500000E+00   1.76260100000E+00
   1.77197500000E+00   1.77399200000E+00   1.77375800000E+00   1.77145600000E+00
   1.76394600000E+00   1.75439000000E+00   1.82800900000E+00   1.95236700000E+00
   2.03527100000E+00   2.09107500000E+00   2.12498900000E+00   2.15404700000E+00
   2.19623400000E+00   2.25511400000E+00   2.30734100000E+00   2.35668000000E+00
   2.40163700000E+00   2.44090100000E+00   2.47795000000E+00   2.51190400000E+00
   2.55044400000E+00   2.59466600000E+00   2.63592300000E+00   2.67819300000E+00
   2.71552400000E+00   2.75929600000E+00   2.79497100000E+00   2.83994000000E+00
   2.87290800000E+00   2.91530000000E+00   3.01020800000E+00   3.10281200000E+00
   3.19145900000E+00   3.28387500000E+00   3.45474700000E+00   3.61625400000E+00
   3.79069400000E+00   3.94773300000E+00   4.09819200000E+00   4.25935400000E+00
   4.40050400000E+00   4.80073500000E+00   4.94126000000E+00   5.07558000000E+00
                   0                   1                   0                   4
                  10                   0                   2   1.00000000000E+00
   2.00000000000E+02   1.00000000000E+00   1.00000000000E+00                   0
                  30   1.00000000000E+00   1.09391900000E+01   1.20000000000E+01
   1.40000000000E+01   1.60000000000E+01   1.80000000000E+01   2.00000000000E+01
   2.20000000000E+01   2.40000000000E+01   2.60000000000E+01   2.80000000000E+01
   3.00000000000E+01   3.20000000000E+01   3.60000000000E+01   4.00000000000E+01
   4.40000000000E+01   4.80000000000E+01   5.00000000000E+01   5.20000000000E+01
   5.60000000000E+01   6.00000000000E+01   7.00000000000E+01   8.00000000000E+01
   9.00000000000E+01   1.00000000000E+02   1.20000000000E+02   1.40000000000E+02
   1.60000000000E+02   1.80000000000E+02   2.00000000000E+02                  72
                  83                  94                 132                 497
                1038                1711                2483                3332
                4426                5585                6796                8059
                9374               10754               12199               13926
               15698               17485               19287               21134
               23011               25206               27435               29715
               32301               35201               38423               41691
               44982                   2                   3   0.00000000000E+00
   5.00000000000E-07   1.00000000000E-06   0.00000000000E+00   2.00000000000E+06
   0.00000000000E+00   0.00000000000E+00   5.00000000000E-01   1.00000000000E+00
                   2                   3   0.00000000000E+00   5.00000000000E-07
   1.00000000000E-06   0.00000000000E+00   2.00000000000E+06   0.00000000000E+00
   0.00000000000E+00   5.00000000000E-01   1.00000000000E+00                   2
                  12   0.00000000000E+00   1.00000000000E-01   2.00000000000E-01
   3.00000000000E-01   4.00000000000E-01   5.00000000000E-01   6.00000000000E-01
   7.00000000000E-01   8.00000000000E-01   9.00000000000E-01   1.00000000000E+00
   1.10000000000E+00   0.00000000000E+00   1.07783000000E-04   1.07602000000E-04
   8.39359800000E-05   6.05732900000E-05   4.06418900000E-05   2.49030000000E-05
   1.34353000000E-05   5.94045900000E-06   1.83456000000E-06   2.37809000000E-07
   1.99991100000E+01   0.00000000000E+00   5.38914898000E-06   1.61583970000E-05
   2.57352951000E-05   3.29607588000E-05   3.80215178000E-05   4.12987622000E-05
   4.32156768000E-05   4.41844647000E-05   4.45732156000E-05   4.46768340000E-05
   1.00000000000E+00                   2                  33   0.00000000000E+00
   2.50000000000E-02   1.00000000000E-01   2.00000000000E-01   3.00000000000E-01
   4.00000000000E-01   5.00000000000E-01   6.00000000000E-01   7.00000000000E-01
   8.00000000000E-01   9.00000000000E-01   1.00000000000E+00   1.10000000000E+00
   1.20000000000E+00   1.30000000000E+00   1.40000000000E+00   1.50000000000E+00
   1.60000000000E+00   1.70000000000E+00   1.80000000000E+00   1.90000000000E+00
   2.00000000000E+00   2.10000000000E+00   2.20000000000E+00   2.30000000000E+00
   2.40000000000E+00   2.50000000000E+00   2.60000000000E+00   2.70000000000E+00
   2.80000000000E+00   2.90000000000E+00   3.00000000000E+00   3.10000000000E+00
   0.00000000000E+00   1.62085000000E-03   6.48084900000E-03   1.83613000000E-05
   3.02236000000E-01   3.34094600000E-01   8.85102100000E-02   5.61724100000E-01
   1.60366000000E-05   3.74738700000E-01   1.34553000000E-05   1.21505000000E-05
   1.08969000000E-05   9.69024000000E-06   2.38040800000E+00   1.05614600000E+00
   2.09109600000E+00   3.13225000000E-06   2.28432100000E+00   1.33568000000E-06
   8.60591000000E-07   5.86379000000E-07   4.06961000000E-07   2.81581000000E-07
   1.91005000000E-07   1.21548000000E-07   7.44029000000E-08   3.93867000000E-08
   1.89759000000E-08   6.45961000000E-09   1.73328000000E-09   2.11133000000E-10
   1.04031300000E+00   0.00000000000E+00   2.02606252000E-05   3.24074340000E-04
   6.49034857000E-04   1.57617530000E-02   4.75782833000E-02   6.87085239000E-02
   1.01220240000E-01   1.29307247000E-01   1.48044984000E-01   1.66782592000E-01
   1.66783872000E-01   1.66785024000E-01   1.66786054000E-01   2.85806939000E-01
   4.57634640000E-01   6.14996741000E-01   7.19551699000E-01   8.33767906000E-01
   9.47984024000E-01   9.47984134000E-01   9.47984206000E-01   9.47984256000E-01
   9.47984290000E-01   9.47984314000E-01   9.47984329000E-01   9.47984339000E-01
   9.47984345000E-01   9.47984348000E-01   9.47984349000E-01   9.47984350000E-01
   9.47984350000E-01   1.00000000000E+00                   0                   0
                   0                   0                   0                   0
                   0                   0                   0                   0
                   0                   0                   0                   0
                   0                   0                   0                   0
                   0                   0                   0                   0
                   0                   0                   0                   0
                   0                   0                   0                   0
                   0                   0                   0                   0
                   0                   0                   0                   0
                   0                   0                   0                   0
                   0                   0                   0                   0
                   0                   0                   0                   0
                   0                   0                   0                   0
                   0                   0                   0                   0
                   0                   0                   0                   0
                   0                   0                   0                   0
                   0                   0                   0                   0
                   0                   0                   0                   0
                   0                   0                   0                   0
                   0                   0                   0                   0
                   0                   0                   0                   0
                   0                   0                   0                   0
                   0                   0                   0                   0
                   0                   0                   0                   0
                   0                   0                   0                   0
                   0                   0                   0                   0
                   0                   0                   0                   0
                   0                   0                   0                   0
                   0                   0                   0                   0
                   0                   0                   0                   0
                   0                   0                   0                   0
                   0                   0                   0                   0
