 92233.00u  231.037700  0.0000E+00   06/19/20
Ace U233 IAEA-PD                                                         mat9222
      0         0.      0         0.      0         0.      0         0.
      0         0.      0         0.      0         0.      0         0.
      0         0.      0         0.      0         0.      0         0.
      0         0.      0         0.      0         0.      0         0.
   475607    92233       91        2        7        2       12        0
        0        0        0        0        0        0        0        1
        1       92       92        0      183      274      276      278
      280      463      547        0        0        0        0        0
        0        0        0        0        0        0        0        0
        0        0        0        0        0        0        0        0
   9.99999000000E-01   1.00000000000E+00   1.50000000000E+00   2.00000000000E+00
   2.50000000000E+00   3.00000000000E+00   3.50000000000E+00   4.00000000000E+00
   4.50000000000E+00   5.00000000000E+00   5.25000000000E+00   5.50000000000E+00
   5.75000000000E+00   6.00000000000E+00   6.50000000000E+00   7.00000000000E+00
   7.50000000000E+00   8.00000000000E+00   8.50000000000E+00   9.00000000000E+00
   9.50000000000E+00   1.00000000000E+01   1.05000000000E+01   1.10000000000E+01
   1.15000000000E+01   1.20000000000E+01   1.25000000000E+01   1.30000000000E+01
   1.35000000000E+01   1.40000000000E+01   1.45000000000E+01   1.50000000000E+01
   1.55000000000E+01   1.60000000000E+01   1.65000000000E+01   1.70000000000E+01
   1.75000000000E+01   1.80000000000E+01   1.85000000000E+01   1.90000000000E+01
   1.95000000000E+01   2.00000000000E+01   2.10000000000E+01   2.20000000000E+01
   2.30000000000E+01   2.40000000000E+01   2.50000000000E+01   2.60000000000E+01
   2.70000000000E+01   2.80000000000E+01   2.90000000000E+01   3.00000000000E+01
   3.20000000000E+01   3.40000000000E+01   3.60000000000E+01   3.80000000000E+01
   4.00000000000E+01   4.20000000000E+01   4.40000000000E+01   4.60000000000E+01
   4.80000000000E+01   5.00000000000E+01   5.20000000000E+01   5.40000000000E+01
   5.60000000000E+01   5.80000000000E+01   6.00000000000E+01   6.20000000000E+01
   6.40000000000E+01   6.60000000000E+01   6.80000000000E+01   7.00000000000E+01
   7.20000000000E+01   7.40000000000E+01   7.60000000000E+01   7.80000000000E+01
   8.00000000000E+01   8.50000000000E+01   9.00000000000E+01   9.50000000000E+01
   1.00000000000E+02   1.10000000000E+02   1.20000000000E+02   1.30000000000E+02
   1.40000000000E+02   1.50000000000E+02   1.60000000000E+02   1.70000000000E+02
   1.80000000000E+02   1.90000000000E+02   2.00000000000E+02   0.00000000000E+00
   6.35443500000E-05   1.78924200000E-04   3.88545100000E-04   7.30701100000E-04
   1.25562400000E-03   2.03078700076E-03   3.14753630743E-03   4.72691505540E-03
   6.91698997000E-03   8.28910890000E-03   9.86813900000E-03   1.16677400000E-02
   1.37044100000E-02   1.86875400000E-02   2.83610100000E-02   3.50572500000E-02
   4.58971000000E-02   6.48749200000E-02   9.46495000000E-02   1.41361800000E-01
   2.12383800000E-01   3.06516000000E-01   3.90664500000E-01   4.19352700000E-01
   4.11223000000E-01   4.12806600000E-01   4.36680100000E-01   4.65085200000E-01
   4.70138700000E-01   4.39660300000E-01   3.85677100000E-01   3.26760600000E-01
   2.73904400000E-01   2.30364900000E-01   1.95656800000E-01   1.68191700000E-01
   1.46357200000E-01   1.28825100000E-01   1.14577900000E-01   1.02855900000E-01
   9.30951100000E-02   7.74971400000E-02   6.59575200000E-02   5.71391300000E-02
   5.02219400000E-02   4.46818700000E-02   4.01713200000E-02   3.64517700000E-02
   3.33545100000E-02   3.07567500000E-02   2.85667300000E-02   2.51440000000E-02
   2.26829400000E-02   2.09181500000E-02   1.96644100000E-02   1.87873600000E-02
   1.81873600000E-02   1.77897000000E-02   1.75381400000E-02   1.73903500000E-02
   1.73144900000E-02   1.72866900000E-02   1.72891200000E-02   1.73085200000E-02
   1.73350800000E-02   1.73616100000E-02   1.73829000000E-02   1.73952500000E-02
   1.73960900000E-02   1.73837300000E-02   1.73571200000E-02   1.73157200000E-02
   1.72593700000E-02   1.71882000000E-02   1.71025400000E-02   1.70029200000E-02
   1.66970800000E-02   1.63199000000E-02   1.58848100000E-02   1.54057500000E-02
   1.43705500000E-02   1.33194700000E-02   1.23487200000E-02   1.15455400000E-02
   1.05454500000E-02   9.68129100000E-03   8.92860300000E-03   8.26830000000E-03
   7.68529600000E-03   7.16752300000E-03   0.00000000000E+00   1.00000000000E+00
   1.79551200000E-01   1.57201600000E-01   2.24524400000E-01   2.40922800000E-01
   2.02644400000E-01   1.10221100000E-01   1.53514600000E-01   1.51871100000E+00
   2.00422500000E+01   1.20033500000E+02   1.78658400000E+02   1.69823400000E+02
   1.67796700000E+02   1.60323300000E+02   1.61347600000E+02   1.58387300000E+02
   1.52648700000E+02   1.49416800000E+02   1.46532700000E+02   1.43008200000E+02
   1.39357700000E+02   1.35191400000E+02   1.39337500000E+02   1.51767100000E+02
   1.65422100000E+02   1.77137200000E+02   1.84096200000E+02   1.85704500000E+02
   1.83825600000E+02   1.80372500000E+02   1.77119400000E+02   1.74364500000E+02
   1.72323400000E+02   1.71316700000E+02   1.70501900000E+02   1.69380300000E+02
   1.68314200000E+02   1.67963400000E+02   1.69834300000E+02   1.73971500000E+02
   1.84578700000E+02   1.92025300000E+02   1.94755200000E+02   1.94972400000E+02
   1.95480600000E+02   1.97582200000E+02   2.00584100000E+02   2.03250400000E+02
   2.05174700000E+02   2.06646200000E+02   2.07119100000E+02   2.07517900000E+02
   2.08083600000E+02   2.09694200000E+02   2.11172000000E+02   2.12425600000E+02
   2.13987100000E+02   2.15535300000E+02   2.16991100000E+02   2.18460100000E+02
   2.19734900000E+02   2.21215300000E+02   2.22652000000E+02   2.24085700000E+02
   2.25714000000E+02   2.27355800000E+02   2.28948700000E+02   2.30482400000E+02
   2.32054200000E+02   2.33782600000E+02   2.35323100000E+02   2.37197200000E+02
   2.39025300000E+02   2.40623400000E+02   2.42259700000E+02   2.47034300000E+02
   2.51146100000E+02   2.54685100000E+02   2.58176500000E+02   2.65141800000E+02
   2.70664000000E+02   2.75648000000E+02   2.79526600000E+02   2.82648100000E+02
   2.85823800000E+02   2.89028900000E+02   2.93152300000E+02   2.98371900000E+02
   3.03877500000E+02                   5                  18   0.00000000000E+00
   1.90896000000E+02                   1                  94                   1
                  91   0.00000000000E+00   6.35443500000E-05   1.78924200000E-04
   3.88545100000E-04   7.30701100000E-04   1.25562400000E-03   2.03078700000E-03
   3.14753600000E-03   4.72679200000E-03   6.86869900000E-03   7.43971100000E-03
   3.77574300000E-03   9.54700000000E-04   1.79431000000E-03   2.69738000000E-03
   5.26689000000E-03   6.39997000000E-03   9.18985000000E-03   1.50683800000E-02
   2.37668100000E-02   3.78928000000E-02   6.12197000000E-02   9.47401000000E-02
   1.29885900000E-01   1.31262900000E-01   1.03292400000E-01   7.57596000000E-02
   5.49795000000E-02   4.31355000000E-02   4.09543000000E-02   4.37443000000E-02
   4.62675000000E-02   4.55624000000E-02   4.28311000000E-02   3.89689000000E-02
   3.45653000000E-02   3.07959000000E-02   2.79530000000E-02   2.55935000000E-02
   2.32117800000E-02   2.00763400000E-02   1.64200200000E-02   9.86691000000E-03
   6.23684000000E-03   4.89754000000E-03   4.49599000000E-03   4.10337000000E-03
   3.45892000000E-03   2.76841000000E-03   2.25276000000E-03   1.93510000000E-03
   1.73031000000E-03   1.71772000000E-03   1.72676000000E-03   1.73752000000E-03
   1.66857000000E-03   1.63877000000E-03   1.64921000000E-03   1.64503000000E-03
   1.65263000000E-03   1.67542000000E-03   1.70089000000E-03   1.74734000000E-03
   1.77764000000E-03   1.81223000000E-03   1.84621000000E-03   1.86273000000E-03
   1.87584000000E-03   1.89141000000E-03   1.90780000000E-03   1.91980000000E-03
   1.91329000000E-03   1.92171000000E-03   1.89907000000E-03   1.87526000000E-03
   1.86943000000E-03   1.85883000000E-03   1.76390000000E-03   1.71099000000E-03
   1.69337000000E-03   1.66561000000E-03   1.58618000000E-03   1.57351000000E-03
   1.56858000000E-03   1.61481900000E-03   1.63741700000E-03   1.63428400000E-03
   1.61897600000E-03   1.55666300000E-03   1.45228900000E-03   1.35080700000E-03
                   4                  88   0.00000000000E+00   4.88744000000E-18
   1.90780000000E-15   7.63810000000E-13   3.07429000000E-10   1.23055400000E-07
   4.82909700000E-05   8.49397900000E-04   6.09239600000E-03   1.07130400000E-02
   1.19101000000E-02   1.59901600000E-02   2.30941200000E-02   2.86572800000E-02
   3.67072500000E-02   4.98065400000E-02   7.08826900000E-02   1.03469000000E-01
   1.51164100000E-01   2.11775900000E-01   2.60778600000E-01   2.88089800000E-01
   3.07930600000E-01   3.37047000000E-01   3.81700600000E-01   4.21949700000E-01
   4.29184400000E-01   3.95916000000E-01   3.39409600000E-01   2.81198200000E-01
   2.31073300000E-01   1.91396000000E-01   1.61091500000E-01   1.37395800000E-01
   1.18404200000E-01   1.03231600000E-01   9.13661200000E-02   8.27795600000E-02
   7.66750900000E-02   6.76302300000E-02   5.97206800000E-02   5.22415900000E-02
   4.57259500000E-02   4.05785000000E-02   3.67124000000E-02   3.36833600000E-02
   3.11017500000E-02   2.88216500000E-02   2.68364200000E-02   2.34262800000E-02
   2.09561800000E-02   1.91806300000E-02   1.79958400000E-02   1.71485900000E-02
   1.65381500000E-02   1.61446700000E-02   1.58855100000E-02   1.57149300000E-02
   1.56136000000E-02   1.55393500000E-02   1.55114800000E-02   1.54962900000E-02
   1.54888700000E-02   1.54988800000E-02   1.55070600000E-02   1.55038400000E-02
   1.54882900000E-02   1.54639300000E-02   1.54438300000E-02   1.53940100000E-02
   1.53603000000E-02   1.53129400000E-02   1.52331100000E-02   1.51440900000E-02
   1.49331800000E-02   1.46089100000E-02   1.41914400000E-02   1.37401400000E-02
   1.27843700000E-02   1.17459600000E-02   1.07801400000E-02   9.93072100000E-03
   8.90803300000E-03   8.04700700000E-03   7.30962700000E-03   6.71163700000E-03
   6.23300700000E-03   5.81671600000E-03                   1                   2
                 547                 640                 733                 735
                 737                 739                1091                1093
                1093                1095                   2                   1
               84846               84939               85032               85033
               85034               85035               85219               85220
               85220               85221                   9                   1
              102396              102476              102556              102557
              102558              102559              102731              102732
              102732              102733                  31                   1
              174126              174198              174270              174271
              174272              174273              174443              174444
              174444              174445                  32                   1
              242087              242157              242227              242228
              242229              242230              242396              242397
              242397              242398                  33                   1
              310826              310895              310964              310965
              310966              310967              311135              311136
              311136              311137                  34                   1
              379143              379236              379329              379330
              379331              379332              379516              379517
              379517              379518                   1                  91
   0.00000000000E+00   0.00000000000E+00   3.27592300000E-37   1.42277400000E-36
   4.88744000000E-18   1.90780000000E-15   7.63810000000E-13   3.07429000000E-10
   1.23055400000E-07   4.82909700000E-05   8.49397900000E-04   6.09239600000E-03
   1.07130400000E-02   1.31287800000E-02   1.81034800000E-02   2.76013400000E-02
   3.42417000000E-02   4.50514000000E-02   6.40004800000E-02   9.37419300000E-02
   1.40428200000E-01   2.11443700000E-01   3.05625800000E-01   3.89918800000E-01
   4.18806500000E-01   4.10851200000E-01   4.12534700000E-01   4.36461300000E-01
   4.65854300000E-01   4.77524400000E-01   4.56976900000E-01   4.11538600000E-01
   3.56687400000E-01   3.04654700000E-01   2.59828300000E-01   2.22578200000E-01
   1.92713400000E-01   1.69072500000E-01   1.49973800000E-01   1.33962800000E-01
   1.19591500000E-01   1.06590800000E-01   8.52258400000E-02   7.07461400000E-02
   6.12790000000E-02   5.45374800000E-02   4.87686400000E-02   4.33267700000E-02
   3.84812500000E-02   3.45616900000E-02   3.14942400000E-02   2.90557600000E-02
   2.57706400000E-02   2.36959600000E-02   2.22176000000E-02   2.09855900000E-02
   2.02525000000E-02   1.98652300000E-02   1.97529500000E-02   1.98513300000E-02
   2.01401200000E-02   2.06093000000E-02   2.11939800000E-02   2.17816300000E-02
   2.24453600000E-02   2.31780100000E-02   2.39179300000E-02   2.46902700000E-02
   2.54832000000E-02   2.62875300000E-02   2.70927100000E-02   2.79374600000E-02
   2.87490500000E-02   2.95361800000E-02   3.03578200000E-02   3.11485000000E-02
   3.19002000000E-02   3.37439000000E-02   3.54255200000E-02   3.69802900000E-02
   3.83942000000E-02   4.07990800000E-02   4.27239200000E-02   4.45231700000E-02
   4.64500100000E-02   4.70626300000E-02   4.76779400000E-02   4.81961400000E-02
   4.85803600000E-02   4.88229500000E-02   4.88209000000E-02                   1
                  91   0.00000000000E+00   0.00000000000E+00   3.29347000000E-35
   1.31737000000E-34   6.80142500000E-15   2.06001400000E-12   6.37423200000E-10
   1.98637900000E-07   5.32909900000E-05   1.43848100000E-02   2.11818500000E-01
   1.28030700000E+00   1.91022100000E+00   1.82985900000E+00   1.83977200000E+00
   1.81269200000E+00   1.86196500000E+00   1.88881200000E+00   1.86459600000E+00
   1.85377800000E+00   1.84360400000E+00   1.82801400000E+00   1.81669700000E+00
   1.80271600000E+00   1.83926900000E+00   1.92345600000E+00   2.00822000000E+00
   2.07626600000E+00   2.11679900000E+00   2.14265100000E+00   2.17084000000E+00
   2.20030100000E+00   2.23045300000E+00   2.26097900000E+00   2.29577000000E+00
   2.32830800000E+00   2.36106000000E+00   2.39655800000E+00   2.42908600000E+00
   2.45822900000E+00   2.47271200000E+00   2.46967600000E+00   2.42503600000E+00
   2.39754200000E+00   2.41621800000E+00   2.46182100000E+00   2.48826300000E+00
   2.47329900000E+00   2.42658300000E+00   2.38544000000E+00   2.36052700000E+00
   2.34765300000E+00   2.38788500000E+00   2.47268900000E+00   2.55856600000E+00
   2.59369700000E+00   2.64870700000E+00   2.71869400000E+00   2.80374900000E+00
   2.91003600000E+00   3.03868700000E+00   3.19198000000E+00   3.36740500000E+00
   3.54279000000E+00   3.73830200000E+00   3.94906100000E+00   4.16720400000E+00
   4.40058900000E+00   4.65023200000E+00   4.91545200000E+00   5.19444900000E+00
   5.49704700000E+00   5.80500300000E+00   6.11906100000E+00   6.46047500000E+00
   6.81476700000E+00   7.17686300000E+00   8.11341400000E+00   9.13550100000E+00
   1.02395200000E+01   1.14334300000E+01   1.39958500000E+01   1.69057800000E+01
   2.01163300000E+01   2.36654500000E+01   2.74319500000E+01   3.15207200000E+01
   3.57747800000E+01   4.01970100000E+01   4.47549900000E+01   4.93191400000E+01
                   5                  18                  -1                  -1
                   1                 173                   6                   5
                   0                  84   1.00000000000E+00   4.50000000000E+00
   5.00000000000E+00   5.25000000000E+00   5.50000000000E+00   5.75000000000E+00
   6.00000000000E+00   6.50000000000E+00   7.00000000000E+00   7.50000000000E+00
   8.00000000000E+00   8.50000000000E+00   9.00000000000E+00   9.50000000000E+00
   1.00000000000E+01   1.05000000000E+01   1.10000000000E+01   1.15000000000E+01
   1.20000000000E+01   1.25000000000E+01   1.30000000000E+01   1.35000000000E+01
   1.40000000000E+01   1.45000000000E+01   1.50000000000E+01   1.55000000000E+01
   1.60000000000E+01   1.65000000000E+01   1.70000000000E+01   1.75000000000E+01
   1.80000000000E+01   1.85000000000E+01   1.90000000000E+01   1.95000000000E+01
   2.00000000000E+01   2.10000000000E+01   2.20000000000E+01   2.30000000000E+01
   2.40000000000E+01   2.50000000000E+01   2.60000000000E+01   2.70000000000E+01
   2.80000000000E+01   2.90000000000E+01   3.00000000000E+01   3.20000000000E+01
   3.40000000000E+01   3.60000000000E+01   3.80000000000E+01   4.00000000000E+01
   4.20000000000E+01   4.40000000000E+01   4.60000000000E+01   4.80000000000E+01
   5.00000000000E+01   5.20000000000E+01   5.40000000000E+01   5.60000000000E+01
   5.80000000000E+01   6.00000000000E+01   6.20000000000E+01   6.40000000000E+01
   6.60000000000E+01   6.80000000000E+01   7.00000000000E+01   7.20000000000E+01
   7.40000000000E+01   7.60000000000E+01   7.80000000000E+01   8.00000000000E+01
   8.50000000000E+01   9.00000000000E+01   9.50000000000E+01   1.00000000000E+02
   1.10000000000E+02   1.20000000000E+02   1.30000000000E+02   1.40000000000E+02
   1.50000000000E+02   1.60000000000E+02   1.70000000000E+02   1.80000000000E+02
   1.90000000000E+02   2.00000000000E+02   0.00000000000E+00   1.28163000000E-32
   5.53914000000E-29   2.41618000000E-27   4.91710000000E-26   1.16193000000E-24
   6.79191400000E-01   7.83470300000E-01   8.55764600000E-01   8.72569200000E-01
   9.07974700000E-01   9.41968500000E-01   9.61813600000E-01   9.75362100000E-01
   9.84643300000E-01   9.90603600000E-01   9.94258900000E-01   9.95838700000E-01
   9.96400700000E-01   9.96411000000E-01   9.96020300000E-01   1.01783000000E+00
   1.18034000000E+00   1.39586000000E+00   1.55895600000E+00   1.65683100000E+00
   1.71794300000E+00   1.75607500000E+00   1.77885600000E+00   1.79626400000E+00
   1.81262600000E+00   1.82633200000E+00   1.83513100000E+00   1.83359800000E+00
   1.82190200000E+00   1.78329500000E+00   1.76779600000E+00   1.84529500000E+00
   1.95986400000E+00   1.99595500000E+00   1.91226400000E+00   1.73308500000E+00
   1.53586600000E+00   1.38111300000E+00   1.28262300000E+00   1.36480600000E+00
   1.58665800000E+00   1.74787400000E+00   1.79180300000E+00   1.89404900000E+00
   2.01737800000E+00   2.19344300000E+00   2.39970100000E+00   2.64124000000E+00
   2.93711100000E+00   3.23613500000E+00   3.52723500000E+00   3.83453900000E+00
   4.16482400000E+00   4.51973900000E+00   4.89551700000E+00   5.27614900000E+00
   5.66057100000E+00   6.05728600000E+00   6.52992200000E+00   6.94956300000E+00
   7.46464400000E+00   8.02282500000E+00   8.51349800000E+00   9.01433400000E+00
   1.06642800000E+01   1.21664100000E+01   1.34576900000E+01   1.48018200000E+01
   1.76617500000E+01   1.96871700000E+01   2.15118300000E+01   2.26151000000E+01
   2.33017000000E+01   2.42497200000E+01   2.52545500000E+01   2.68964600000E+01
   2.93260800000E+01   3.18359200000E+01                   6                  18
                   0                  88   1.00000000000E+00   2.50000000000E+00
   3.00000000000E+00   3.50000000000E+00   4.00000000000E+00   4.50000000000E+00
   5.00000000000E+00   5.25000000000E+00   5.50000000000E+00   5.75000000000E+00
   6.00000000000E+00   6.50000000000E+00   7.00000000000E+00   7.50000000000E+00
   8.00000000000E+00   8.50000000000E+00   9.00000000000E+00   9.50000000000E+00
   1.00000000000E+01   1.05000000000E+01   1.10000000000E+01   1.15000000000E+01
   1.20000000000E+01   1.25000000000E+01   1.30000000000E+01   1.35000000000E+01
   1.40000000000E+01   1.45000000000E+01   1.50000000000E+01   1.55000000000E+01
   1.60000000000E+01   1.65000000000E+01   1.70000000000E+01   1.75000000000E+01
   1.80000000000E+01   1.85000000000E+01   1.90000000000E+01   1.95000000000E+01
   2.00000000000E+01   2.10000000000E+01   2.20000000000E+01   2.30000000000E+01
   2.40000000000E+01   2.50000000000E+01   2.60000000000E+01   2.70000000000E+01
   2.80000000000E+01   2.90000000000E+01   3.00000000000E+01   3.20000000000E+01
   3.40000000000E+01   3.60000000000E+01   3.80000000000E+01   4.00000000000E+01
   4.20000000000E+01   4.40000000000E+01   4.60000000000E+01   4.80000000000E+01
   5.00000000000E+01   5.20000000000E+01   5.40000000000E+01   5.60000000000E+01
   5.80000000000E+01   6.00000000000E+01   6.20000000000E+01   6.40000000000E+01
   6.60000000000E+01   6.80000000000E+01   7.00000000000E+01   7.20000000000E+01
   7.40000000000E+01   7.60000000000E+01   7.80000000000E+01   8.00000000000E+01
   8.50000000000E+01   9.00000000000E+01   9.50000000000E+01   1.00000000000E+02
   1.10000000000E+02   1.20000000000E+02   1.30000000000E+02   1.40000000000E+02
   1.50000000000E+02   1.60000000000E+02   1.70000000000E+02   1.80000000000E+02
   1.90000000000E+02   2.00000000000E+02   1.00000000000E+00   1.00000000000E+00
   1.00000000000E+00   1.00000000000E+00   1.00000000000E+00   1.00000000000E+00
   1.00000000000E+00   1.00000000000E+00   1.00000000000E+00   1.00000000000E+00
   1.00000000000E+00   1.00000000000E+00   1.00000000000E+00   1.00000000000E+00
   1.00000000000E+00   1.00000000000E+00   1.00000000000E+00   1.00000000000E+00
   1.00000000000E+00   1.00000000000E+00   1.00000000000E+00   1.00000000000E+00
   1.00000000000E+00   1.00000000000E+00   1.00000000000E+00   1.00000000000E+00
   1.00000000000E+00   1.00000000000E+00   1.00000000000E+00   1.00000000000E+00
   1.00000000000E+00   1.00000000000E+00   1.00000000000E+00   1.00000000000E+00
   1.00000000000E+00   1.00000000000E+00   1.00000000000E+00   1.00000000000E+00
   1.00000000000E+00   1.00000000000E+00   1.00000000000E+00   1.00000000000E+00
   1.00000000000E+00   1.00000000000E+00   1.00000000000E+00   1.00000000000E+00
   1.00000000000E+00   1.00000000000E+00   1.00000000000E+00   1.00000000000E+00
   1.00000000000E+00   1.00000000000E+00   1.00000000000E+00   1.00000000000E+00
   1.00000000000E+00   1.00000000000E+00   1.00000000000E+00   1.00000000000E+00
   1.00000000000E+00   1.00000000000E+00   1.00000000000E+00   1.00000000000E+00
   1.00000000000E+00   1.00000000000E+00   1.00000000000E+00   1.00000000000E+00
   1.00000000000E+00   1.00000000000E+00   1.00000000000E+00   1.00000000000E+00
   1.00000000000E+00   1.00000000000E+00   1.00000000000E+00   1.00000000000E+00
   1.00000000000E+00   1.00000000000E+00   1.00000000000E+00   1.00000000000E+00
   1.00000000000E+00   1.00000000000E+00   1.00000000000E+00   1.00000000000E+00
   1.00000000000E+00   1.00000000000E+00   1.00000000000E+00   1.00000000000E+00
   1.00000000000E+00   1.00000000000E+00                   0                   0
                   1               74036                   0                   4
                  10                   0                   2   1.00000000000E+00
   2.00000000000E+02   1.00000000000E+00   1.00000000000E+00                   0
                  32   1.00000000000E+00   6.00000000000E+00   8.00000000000E+00
   1.00000000000E+01   1.20000000000E+01   1.40000000000E+01   1.60000000000E+01
   1.80000000000E+01   2.00000000000E+01   2.20000000000E+01   2.40000000000E+01
   2.60000000000E+01   2.80000000000E+01   3.00000000000E+01   3.20000000000E+01
   3.60000000000E+01   4.00000000000E+01   4.40000000000E+01   4.80000000000E+01
   5.00000000000E+01   5.20000000000E+01   5.60000000000E+01   6.00000000000E+01
   7.00000000000E+01   8.00000000000E+01   9.00000000000E+01   1.00000000000E+02
   1.20000000000E+02   1.40000000000E+02   1.60000000000E+02   1.80000000000E+02
   2.00000000000E+02                  76                  87                 263
                 811                1695                2995                4515
                6134                7764                9768               11750
               14053               16330               18581               20819
               23044               25243               27750               30227
               32869               35481               38093               40675
               43242               46202               49128               52341
               55592               59101               62898               66649
               70354                   2                   3   0.00000000000E+00
   5.00000000000E-07   1.00000000000E-06   0.00000000000E+00   2.00000000000E+06
   0.00000000000E+00   0.00000000000E+00   5.00000000000E-01   1.00000000000E+00
                   2                  58   0.00000000000E+00   2.50000000000E-02
   1.00000000000E-01   2.00000000000E-01   3.00000000000E-01   4.00000000000E-01
   5.00000000000E-01   6.00000000000E-01   7.00000000000E-01   8.00000000000E-01
   9.00000000000E-01   1.00000000000E+00   1.10000000000E+00   1.20000000000E+00
   1.30000000000E+00   1.40000000000E+00   1.50000000000E+00   1.60000000000E+00
   1.70000000000E+00   1.80000000000E+00   1.90000000000E+00   2.00000000000E+00
   2.10000000000E+00   2.20000000000E+00   2.30000000000E+00   2.40000000000E+00
   2.50000000000E+00   2.60000000000E+00   2.70000000000E+00   2.80000000000E+00
   2.90000000000E+00   3.00000000000E+00   3.10000000000E+00   3.20000000000E+00
   3.30000000000E+00   3.40000000000E+00   3.50000000000E+00   3.60000000000E+00
   3.70000000000E+00   3.80000000000E+00   3.90000000000E+00   4.00000000000E+00
   4.10000000000E+00   4.20000000000E+00   4.30000000000E+00   4.40000000000E+00
   4.50000000000E+00   4.60000000000E+00   4.70000000000E+00   4.80000000000E+00
   4.90000000000E+00   5.00000000000E+00   5.10000000000E+00   5.20000000000E+00
   5.30000000000E+00   5.40000000000E+00   5.50000000000E+00   5.60000000000E+00
   0.00000000000E+00   4.59937100000E-01   1.83971300000E+00   8.16028200000E+00
   1.00000000000E-12   1.00000000000E-12   1.00000000000E-12   1.00000000000E-12
   1.00000000000E-12   1.00000000000E-12   1.00000000000E-12   1.00000000000E-12
   1.00000000000E-12   1.00000000000E-12   1.00000000000E-12   1.00000000000E-12
   1.00000000000E-12   0.00000000000E+00   0.00000000000E+00   0.00000000000E+00
   0.00000000000E+00   0.00000000000E+00   0.00000000000E+00   0.00000000000E+00
   0.00000000000E+00   0.00000000000E+00   0.00000000000E+00   0.00000000000E+00
   0.00000000000E+00   0.00000000000E+00   0.00000000000E+00   0.00000000000E+00
   0.00000000000E+00   0.00000000000E+00   0.00000000000E+00   0.00000000000E+00
   0.00000000000E+00   0.00000000000E+00   0.00000000000E+00   0.00000000000E+00
   0.00000000000E+00   0.00000000000E+00   0.00000000000E+00   0.00000000000E+00
   0.00000000000E+00   0.00000000000E+00   0.00000000000E+00   0.00000000000E+00
   0.00000000000E+00   0.00000000000E+00   0.00000000000E+00   0.00000000000E+00
   0.00000000000E+00   0.00000000000E+00   0.00000000000E+00   0.00000000000E+00
   0.00000000000E+00   0.00000000000E+00   0.00000000000E+00   5.74921408000E-03
   9.19860978000E-02   5.91985877000E-01   1.00000000000E+00   1.00000000000E+00
   1.00000000000E+00   1.00000000000E+00   1.00000000000E+00   1.00000000000E+00
   1.00000000000E+00   1.00000000000E+00   1.00000000000E+00   1.00000000000E+00
   1.00000000000E+00   1.00000000000E+00   1.00000000000E+00   1.00000000000E+00
   1.00000000000E+00   1.00000000000E+00   1.00000000000E+00   1.00000000000E+00
   1.00000000000E+00   1.00000000000E+00   1.00000000000E+00   1.00000000000E+00
   1.00000000000E+00   1.00000000000E+00   1.00000000000E+00   1.00000000000E+00
   1.00000000000E+00   1.00000000000E+00   1.00000000000E+00   1.00000000000E+00
   1.00000000000E+00   1.00000000000E+00   1.00000000000E+00   1.00000000000E+00
   1.00000000000E+00   1.00000000000E+00   1.00000000000E+00   1.00000000000E+00
   1.00000000000E+00   1.00000000000E+00   1.00000000000E+00   1.00000000000E+00
   1.00000000000E+00   1.00000000000E+00   1.00000000000E+00   1.00000000000E+00
   1.00000000000E+00   1.00000000000E+00   1.00000000000E+00   1.00000000000E+00
   1.00000000000E+00   1.00000000000E+00   1.00000000000E+00   1.00000000000E+00
                   2                  78   0.00000000000E+00   2.50000000000E-02
   1.00000000000E-01   2.00000000000E-01   3.00000000000E-01   4.00000000000E-01
   5.00000000000E-01   6.00000000000E-01   7.00000000000E-01   8.00000000000E-01
   9.00000000000E-01   1.00000000000E+00   1.10000000000E+00   1.20000000000E+00
   1.30000000000E+00   1.40000000000E+00   1.50000000000E+00   1.60000000000E+00
   1.70000000000E+00   1.80000000000E+00   1.90000000000E+00   2.00000000000E+00
   2.10000000000E+00   2.20000000000E+00   2.30000000000E+00   2.40000000000E+00
   2.50000000000E+00   2.60000000000E+00   2.70000000000E+00   2.80000000000E+00
   2.90000000000E+00   3.00000000000E+00   3.10000000000E+00   3.20000000000E+00
   3.30000000000E+00   3.40000000000E+00   3.50000000000E+00   3.60000000000E+00
   3.70000000000E+00   3.80000000000E+00   3.90000000000E+00   4.00000000000E+00
   4.10000000000E+00   4.20000000000E+00   4.30000000000E+00   4.40000000000E+00
   4.50000000000E+00   4.60000000000E+00   4.70000000000E+00   4.80000000000E+00
   4.90000000000E+00   5.00000000000E+00   5.10000000000E+00   5.20000000000E+00
   5.30000000000E+00   5.40000000000E+00   5.50000000000E+00   5.60000000000E+00
   5.70000000000E+00   5.80000000000E+00   5.90000000000E+00   6.00000000000E+00
   6.10000000000E+00   6.20000000000E+00   6.30000000000E+00   6.40000000000E+00
   6.50000000000E+00   6.60000000000E+00   6.70000000000E+00   6.80000000000E+00
   6.90000000000E+00   7.00000000000E+00   7.10000000000E+00   7.20000000000E+00
   7.30000000000E+00   7.40000000000E+00   7.50000000000E+00   7.60000000000E+00
   0.00000000000E+00   7.40664400000E-02   2.92328200000E-01   5.44234400000E-01
   6.82018800000E-01   7.22353900000E-01   7.03993700000E-01   6.58528500000E-01
   6.05387100000E-01   5.54199800000E-01   5.09798400000E-01   3.82439800000E-01
   4.13363100000E-01   1.75520700000E-01   1.12467800000E+00   6.70359800000E-01
   5.57756700000E-01   1.21681500000E-01   8.62557200000E-02   4.12350000000E-05
   1.52059900000E-01   3.46562000000E-06   4.19720000000E-01   6.22785200000E-01
   1.00000000000E-12   1.00000000000E-12   1.00000000000E-12   1.00000000000E-12
   1.00000000000E-12   1.00000000000E-12   1.00000000000E-12   1.00000000000E-12
   1.00000000000E-12   1.00000000000E-12   0.00000000000E+00   0.00000000000E+00
   0.00000000000E+00   0.00000000000E+00   0.00000000000E+00   0.00000000000E+00
   0.00000000000E+00   0.00000000000E+00   0.00000000000E+00   0.00000000000E+00
   0.00000000000E+00   0.00000000000E+00   0.00000000000E+00   0.00000000000E+00
   0.00000000000E+00   0.00000000000E+00   0.00000000000E+00   0.00000000000E+00
   0.00000000000E+00   0.00000000000E+00   0.00000000000E+00   0.00000000000E+00
   0.00000000000E+00   0.00000000000E+00   0.00000000000E+00   0.00000000000E+00
   0.00000000000E+00   0.00000000000E+00   0.00000000000E+00   0.00000000000E+00
   0.00000000000E+00   0.00000000000E+00   0.00000000000E+00   0.00000000000E+00
   0.00000000000E+00   0.00000000000E+00   0.00000000000E+00   0.00000000000E+00
   0.00000000000E+00   0.00000000000E+00   0.00000000000E+00   0.00000000000E+00
   0.00000000000E+00   0.00000000000E+00   0.00000000000E+00   9.25830489000E-04
   1.46656293000E-02   5.64937588000E-02   1.17806418000E-01   1.88025052000E-01
   2.59342432000E-01   3.27468541000E-01   3.90664320000E-01   4.48643664000E-01
   5.01843574000E-01   5.46455483000E-01   5.86245628000E-01   6.15689817000E-01
   6.80699752000E-01   7.70451641000E-01   8.31857465000E-01   8.65829374000E-01
   8.76226235000E-01   8.80541083000E-01   8.88146140000E-01   8.95749308000E-01
   9.16735481000E-01   9.68860740000E-01   1.00000000000E+00   1.00000000000E+00
   1.00000000000E+00   1.00000000000E+00   1.00000000000E+00   1.00000000000E+00
   1.00000000000E+00   1.00000000000E+00   1.00000000000E+00   1.00000000000E+00
   1.00000000000E+00   1.00000000000E+00   1.00000000000E+00   1.00000000000E+00
   1.00000000000E+00   1.00000000000E+00   1.00000000000E+00   1.00000000000E+00
   1.00000000000E+00   1.00000000000E+00   1.00000000000E+00   1.00000000000E+00
   1.00000000000E+00   1.00000000000E+00   1.00000000000E+00   1.00000000000E+00
   1.00000000000E+00   1.00000000000E+00   1.00000000000E+00   1.00000000000E+00
   1.00000000000E+00   1.00000000000E+00   1.00000000000E+00   1.00000000000E+00
   1.00000000000E+00   1.00000000000E+00   1.00000000000E+00   1.00000000000E+00
   1.00000000000E+00   1.00000000000E+00   1.00000000000E+00   1.00000000000E+00
   1.00000000000E+00   1.00000000000E+00   1.00000000000E+00   1.00000000000E+00
   1.00000000000E+00   1.00000000000E+00   1.00000000000E+00   1.00000000000E+00
   1.00000000000E+00   1.00000000000E+00   1.00000000000E+00   1.00000000000E+00
                   0                   0                   0                   0
                   0                   0                   0                   0
                   0                   0                   0                   0
                   0                   0                   0                   0
                   0                   0                   0                   0
                   0                   0                   0                   0
                   0                   0                   0                   0
                   0                   0                   0                   0
                   0                   0                   0                   0
                   0                   0                   0                   0
                   0                   0                   0                   0
                   0                   0                   0                   0
                   0                   0                   0                   0
                   0                   0                   0                   0
                   0                   0                   0                   0
                   0                   0                   0                   0
                   0                   0                   0                   0
                   0                   0                   0                   0
                   0                   0                   0                   0
                   0                   0                   0                   0
                   0                   0                   0                   0
                   0                   0                   0                   0
                   0                   0                   0                   0
                   0                   0                   0                   0
                   0                   0                   0                   0
                   0                   0                   0                   0
                   0                   0                   0                   0
                   0                   0                   0                   0
                   0                   0                   0                   0
                   0                   0                   0                   0
                   0                   0                   0                   0
                   0                   0                   0                   0
                   0                   0                   0                   0
                   0                   0                   0                   0
                   0                   0                   0                   0
                   0
