 92234.00u  232.030400  0.0000E+00   02/26/20
Ace U234 IAEA-PD                                                         mat9225
      0         0.      0         0.      0         0.      0         0.
      0         0.      0         0.      0         0.      0         0.
      0         0.      0         0.      0         0.      0         0.
      0         0.      0         0.      0         0.      0         0.
   445571    92234       91        2        7        2       12        0
        0        0        0        0        0        0        0        1
        1       92       92        0      183      274      276      278
      280      463      547        0        0        0        0        0
        0        0        0        0        0        0        0        0
        0        0        0        0        0        0        0        0
   9.99999000000E-01   1.00000000000E+00   1.50000000000E+00   2.00000000000E+00
   2.50000000000E+00   3.00000000000E+00   3.50000000000E+00   4.00000000000E+00
   4.50000000000E+00   5.00000000000E+00   5.25000000000E+00   5.50000000000E+00
   5.75000000000E+00   6.00000000000E+00   6.50000000000E+00   7.00000000000E+00
   7.50000000000E+00   8.00000000000E+00   8.50000000000E+00   9.00000000000E+00
   9.50000000000E+00   1.00000000000E+01   1.05000000000E+01   1.10000000000E+01
   1.15000000000E+01   1.20000000000E+01   1.25000000000E+01   1.30000000000E+01
   1.35000000000E+01   1.40000000000E+01   1.45000000000E+01   1.50000000000E+01
   1.55000000000E+01   1.60000000000E+01   1.65000000000E+01   1.70000000000E+01
   1.75000000000E+01   1.80000000000E+01   1.85000000000E+01   1.90000000000E+01
   1.95000000000E+01   2.00000000000E+01   2.10000000000E+01   2.20000000000E+01
   2.30000000000E+01   2.40000000000E+01   2.50000000000E+01   2.60000000000E+01
   2.70000000000E+01   2.80000000000E+01   2.90000000000E+01   3.00000000000E+01
   3.20000000000E+01   3.40000000000E+01   3.60000000000E+01   3.80000000000E+01
   4.00000000000E+01   4.20000000000E+01   4.40000000000E+01   4.60000000000E+01
   4.80000000000E+01   5.00000000000E+01   5.20000000000E+01   5.40000000000E+01
   5.60000000000E+01   5.80000000000E+01   6.00000000000E+01   6.20000000000E+01
   6.40000000000E+01   6.60000000000E+01   6.80000000000E+01   7.00000000000E+01
   7.20000000000E+01   7.40000000000E+01   7.60000000000E+01   7.80000000000E+01
   8.00000000000E+01   8.50000000000E+01   9.00000000000E+01   9.50000000000E+01
   1.00000000000E+02   1.10000000000E+02   1.20000000000E+02   1.30000000000E+02
   1.40000000000E+02   1.50000000000E+02   1.60000000000E+02   1.70000000000E+02
   1.80000000000E+02   1.90000000000E+02   2.00000000000E+02   0.00000000000E+00
   7.74734900000E-05   2.20537600000E-04   4.82742700000E-04   9.13667400000E-04
   1.57872800000E-03   2.56636800070E-03   3.99727450004E-03   6.03327527190E-03
   8.87702777000E-03   1.06706696000E-02   1.27469000000E-02   1.51297700000E-02
   1.78472400000E-02   2.45062000000E-02   3.37467200000E-02   4.85362100000E-02
   7.09083700000E-02   9.20920600000E-02   1.29040000000E-01   1.88221500000E-01
   2.73913200000E-01   3.78957900000E-01   4.67678600000E-01   4.98054300000E-01
   4.80911700000E-01   4.60736400000E-01   4.61390700000E-01   4.75883600000E-01
   4.77715000000E-01   4.47109400000E-01   3.91161800000E-01   3.29436500000E-01
   2.74484900000E-01   2.29835600000E-01   1.94705500000E-01   1.67188000000E-01
   1.45464000000E-01   1.28093700000E-01   1.14006100000E-01   1.02418900000E-01
   9.27613800000E-02   7.72977100000E-02   6.57977300000E-02   5.69583700000E-02
   4.99859700000E-02   4.43746600000E-02   3.97886500000E-02   3.59967000000E-02
   3.28341900000E-02   3.01802200000E-02   2.79435400000E-02   2.44540200000E-02
   2.19544100000E-02   2.01699900000E-02   1.89077600000E-02   1.80279300000E-02
   1.74274600000E-02   1.70298000000E-02   1.67778400000E-02   1.66289400000E-02
   1.65513100000E-02   1.65212500000E-02   1.65211600000E-02   1.65379900000E-02
   1.65621500000E-02   1.65865900000E-02   1.66062600000E-02   1.66175400000E-02
   1.66179400000E-02   1.66058100000E-02   1.65801200000E-02   1.65403500000E-02
   1.64863400000E-02   1.64181900000E-02   1.63362300000E-02   1.62409500000E-02
   1.59485600000E-02   1.55881000000E-02   1.51723800000E-02   1.47146700000E-02
   1.37257500000E-02   1.27217100000E-02   1.17944400000E-02   1.10272400000E-02
   1.00720100000E-02   9.24662000000E-03   8.52770200000E-03   7.89702800000E-03
   7.34018600000E-03   6.84565000000E-03   0.00000000000E+00   1.00000000000E+00
   7.66737800000E-01   2.66526100000E-01   3.42501700000E-01   3.88869700000E-01
   3.75554000000E-01   2.81115300000E-01   2.67863000000E-01   2.03062700000E+00
   1.58712700000E+01   6.60692800000E+01   1.11489100000E+02   1.37769600000E+02
   1.63969400000E+02   1.70094000000E+02   1.19991100000E+02   1.12595700000E+02
   1.08620200000E+02   1.09651000000E+02   1.10369400000E+02   1.10208700000E+02
   1.09735400000E+02   1.09070200000E+02   1.07507200000E+02   1.04062400000E+02
   1.06386400000E+02   1.32641000000E+02   1.53579900000E+02   1.68526100000E+02
   1.76254800000E+02   1.79463700000E+02   1.80540200000E+02   1.81218200000E+02
   1.81448200000E+02   1.81689500000E+02   1.81402200000E+02   1.81241700000E+02
   1.81510500000E+02   1.82777500000E+02   1.85149800000E+02   1.88341200000E+02
   1.94524800000E+02   1.96756700000E+02   1.93960600000E+02   1.88067000000E+02
   1.80064700000E+02   1.70905600000E+02   1.64202700000E+02   1.65289700000E+02
   1.73750200000E+02   1.83212900000E+02   1.92371800000E+02   1.96221700000E+02
   2.01150800000E+02   2.04917400000E+02   2.07192600000E+02   2.08487100000E+02
   2.09293500000E+02   2.10156200000E+02   2.11655500000E+02   2.13219200000E+02
   2.14751200000E+02   2.16469200000E+02   2.18025000000E+02   2.19500800000E+02
   2.21030500000E+02   2.22444600000E+02   2.24034400000E+02   2.25637400000E+02
   2.27172800000E+02   2.29042600000E+02   2.30624300000E+02   2.32316200000E+02
   2.33941600000E+02   2.35720300000E+02   2.37285300000E+02   2.41655700000E+02
   2.46389600000E+02   2.50811200000E+02   2.54949000000E+02   2.62622100000E+02
   2.69413300000E+02   2.75426700000E+02   2.80886200000E+02   2.84773300000E+02
   2.87880200000E+02   2.90669400000E+02   2.94082300000E+02   2.98847200000E+02
   3.03966300000E+02                   5                  18   0.00000000000E+00
   1.92278000000E+02                   1                  94                   1
                  91   0.00000000000E+00   7.74734900000E-05   2.20537600000E-04
   4.82742700000E-04   9.13667400000E-04   1.57872800000E-03   2.56636800000E-03
   3.99727400000E-03   6.03292500000E-03   8.79393300000E-03   9.81307500000E-03
   8.44971900000E-03   6.52520000000E-03   5.31699000000E-03   4.09685000000E-03
   4.72568000000E-03   1.96602400000E-02   3.16340300000E-02   4.31439100000E-02
   5.99550000000E-02   8.70325000000E-02   1.27297800000E-01   1.77617000000E-01
   2.21491300000E-01   2.40576300000E-01   2.41413800000E-01   2.26658500000E-01
   1.66093500000E-01   1.21575500000E-01   8.68120000000E-02   6.47614000000E-02
   5.12412000000E-02   4.21689000000E-02   3.48680000000E-02   2.94651000000E-02
   2.51737000000E-02   2.22456000000E-02   1.98045000000E-02   1.75614000000E-02
   1.51645100000E-02   1.26322500000E-02   1.01650100000E-02   6.44039000000E-03
   5.06771000000E-03   5.47224000000E-03   6.53237000000E-03   7.78648000000E-03
   8.98382000000E-03   9.48847000000E-03   8.61716000000E-03   6.79596000000E-03
   5.11440000000E-03   3.60481000000E-03   3.03070000000E-03   2.49022000000E-03
   2.16941000000E-03   2.04136000000E-03   2.02737000000E-03   2.07238000000E-03
   2.13004000000E-03   2.14392000000E-03   2.16076000000E-03   2.18394000000E-03
   2.19430000000E-03   2.21894000000E-03   2.25040000000E-03   2.27477000000E-03
   2.30791000000E-03   2.32390000000E-03   2.33609000000E-03   2.35045000000E-03
   2.33458000000E-03   2.33986000000E-03   2.33217000000E-03   2.32723000000E-03
   2.30713000000E-03   2.30015000000E-03   2.23534000000E-03   2.12695000000E-03
   2.03381000000E-03   1.95243000000E-03   1.81053000000E-03   1.70369000000E-03
   1.63351000000E-03   1.58938700000E-03   1.57505300000E-03   1.58055400000E-03
   1.58570800000E-03   1.55159200000E-03   1.46629900000E-03   1.37416200000E-03
                   4                  88   0.00000000000E+00   1.43634000000E-18
   9.95275000000E-16   6.95156000000E-13   5.00039000000E-10   3.50271900000E-07
   8.30947700000E-05   8.57594600000E-04   4.29718100000E-03   8.60457000000E-03
   1.25302500000E-02   2.04093500000E-02   2.90210400000E-02   2.88759700000E-02
   3.92743400000E-02   4.89481500000E-02   6.90850000000E-02   1.01189000000E-01
   1.46615400000E-01   2.01340900000E-01   2.46187300000E-01   2.57478000000E-01
   2.39497900000E-01   2.34077900000E-01   2.95297200000E-01   3.54308100000E-01
   3.90903000000E-01   3.82348000000E-01   3.39920600000E-01   2.87267600000E-01
   2.39616900000E-01   2.00370500000E-01   1.69531800000E-01   1.44942400000E-01
   1.25659500000E-01   1.10532300000E-01   9.88415900000E-02   8.97866500000E-02
   8.25963700000E-02   7.08573200000E-02   6.07300200000E-02   5.14861300000E-02
   4.34536000000E-02   3.65881800000E-02   3.08048300000E-02   2.65082300000E-02
   2.42170300000E-02   2.33842600000E-02   2.28291400000E-02   2.08492100000E-02
   1.89237100000E-02   1.76797700000E-02   1.67383500000E-02   1.59865700000E-02
   1.54000900000E-02   1.49574200000E-02   1.46478000000E-02   1.44850200000E-02
   1.43905500000E-02   1.43373100000E-02   1.43268600000E-02   1.43190500000E-02
   1.43117500000E-02   1.43118200000E-02   1.42983500000E-02   1.42936400000E-02
   1.42818500000E-02   1.42553600000E-02   1.42455400000E-02   1.42004900000E-02
   1.41541700000E-02   1.40909600000E-02   1.40291000000E-02   1.39408000000E-02
   1.37132200000E-02   1.34611500000E-02   1.31385700000E-02   1.27622400000E-02
   1.19152200000E-02   1.10180200000E-02   1.01609300000E-02   9.43785300000E-03
   8.49695700000E-03   7.66606600000E-03   6.94199400000E-03   6.34543600000E-03
   5.87388700000E-03   5.47148800000E-03                   1                   2
                 547                 638                 729                 731
                 733                 735                1083                1085
                1085                1087                   2                   1
               79785               79878               79971               79972
               79973               79974               80158               80159
               80159               80160                   9                   1
               96831               96910               96989               96990
               96991               96992               97160               97161
               97161               97162                  31                   1
              165558              165628              165698              165699
              165700              165701              165859              165860
              165860              165861                  32                   1
              227954              228024              228094              228095
              228096              228097              228261              228262
              228262              228263                  33                   1
              292913              292978              293043              293044
              293045              293046              293202              293203
              293203              293204                  34                   1
              354484              354577              354670              354671
              354672              354673              354857              354858
              354858              354859                   3                  89
   0.00000000000E+00   0.00000000000E+00   1.43634000000E-18   9.95275000000E-16
   6.95156000000E-13   5.00039000000E-10   3.50271900000E-07   8.30947700000E-05
   8.57594600000E-04   4.29718100000E-03   8.60457000000E-03   1.25302500000E-02
   2.04093500000E-02   3.08938600000E-02   4.64632700000E-02   6.87536600000E-02
   9.00879000000E-02   1.27030400000E-01   1.86229800000E-01   2.72042200000E-01
   3.77352300000E-01   4.66483700000E-01   4.97291400000E-01   4.80457000000E-01
   4.60446800000E-01   4.62334400000E-01   4.80630000000E-01   4.88067500000E-01
   4.61905200000E-01   4.07872700000E-01   3.46585500000E-01   2.90611900000E-01
   2.44862500000E-01   2.08450000000E-01   1.80173700000E-01   1.57596100000E-01
   1.39181900000E-01   1.23628300000E-01   1.10244500000E-01   9.87112900000E-02
   8.04669100000E-02   6.88636600000E-02   6.22912000000E-02   5.83298600000E-02
   5.58374400000E-02   5.40699800000E-02   5.15990600000E-02   4.69463100000E-02
   4.08769300000E-02   3.55332300000E-02   2.94266100000E-02   2.60099200000E-02
   2.29910100000E-02   2.10460500000E-02   2.00560400000E-02   1.97483900000E-02
   1.97881500000E-02   1.97716600000E-02   1.99204300000E-02   2.02210200000E-02
   2.06194100000E-02   2.10971300000E-02   2.16604300000E-02   2.22288200000E-02
   2.29190700000E-02   2.36375700000E-02   2.43594200000E-02   2.50786400000E-02
   2.58152000000E-02   2.65124600000E-02   2.72388800000E-02   2.79397700000E-02
   2.86728700000E-02   2.93403900000E-02   3.00328500000E-02   3.16990300000E-02
   3.32402600000E-02   3.46295400000E-02   3.58873100000E-02   3.80731200000E-02
   3.98619000000E-02   4.14868700000E-02   4.33131500000E-02   4.39160600000E-02
   4.45130700000E-02   4.50911300000E-02   4.56387000000E-02   4.60183100000E-02
   4.62165800000E-02                   3                  89   0.00000000000E+00
   0.00000000000E+00   1.58639200000E-15   8.48234400000E-13   4.55568200000E-10
   2.52470800000E-07   1.17949600000E-04   1.91427500000E-02   1.64895400000E-01
   6.93925300000E-01   1.17446800000E+00   1.45458600000E+00   1.73582300000E+00
   1.82544100000E+00   1.45616100000E+00   1.46976200000E+00   1.47518400000E+00
   1.51628000000E+00   1.55457800000E+00   1.58640000000E+00   1.59978700000E+00
   1.61130700000E+00   1.61678800000E+00   1.61047200000E+00   1.64214700000E+00
   1.80998500000E+00   1.94106200000E+00   2.03547200000E+00   2.10155600000E+00
   2.14215200000E+00   2.17303800000E+00   2.19940200000E+00   2.22767100000E+00
   2.25476100000E+00   2.28417400000E+00   2.31300800000E+00   2.33679600000E+00
   2.35343600000E+00   2.36041100000E+00   2.35834600000E+00   2.34171600000E+00
   2.37488100000E+00   2.49521500000E+00   2.68108600000E+00   2.91846800000E+00
   3.19026100000E+00   3.40282400000E+00   3.43043300000E+00   3.26545200000E+00
   3.06926600000E+00   2.93658400000E+00   2.92075800000E+00   2.82050100000E+00
   2.76408200000E+00   2.78689300000E+00   2.89362900000E+00   3.03567300000E+00
   3.13628600000E+00   3.24872500000E+00   3.36868700000E+00   3.50619400000E+00
   3.66083300000E+00   3.83757400000E+00   4.01994300000E+00   4.23807100000E+00
   4.46773300000E+00   4.70677600000E+00   4.95649900000E+00   5.22431400000E+00
   5.49203300000E+00   5.78039700000E+00   6.07575200000E+00   6.39773400000E+00
   6.71602900000E+00   7.06224600000E+00   7.96538500000E+00   8.94628900000E+00
   9.98056600000E+00   1.11022100000E+01   1.35413400000E+01   1.63240300000E+01
   1.93440300000E+01   2.27132400000E+01   2.63419800000E+01   3.02965800000E+01
   3.44422500000E+01   3.88519400000E+01   4.33683100000E+01   4.79611400000E+01
                   5                  18                  -1                  -1
                   1                 169                   6                   5
                   0                  82   1.00000000000E+00   5.25000000000E+00
   5.50000000000E+00   5.75000000000E+00   6.00000000000E+00   6.50000000000E+00
   7.00000000000E+00   7.50000000000E+00   8.00000000000E+00   8.50000000000E+00
   9.00000000000E+00   9.50000000000E+00   1.00000000000E+01   1.05000000000E+01
   1.10000000000E+01   1.15000000000E+01   1.20000000000E+01   1.25000000000E+01
   1.30000000000E+01   1.35000000000E+01   1.40000000000E+01   1.45000000000E+01
   1.50000000000E+01   1.55000000000E+01   1.60000000000E+01   1.65000000000E+01
   1.70000000000E+01   1.75000000000E+01   1.80000000000E+01   1.85000000000E+01
   1.90000000000E+01   1.95000000000E+01   2.00000000000E+01   2.10000000000E+01
   2.20000000000E+01   2.30000000000E+01   2.40000000000E+01   2.50000000000E+01
   2.60000000000E+01   2.70000000000E+01   2.80000000000E+01   2.90000000000E+01
   3.00000000000E+01   3.20000000000E+01   3.40000000000E+01   3.60000000000E+01
   3.80000000000E+01   4.00000000000E+01   4.20000000000E+01   4.40000000000E+01
   4.60000000000E+01   4.80000000000E+01   5.00000000000E+01   5.20000000000E+01
   5.40000000000E+01   5.60000000000E+01   5.80000000000E+01   6.00000000000E+01
   6.20000000000E+01   6.40000000000E+01   6.60000000000E+01   6.80000000000E+01
   7.00000000000E+01   7.20000000000E+01   7.40000000000E+01   7.60000000000E+01
   7.80000000000E+01   8.00000000000E+01   8.50000000000E+01   9.00000000000E+01
   9.50000000000E+01   1.00000000000E+02   1.10000000000E+02   1.20000000000E+02
   1.30000000000E+02   1.40000000000E+02   1.50000000000E+02   1.60000000000E+02
   1.70000000000E+02   1.80000000000E+02   1.90000000000E+02   2.00000000000E+02
   0.00000000000E+00   0.00000000000E+00   5.29459000000E-38   1.45420000000E-35
   1.79943000000E-33   1.07408000000E-29   3.96306800000E-01   8.94561800000E-01
   9.31886300000E-01   9.53547100000E-01   9.66481500000E-01   9.77115800000E-01
   9.85302200000E-01   9.90960300000E-01   9.94605200000E-01   9.96828900000E-01
   9.98116400000E-01   9.98722200000E-01   1.00568200000E+00   1.03904100000E+00
   1.11925200000E+00   1.22846600000E+00   1.32612200000E+00   1.40667400000E+00
   1.46251600000E+00   1.50999000000E+00   1.54598800000E+00   1.58374400000E+00
   1.61259300000E+00   1.63139300000E+00   1.63452100000E+00   1.61949200000E+00
   1.58533200000E+00   1.49208200000E+00   1.60499300000E+00   1.97452400000E+00
   2.27731400000E+00   2.47213900000E+00   2.58967200000E+00   2.64434900000E+00
   2.63767700000E+00   2.57398100000E+00   2.48398500000E+00   2.37943200000E+00
   2.33814400000E+00   2.13284000000E+00   1.98565600000E+00   1.99350800000E+00
   2.14480000000E+00   2.33100700000E+00   2.40552500000E+00   2.53526500000E+00
   2.69834300000E+00   2.87649800000E+00   3.08538700000E+00   3.30850800000E+00
   3.51807000000E+00   3.78378900000E+00   4.04661400000E+00   4.33141900000E+00
   4.62173700000E+00   4.91813800000E+00   5.25444600000E+00   5.57229400000E+00
   5.91106000000E+00   6.26577800000E+00   6.63650800000E+00   6.99608900000E+00
   8.04612000000E+00   9.29928300000E+00   1.05668500000E+01   1.18442500000E+01
   1.44476500000E+01   1.69302400000E+01   1.91770700000E+01   2.13134400000E+01
   2.24875600000E+01   2.33127100000E+01   2.40581100000E+01   2.53244800000E+01
   2.73780600000E+01   2.96508600000E+01                   6                  18
                   0                  88   1.00000000000E+00   2.50000000000E+00
   3.00000000000E+00   3.50000000000E+00   4.00000000000E+00   4.50000000000E+00
   5.00000000000E+00   5.25000000000E+00   5.50000000000E+00   5.75000000000E+00
   6.00000000000E+00   6.50000000000E+00   7.00000000000E+00   7.50000000000E+00
   8.00000000000E+00   8.50000000000E+00   9.00000000000E+00   9.50000000000E+00
   1.00000000000E+01   1.05000000000E+01   1.10000000000E+01   1.15000000000E+01
   1.20000000000E+01   1.25000000000E+01   1.30000000000E+01   1.35000000000E+01
   1.40000000000E+01   1.45000000000E+01   1.50000000000E+01   1.55000000000E+01
   1.60000000000E+01   1.65000000000E+01   1.70000000000E+01   1.75000000000E+01
   1.80000000000E+01   1.85000000000E+01   1.90000000000E+01   1.95000000000E+01
   2.00000000000E+01   2.10000000000E+01   2.20000000000E+01   2.30000000000E+01
   2.40000000000E+01   2.50000000000E+01   2.60000000000E+01   2.70000000000E+01
   2.80000000000E+01   2.90000000000E+01   3.00000000000E+01   3.20000000000E+01
   3.40000000000E+01   3.60000000000E+01   3.80000000000E+01   4.00000000000E+01
   4.20000000000E+01   4.40000000000E+01   4.60000000000E+01   4.80000000000E+01
   5.00000000000E+01   5.20000000000E+01   5.40000000000E+01   5.60000000000E+01
   5.80000000000E+01   6.00000000000E+01   6.20000000000E+01   6.40000000000E+01
   6.60000000000E+01   6.80000000000E+01   7.00000000000E+01   7.20000000000E+01
   7.40000000000E+01   7.60000000000E+01   7.80000000000E+01   8.00000000000E+01
   8.50000000000E+01   9.00000000000E+01   9.50000000000E+01   1.00000000000E+02
   1.10000000000E+02   1.20000000000E+02   1.30000000000E+02   1.40000000000E+02
   1.50000000000E+02   1.60000000000E+02   1.70000000000E+02   1.80000000000E+02
   1.90000000000E+02   2.00000000000E+02   1.00000000000E+00   1.00000000000E+00
   1.00000000000E+00   1.00000000000E+00   1.00000000000E+00   1.00000000000E+00
   1.00000000000E+00   1.00000000000E+00   1.00000000000E+00   1.00000000000E+00
   1.00000000000E+00   1.00000000000E+00   1.00000000000E+00   1.00000000000E+00
   1.00000000000E+00   1.00000000000E+00   1.00000000000E+00   1.00000000000E+00
   1.00000000000E+00   1.00000000000E+00   1.00000000000E+00   1.00000000000E+00
   1.00000000000E+00   1.00000000000E+00   1.00000000000E+00   1.00000000000E+00
   1.00000000000E+00   1.00000000000E+00   1.00000000000E+00   1.00000000000E+00
   1.00000000000E+00   1.00000000000E+00   1.00000000000E+00   1.00000000000E+00
   1.00000000000E+00   1.00000000000E+00   1.00000000000E+00   1.00000000000E+00
   1.00000000000E+00   1.00000000000E+00   1.00000000000E+00   1.00000000000E+00
   1.00000000000E+00   1.00000000000E+00   1.00000000000E+00   1.00000000000E+00
   1.00000000000E+00   1.00000000000E+00   1.00000000000E+00   1.00000000000E+00
   1.00000000000E+00   1.00000000000E+00   1.00000000000E+00   1.00000000000E+00
   1.00000000000E+00   1.00000000000E+00   1.00000000000E+00   1.00000000000E+00
   1.00000000000E+00   1.00000000000E+00   1.00000000000E+00   1.00000000000E+00
   1.00000000000E+00   1.00000000000E+00   1.00000000000E+00   1.00000000000E+00
   1.00000000000E+00   1.00000000000E+00   1.00000000000E+00   1.00000000000E+00
   1.00000000000E+00   1.00000000000E+00   1.00000000000E+00   1.00000000000E+00
   1.00000000000E+00   1.00000000000E+00   1.00000000000E+00   1.00000000000E+00
   1.00000000000E+00   1.00000000000E+00   1.00000000000E+00   1.00000000000E+00
   1.00000000000E+00   1.00000000000E+00   1.00000000000E+00   1.00000000000E+00
   1.00000000000E+00   1.00000000000E+00                   0                   0
                   1               68983                   0                   4
                  10                   0                   2   1.00000000000E+00
   2.00000000000E+02   1.00000000000E+00   1.00000000000E+00                   0
                  32   1.00000000000E+00   6.00000000000E+00   8.00000000000E+00
   1.00000000000E+01   1.20000000000E+01   1.40000000000E+01   1.60000000000E+01
   1.80000000000E+01   2.00000000000E+01   2.20000000000E+01   2.40000000000E+01
   2.60000000000E+01   2.80000000000E+01   3.00000000000E+01   3.20000000000E+01
   3.60000000000E+01   4.00000000000E+01   4.40000000000E+01   4.80000000000E+01
   5.00000000000E+01   5.20000000000E+01   5.60000000000E+01   6.00000000000E+01
   7.00000000000E+01   8.00000000000E+01   9.00000000000E+01   1.00000000000E+02
   1.20000000000E+02   1.40000000000E+02   1.60000000000E+02   1.80000000000E+02
   2.00000000000E+02                  76                  87                 215
                 651                1391                2515                3859
                5313                6800                8309                9829
               11638               13772               15893               18001
               20109               22204               24591               26978
               29365               31737               34229               36706
               39168               41941               44680               47798
               50897               54301               58006               61688
               65347                   2                   3   0.00000000000E+00
   5.00000000000E-07   1.00000000000E-06   0.00000000000E+00   2.00000000000E+06
   0.00000000000E+00   0.00000000000E+00   5.00000000000E-01   1.00000000000E+00
                   2                  42   0.00000000000E+00   2.50000000000E-02
   1.00000000000E-01   2.00000000000E-01   3.00000000000E-01   4.00000000000E-01
   5.00000000000E-01   6.00000000000E-01   7.00000000000E-01   8.00000000000E-01
   9.00000000000E-01   1.00000000000E+00   1.10000000000E+00   1.20000000000E+00
   1.30000000000E+00   1.40000000000E+00   1.50000000000E+00   1.60000000000E+00
   1.70000000000E+00   1.80000000000E+00   1.90000000000E+00   2.00000000000E+00
   2.10000000000E+00   2.20000000000E+00   2.30000000000E+00   2.40000000000E+00
   2.50000000000E+00   2.60000000000E+00   2.70000000000E+00   2.80000000000E+00
   2.90000000000E+00   3.00000000000E+00   3.10000000000E+00   3.20000000000E+00
   3.30000000000E+00   3.40000000000E+00   3.50000000000E+00   3.60000000000E+00
   3.70000000000E+00   3.80000000000E+00   3.90000000000E+00   4.00000000000E+00
   0.00000000000E+00   5.20475900000E+00   6.83152000000E+00   1.26705900000E+00
   1.40342800000E-01   1.15842800000E-02   9.48421000000E-04   9.92937000000E-05
   6.14541000000E-06   5.36449000000E-07   2.17565000000E-08   1.08308000000E-09
   2.69012000000E-11   1.21941000000E-12   1.00000000000E-12   1.00000000000E-12
   1.00000000000E-12   1.00000000000E-12   1.00000000000E-12   1.00000000000E-12
   1.00000000000E-12   1.00000000000E-12   1.00000000000E-12   0.00000000000E+00
   0.00000000000E+00   0.00000000000E+00   0.00000000000E+00   0.00000000000E+00
   0.00000000000E+00   0.00000000000E+00   0.00000000000E+00   0.00000000000E+00
   0.00000000000E+00   0.00000000000E+00   0.00000000000E+00   0.00000000000E+00
   0.00000000000E+00   0.00000000000E+00   0.00000000000E+00   0.00000000000E+00
   0.00000000000E+00   0.00000000000E+00   0.00000000000E+00   6.50594875000E-02
   5.16419950000E-01   9.21348900000E-01   9.91718990000E-01   9.99315344000E-01
   9.99941979000E-01   9.99994365000E-01   9.99999637000E-01   9.99999971000E-01
   9.99999999000E-01   1.00000000000E+00   1.00000000000E+00   1.00000000000E+00
   1.00000000000E+00   1.00000000000E+00   1.00000000000E+00   1.00000000000E+00
   1.00000000000E+00   1.00000000000E+00   1.00000000000E+00   1.00000000000E+00
   1.00000000000E+00   1.00000000000E+00   1.00000000000E+00   1.00000000000E+00
   1.00000000000E+00   1.00000000000E+00   1.00000000000E+00   1.00000000000E+00
   1.00000000000E+00   1.00000000000E+00   1.00000000000E+00   1.00000000000E+00
   1.00000000000E+00   1.00000000000E+00   1.00000000000E+00   1.00000000000E+00
   1.00000000000E+00   1.00000000000E+00   1.00000000000E+00   1.00000000000E+00
                   2                  62   0.00000000000E+00   2.50000000000E-02
   1.00000000000E-01   2.00000000000E-01   3.00000000000E-01   4.00000000000E-01
   5.00000000000E-01   6.00000000000E-01   7.00000000000E-01   8.00000000000E-01
   9.00000000000E-01   1.00000000000E+00   1.10000000000E+00   1.20000000000E+00
   1.30000000000E+00   1.40000000000E+00   1.50000000000E+00   1.60000000000E+00
   1.70000000000E+00   1.80000000000E+00   1.90000000000E+00   2.00000000000E+00
   2.10000000000E+00   2.20000000000E+00   2.30000000000E+00   2.40000000000E+00
   2.50000000000E+00   2.60000000000E+00   2.70000000000E+00   2.80000000000E+00
   2.90000000000E+00   3.00000000000E+00   3.10000000000E+00   3.20000000000E+00
   3.30000000000E+00   3.40000000000E+00   3.50000000000E+00   3.60000000000E+00
   3.70000000000E+00   3.80000000000E+00   3.90000000000E+00   4.00000000000E+00
   4.10000000000E+00   4.20000000000E+00   4.30000000000E+00   4.40000000000E+00
   4.50000000000E+00   4.60000000000E+00   4.70000000000E+00   4.80000000000E+00
   4.90000000000E+00   5.00000000000E+00   5.10000000000E+00   5.20000000000E+00
   5.30000000000E+00   5.40000000000E+00   5.50000000000E+00   5.60000000000E+00
   5.70000000000E+00   5.80000000000E+00   5.90000000000E+00   6.00000000000E+00
   0.00000000000E+00   8.99443800000E-02   3.56740300000E-01   6.67231800000E-01
   8.36217700000E-01   4.43017300000E-01   3.96650200000E-01   6.53160000000E-01
   1.44910300000E+00   2.69167900000E+00   2.26505000000E-01   7.07603500000E-01
   6.17204000000E-01   9.54509000000E-01   9.99999900000E-13   9.99999900000E-13
   9.99999900000E-13   9.99999900000E-13   9.99999900000E-13   9.99999900000E-13
   0.00000000000E+00   0.00000000000E+00   0.00000000000E+00   0.00000000000E+00
   0.00000000000E+00   0.00000000000E+00   0.00000000000E+00   0.00000000000E+00
   0.00000000000E+00   0.00000000000E+00   0.00000000000E+00   0.00000000000E+00
   0.00000000000E+00   0.00000000000E+00   0.00000000000E+00   0.00000000000E+00
   0.00000000000E+00   0.00000000000E+00   0.00000000000E+00   0.00000000000E+00
   0.00000000000E+00   0.00000000000E+00   0.00000000000E+00   0.00000000000E+00
   0.00000000000E+00   0.00000000000E+00   0.00000000000E+00   0.00000000000E+00
   0.00000000000E+00   0.00000000000E+00   0.00000000000E+00   0.00000000000E+00
   0.00000000000E+00   0.00000000000E+00   0.00000000000E+00   0.00000000000E+00
   0.00000000000E+00   0.00000000000E+00   0.00000000000E+00   0.00000000000E+00
   0.00000000000E+00   0.00000000000E+00   0.00000000000E+00   1.12430481000E-03
   1.78749798000E-02   6.90735819000E-02   1.44246053000E-01   2.08207799000E-01
   2.50191172000E-01   3.02681679000E-01   4.07794823000E-01   6.14833911000E-01
   7.60743103000E-01   8.07448526000E-01   8.73688897000E-01   9.52274548000E-01
   1.00000000000E+00   1.00000000000E+00   1.00000000000E+00   1.00000000000E+00
   1.00000000000E+00   1.00000000000E+00   1.00000000000E+00   1.00000000000E+00
   1.00000000000E+00   1.00000000000E+00   1.00000000000E+00   1.00000000000E+00
   1.00000000000E+00   1.00000000000E+00   1.00000000000E+00   1.00000000000E+00
   1.00000000000E+00   1.00000000000E+00   1.00000000000E+00   1.00000000000E+00
   1.00000000000E+00   1.00000000000E+00   1.00000000000E+00   1.00000000000E+00
   1.00000000000E+00   1.00000000000E+00   1.00000000000E+00   1.00000000000E+00
   1.00000000000E+00   1.00000000000E+00   1.00000000000E+00   1.00000000000E+00
   1.00000000000E+00   1.00000000000E+00   1.00000000000E+00   1.00000000000E+00
   1.00000000000E+00   1.00000000000E+00   1.00000000000E+00   1.00000000000E+00
   1.00000000000E+00   1.00000000000E+00   1.00000000000E+00   1.00000000000E+00
   1.00000000000E+00   1.00000000000E+00   1.00000000000E+00   1.00000000000E+00
                   0                   0                   0                   0
                   0                   0                   0                   0
                   0                   0                   0                   0
                   0                   0                   0                   0
                   0                   0                   0                   0
                   0                   0                   0                   0
                   0                   0                   0                   0
                   0                   0                   0                   0
                   0                   0                   0                   0
                   0                   0                   0                   0
                   0                   0                   0                   0
                   0                   0                   0                   0
                   0                   0                   0                   0
                   0                   0                   0                   0
                   0                   0                   0                   0
                   0                   0                   0                   0
                   0                   0                   0                   0
                   0                   0                   0                   0
                   0                   0                   0                   0
                   0                   0                   0                   0
                   0                   0                   0                   0
                   0                   0                   0                   0
                   0                   0                   0                   0
                   0                   0                   0                   0
                   0                   0                   0                   0
                   0                   0                   0                   0
                   0                   0                   0                   0
                   0                   0                   0                   0
                   0                   0                   0                   0
                   0                   0                   0                   0
                   0                   0                   0                   0
                   0                   0                   0                   0
                   0                   0                   0                   0
                   0                   0                   0                   0
                   0                   0                   0                   0
                   0
