 92235.00u  233.024800  0.0000E+00   06/19/20
Ace U235 IAEA-PD                                                         mat9228
      0         0.      0         0.      0         0.      0         0.
      0         0.      0         0.      0         0.      0         0.
      0         0.      0         0.      0         0.      0         0.
      0         0.      0         0.      0         0.      0         0.
   451730    92235       91        2        7        2       12        0
        0        0        0        0        0        0        0        1
        1       92       92        0      183      274      276      278
      280      462      546        0        0        0        0        0
        0        0        0        0        0        0        0        0
        0        0        0        0        0        0        0        0
   9.99999000000E-01   1.00000000000E+00   1.50000000000E+00   2.00000000000E+00
   2.50000000000E+00   3.00000000000E+00   3.50000000000E+00   4.00000000000E+00
   4.50000000000E+00   5.00000000000E+00   5.25000000000E+00   5.50000000000E+00
   5.75000000000E+00   6.00000000000E+00   6.50000000000E+00   7.00000000000E+00
   7.50000000000E+00   8.00000000000E+00   8.50000000000E+00   9.00000000000E+00
   9.50000000000E+00   1.00000000000E+01   1.05000000000E+01   1.10000000000E+01
   1.15000000000E+01   1.20000000000E+01   1.25000000000E+01   1.30000000000E+01
   1.35000000000E+01   1.40000000000E+01   1.45000000000E+01   1.50000000000E+01
   1.55000000000E+01   1.60000000000E+01   1.65000000000E+01   1.70000000000E+01
   1.75000000000E+01   1.80000000000E+01   1.85000000000E+01   1.90000000000E+01
   1.95000000000E+01   2.00000000000E+01   2.10000000000E+01   2.20000000000E+01
   2.30000000000E+01   2.40000000000E+01   2.50000000000E+01   2.60000000000E+01
   2.70000000000E+01   2.80000000000E+01   2.90000000000E+01   3.00000000000E+01
   3.20000000000E+01   3.40000000000E+01   3.60000000000E+01   3.80000000000E+01
   4.00000000000E+01   4.20000000000E+01   4.40000000000E+01   4.60000000000E+01
   4.80000000000E+01   5.00000000000E+01   5.20000000000E+01   5.40000000000E+01
   5.60000000000E+01   5.80000000000E+01   6.00000000000E+01   6.20000000000E+01
   6.40000000000E+01   6.60000000000E+01   6.80000000000E+01   7.00000000000E+01
   7.20000000000E+01   7.40000000000E+01   7.60000000000E+01   7.80000000000E+01
   8.00000000000E+01   8.50000000000E+01   9.00000000000E+01   9.50000000000E+01
   1.00000000000E+02   1.10000000000E+02   1.20000000000E+02   1.30000000000E+02
   1.40000000000E+02   1.50000000000E+02   1.60000000000E+02   1.70000000000E+02
   1.80000000000E+02   1.90000000000E+02   2.00000000000E+02   0.00000000000E+00
   7.32027500000E-05   2.06197700000E-04   4.48483500000E-04   8.45742400000E-04
   1.45907300000E-03   2.37239800001E-03   3.70247301004E-03   5.61003351792E-03
   8.30538902000E-03   1.00254903200E-02   1.20383907000E-02   1.43814460000E-02
   1.71025100000E-02   2.39885600000E-02   3.34246000000E-02   4.50759200000E-02
   5.97818600000E-02   8.32928200000E-02   1.22806800000E-01   1.88130680000E-01
   2.89024600000E-01   4.10513800000E-01   4.81157900000E-01   4.65065200000E-01
   4.29325000000E-01   4.25149900000E-01   4.55486200000E-01   4.95668400000E-01
   5.08656500000E-01   4.75980400000E-01   4.13148300000E-01   3.45016100000E-01
   2.85303000000E-01   2.37296200000E-01   1.99813700000E-01   1.70641700000E-01
   1.47749100000E-01   1.29551900000E-01   1.14880300000E-01   1.02883900000E-01
   9.29440100000E-02   7.71510800000E-02   6.55338500000E-02   5.66960500000E-02
   4.97914600000E-02   4.42835200000E-02   3.98180700000E-02   3.61528200000E-02
   3.31165900000E-02   3.05848500000E-02   2.84645400000E-02   2.51885900000E-02
   2.28800300000E-02   2.12708800000E-02   2.01752000000E-02   1.94590700000E-02
   1.90238500000E-02   1.87960600000E-02   1.87206100000E-02   1.87561300000E-02
   1.88715000000E-02   1.90432900000E-02   1.92538300000E-02   1.94897600000E-02
   1.97409300000E-02   1.99996000000E-02   2.02598400000E-02   2.05170700000E-02
   2.07677500000E-02   2.10091100000E-02   2.12390300000E-02   2.14558900000E-02
   2.16584800000E-02   2.18459400000E-02   2.20177500000E-02   2.21736500000E-02
   2.24943700000E-02   2.27223700000E-02   2.28709600000E-02   2.29586900000E-02
   2.30411100000E-02   2.31594500000E-02   2.35025300000E-02   2.42473900000E-02
   2.51135700000E-02   2.65178100000E-02   2.85029900000E-02   3.10685500000E-02
   3.40930300000E-02   3.72074400000E-02   0.00000000000E+00   1.00000000000E+00
   2.04735100000E-01   1.68829900000E-01   2.19363300000E-01   2.31067900000E-01
   2.03528400000E-01   1.33980800000E-01   2.19681700000E-01   3.97642600000E-01
   2.13667400000E+00   1.21009700000E+01   4.72212000000E+01   9.53374400000E+01
   9.84743000000E+01   9.46110400000E+01   9.19988800000E+01   9.24003500000E+01
   9.41020900000E+01   9.31383900000E+01   9.35541700000E+01   9.36359800000E+01
   9.24955800000E+01   9.10509400000E+01   1.07708900000E+02   1.31663200000E+02
   1.49618600000E+02   1.58078700000E+02   1.59471900000E+02   1.58338000000E+02
   1.56939300000E+02   1.56090100000E+02   1.55030000000E+02   1.55581200000E+02
   1.55358000000E+02   1.55073900000E+02   1.54830200000E+02   1.54998100000E+02
   1.56849500000E+02   1.60567400000E+02   1.65024400000E+02   1.69634700000E+02
   1.76087000000E+02   1.79240900000E+02   1.80562400000E+02   1.82545000000E+02
   1.85093900000E+02   1.88079500000E+02   1.90677400000E+02   1.92476000000E+02
   1.93948900000E+02   1.95246200000E+02   1.94134700000E+02   1.95489200000E+02
   1.96134100000E+02   1.96695700000E+02   1.96803800000E+02   1.97015900000E+02
   1.97365900000E+02   1.97783500000E+02   1.98375100000E+02   1.99157400000E+02
   2.00103900000E+02   2.00622500000E+02   2.01246500000E+02   2.01367700000E+02
   2.01418400000E+02   2.01397400000E+02   2.01678600000E+02   2.02059100000E+02
   2.02465200000E+02   2.02407600000E+02   2.02475100000E+02   2.02926400000E+02
   2.03537500000E+02   2.03892200000E+02   2.04765500000E+02   2.07107900000E+02
   2.10073200000E+02   2.13273000000E+02   2.16765700000E+02   2.25247900000E+02
   2.34229200000E+02   2.42885500000E+02   2.51538800000E+02   2.59648300000E+02
   2.67163000000E+02   2.74239000000E+02   2.80666200000E+02   2.86460000000E+02
   2.91830500000E+02                   5                  18   0.00000000000E+00
   1.93660000000E+02                   1                  94                   1
                  91   0.00000000000E+00   7.32027500000E-05   2.06197700000E-04
   4.48483500000E-04   8.45742400000E-04   1.45907300000E-03   2.37239800000E-03
   3.70247300000E-03   5.61002600000E-03   8.30077600000E-03   9.93347000000E-03
   1.14461900000E-02   1.11274700000E-02   9.01027200000E-03   1.23067500000E-02
   1.78800600000E-02   2.48261900000E-02   3.29340000000E-02   4.52856800000E-02
   6.75414600000E-02   1.03301700000E-01   1.58912900000E-01   2.28665000000E-01
   2.72220200000E-01   2.24609200000E-01   1.56099300000E-01   1.16987500000E-01
   1.07107000000E-01   1.14446700000E-01   1.21732000000E-01   1.18417200000E-01
   1.05505300000E-01   9.07301000000E-02   7.48634000000E-02   6.30152000000E-02
   5.37459000000E-02   4.64444000000E-02   4.03792000000E-02   3.44738800000E-02
   2.86814400000E-02   2.36219000000E-02   1.94109800000E-02   1.39915600000E-02
   1.11611800000E-02   9.54382000000E-03   8.12444000000E-03   6.87986000000E-03
   5.79415000000E-03   4.97714000000E-03   4.42890000000E-03   4.01944000000E-03
   3.69853000000E-03   3.65568000000E-03   3.38730000000E-03   3.28259000000E-03
   3.24701000000E-03   3.30102000000E-03   3.37894000000E-03   3.47257000000E-03
   3.58345000000E-03   3.69400000000E-03   3.80078000000E-03   3.90293000000E-03
   4.05030000000E-03   4.19024000000E-03   4.37676000000E-03   4.56732000000E-03
   4.76450000000E-03   4.93657000000E-03   5.09666000000E-03   5.24552000000E-03
   5.43862000000E-03   5.61844000000E-03   5.75461000000E-03   5.87172000000E-03
   6.01800000000E-03   6.10321000000E-03   6.28619000000E-03   6.38118000000E-03
   6.42879000000E-03   6.42760000000E-03   6.27379000000E-03   6.08086000000E-03
   5.98925000000E-03   5.96180000000E-03   6.00345000000E-03   6.21387000000E-03
   6.58616000000E-03   7.11129000000E-03   7.81507000000E-03   8.68944000000E-03
                   5                  87   0.00000000000E+00   1.71809000000E-17
   1.30741000000E-14   1.00355000000E-11   7.51791500000E-09   4.61302000000E-06
   9.20203200000E-05   5.92200700000E-04   3.25397600000E-03   8.09223800000E-03
   1.16818100000E-02   1.55445400000E-02   2.02497300000E-02   2.68478600000E-02
   3.80071400000E-02   5.52653400000E-02   8.48289800000E-02   1.30111700000E-01
   1.81848800000E-01   2.08937700000E-01   2.40456000000E-01   2.73225700000E-01
   3.08162400000E-01   3.48379200000E-01   3.81221700000E-01   3.86924500000E-01
   3.57563200000E-01   3.07643000000E-01   2.54286000000E-01   2.10439600000E-01
   1.74281000000E-01   1.46067800000E-01   1.24197300000E-01   1.07369900000E-01
   9.50780200000E-02   8.61988600000E-02   7.92620000000E-02   7.35330300000E-02
   6.31595200000E-02   5.43726700000E-02   4.71522300000E-02   4.16670200000E-02
   3.74036600000E-02   3.40239200000E-02   3.11756800000E-02   2.86876900000E-02
   2.65654100000E-02   2.47660100000E-02   2.15329100000E-02   1.94927300000E-02
   1.79882900000E-02   1.69281900000E-02   1.61580500000E-02   1.56449100000E-02
   1.53234900000E-02   1.51371600000E-02   1.50621300000E-02   1.50707200000E-02
   1.51403600000E-02   1.52035300000E-02   1.52995200000E-02   1.53641700000E-02
   1.54322800000E-02   1.54953400000E-02   1.55805000000E-02   1.56710900000E-02
   1.57635900000E-02   1.58004100000E-02   1.58374500000E-02   1.59038700000E-02
   1.59742200000E-02   1.59997500000E-02   1.60704400000E-02   1.62081800000E-02
   1.63411900000E-02   1.64421700000E-02   1.65310900000E-02   1.67673200000E-02
   1.70785900000E-02   1.75132800000E-02   1.82855900000E-02   1.91101200000E-02
   2.03039400000E-02   2.19168300000E-02   2.39572600000E-02   2.62779600000E-02
   2.85180000000E-02                   1                   2                 546
                 639                 732                 734                 736
                 738                1084                1086                1086
                1088                   2                   1               81920
               82013               82106               82107               82108
               82109               82293               82294               82294
               82295                   9                   1               98861
               98940               99019               99020               99021
               99022               99190               99191               99191
               99192                  31                   1              166629
              166701              166773              166774              166775
              166776              166938              166939              166939
              166940                  32                   1              231218
              231289              231360              231361              231362
              231363              231525              231526              231526
              231527                  33                   1              296553
              296620              296687              296688              296689
              296690              296850              296851              296851
              296852                  34                   1              360433
              360526              360619              360620              360621
              360622              360806              360807              360807
              360808                   1                  91   0.00000000000E+00
   0.00000000000E+00   5.97163100000E-33   2.59768000000E-32   7.34798900000E-32
   1.71809000000E-17   1.30741000000E-14   1.00355000000E-11   7.51791500000E-09
   4.61302000000E-06   9.20203200000E-05   6.11206500000E-03   1.02347800000E-02
   1.38637400000E-02   2.15744600000E-02   3.10348800000E-02   4.27934500000E-02
   5.76821500000E-02   8.13245100000E-02   1.20972700000E-01   1.86372300000E-01
   2.87371000000E-01   4.09085500000E-01   4.80119500000E-01   4.64413200000E-01
   4.28901200000E-01   4.25778700000E-01   4.66496000000E-01   5.22824300000E-01
   5.51127100000E-01   5.26757500000E-01   4.64282500000E-01   3.93334900000E-01
   3.27132200000E-01   2.74342500000E-01   2.32830400000E-01   2.00255300000E-01
   1.74267900000E-01   1.52446500000E-01   1.33763200000E-01   1.18145900000E-01
   1.05182700000E-01   8.58996800000E-02   7.29414900000E-02   6.35521100000E-02
   5.56367300000E-02   4.88770600000E-02   4.31721600000E-02   3.85996700000E-02
   3.49954700000E-02   3.20939100000E-02   2.97147400000E-02   2.65473000000E-02
   2.41654700000E-02   2.26737500000E-02   2.17813500000E-02   2.13958400000E-02
   2.13970300000E-02   2.16982300000E-02   2.22138800000E-02   2.29633900000E-02
   2.38867900000E-02   2.48959300000E-02   2.61240700000E-02   2.75150700000E-02
   2.91334500000E-02   3.10407800000E-02   3.30627100000E-02   3.50889900000E-02
   3.71629300000E-02   3.94141100000E-02   4.17851600000E-02   4.41619400000E-02
   4.64563800000E-02   4.87906800000E-02   5.09480000000E-02   5.30135800000E-02
   5.80040600000E-02   6.24470700000E-02   6.66949200000E-02   7.05579500000E-02
   7.68327600000E-02   8.25897000000E-02   8.89224500000E-02   9.73626100000E-02
   1.07098800000E-01   1.19890300000E-01   1.36529900000E-01   1.57975800000E-01
   1.83073800000E-01   2.08509800000E-01                   1                  91
   0.00000000000E+00   0.00000000000E+00   1.74958800000E-30   6.99832300000E-30
   1.57462100000E-29   1.57213200000E-14   9.19717100000E-12   5.42823100000E-09
   2.70182600000E-06   1.12731600000E-03   1.86912700000E-02   3.49809200000E-01
   7.42388400000E-01   1.17697900000E+00   1.28148700000E+00   1.30365100000E+00
   1.33285400000E+00   1.38136500000E+00   1.42672300000E+00   1.45371200000E+00
   1.48722400000E+00   1.51730400000E+00   1.54809200000E+00   1.57748100000E+00
   1.69520000000E+00   1.83456100000E+00   1.93857000000E+00   2.02247600000E+00
   2.09166700000E+00   2.15424700000E+00   2.22508900000E+00   2.29275200000E+00
   2.36323100000E+00   2.42110900000E+00   2.48976900000E+00   2.56028200000E+00
   2.63158600000E+00   2.69929000000E+00   2.73773500000E+00   2.74575600000E+00
   2.73638900000E+00   2.71767700000E+00   2.70884600000E+00   2.75569300000E+00
   2.83213300000E+00   2.86663500000E+00   2.84789000000E+00   2.79847500000E+00
   2.74928600000E+00   2.72394500000E+00   2.71248600000E+00   2.70888400000E+00
   2.84280600000E+00   2.91546100000E+00   3.03657500000E+00   3.17111700000E+00
   3.35235500000E+00   3.56334200000E+00   3.80704400000E+00   4.07766600000E+00
   4.38961900000E+00   4.72746900000E+00   5.07222000000E+00   5.48003300000E+00
   5.93409800000E+00   6.46080600000E+00   7.08563500000E+00   7.72926100000E+00
   8.37086200000E+00   9.03037300000E+00   9.75395200000E+00   1.05371300000E+01
   1.13196300000E+01   1.20768200000E+01   1.28573500000E+01   1.36006200000E+01
   1.43159700000E+01   1.61158100000E+01   1.78300800000E+01   1.95588500000E+01
   2.12500500000E+01   2.42575800000E+01   2.71546200000E+01   2.99920600000E+01
   3.30856700000E+01   3.62810400000E+01   3.96804900000E+01   4.32287900000E+01
   4.71654300000E+01   5.12691100000E+01   5.49822300000E+01                   5
                  18                  -1                  -1                   1
                 169                   6                   5                   0
                  82   1.00000000000E+00   5.25000000000E+00   5.50000000000E+00
   5.75000000000E+00   6.00000000000E+00   6.50000000000E+00   7.00000000000E+00
   7.50000000000E+00   8.00000000000E+00   8.50000000000E+00   9.00000000000E+00
   9.50000000000E+00   1.00000000000E+01   1.05000000000E+01   1.10000000000E+01
   1.15000000000E+01   1.20000000000E+01   1.25000000000E+01   1.30000000000E+01
   1.35000000000E+01   1.40000000000E+01   1.45000000000E+01   1.50000000000E+01
   1.55000000000E+01   1.60000000000E+01   1.65000000000E+01   1.70000000000E+01
   1.75000000000E+01   1.80000000000E+01   1.85000000000E+01   1.90000000000E+01
   1.95000000000E+01   2.00000000000E+01   2.10000000000E+01   2.20000000000E+01
   2.30000000000E+01   2.40000000000E+01   2.50000000000E+01   2.60000000000E+01
   2.70000000000E+01   2.80000000000E+01   2.90000000000E+01   3.00000000000E+01
   3.20000000000E+01   3.40000000000E+01   3.60000000000E+01   3.80000000000E+01
   4.00000000000E+01   4.20000000000E+01   4.40000000000E+01   4.60000000000E+01
   4.80000000000E+01   5.00000000000E+01   5.20000000000E+01   5.40000000000E+01
   5.60000000000E+01   5.80000000000E+01   6.00000000000E+01   6.20000000000E+01
   6.40000000000E+01   6.60000000000E+01   6.80000000000E+01   7.00000000000E+01
   7.20000000000E+01   7.40000000000E+01   7.60000000000E+01   7.80000000000E+01
   8.00000000000E+01   8.50000000000E+01   9.00000000000E+01   9.50000000000E+01
   1.00000000000E+02   1.10000000000E+02   1.20000000000E+02   1.30000000000E+02
   1.40000000000E+02   1.50000000000E+02   1.60000000000E+02   1.70000000000E+02
   1.80000000000E+02   1.90000000000E+02   2.00000000000E+02   0.00000000000E+00
   2.46166000000E-28   4.82244700000E-01   6.27348800000E-01   6.40546800000E-01
   8.03839100000E-01   8.66347200000E-01   9.08062000000E-01   9.36244900000E-01
   9.56535700000E-01   9.72844700000E-01   9.82977800000E-01   9.89594200000E-01
   9.93753800000E-01   9.96185600000E-01   9.97097400000E-01   9.97285100000E-01
   1.00537500000E+00   1.10279300000E+00   1.23728000000E+00   1.34888600000E+00
   1.42879800000E+00   1.48466000000E+00   1.53255500000E+00   1.55874000000E+00
   1.58789500000E+00   1.61431100000E+00   1.63761400000E+00   1.65674500000E+00
   1.66411500000E+00   1.65836800000E+00   1.64609400000E+00   1.63050300000E+00
   1.62527700000E+00   1.66369700000E+00   1.71837700000E+00   1.71946700000E+00
   1.66767900000E+00   1.57887500000E+00   1.49161800000E+00   1.42423200000E+00
   1.37544100000E+00   1.33802600000E+00   1.37167000000E+00   1.37948800000E+00
   1.42736600000E+00   1.49465500000E+00   1.58671800000E+00   1.70234300000E+00
   1.83574000000E+00   1.97483400000E+00   2.13894400000E+00   2.31954100000E+00
   2.49954900000E+00   2.69622900000E+00   2.91523900000E+00   3.14599900000E+00
   3.41743000000E+00   3.68713900000E+00   3.95183100000E+00   4.21684800000E+00
   4.50870800000E+00   4.77782100000E+00   5.04134500000E+00   5.30922400000E+00
   5.58890000000E+00   5.80728600000E+00   6.05306700000E+00   6.64884100000E+00
   7.22529000000E+00   7.81682900000E+00   8.40544900000E+00   9.57402800000E+00
   1.07733300000E+01   1.19228900000E+01   1.32639500000E+01   1.46563500000E+01
   1.60264700000E+01   1.74021100000E+01   1.88458800000E+01   2.00632600000E+01
   2.07138600000E+01                   6                  18                   0
                  87   1.00000000000E+00   3.00000000000E+00   3.50000000000E+00
   4.00000000000E+00   4.50000000000E+00   5.00000000000E+00   5.25000000000E+00
   5.50000000000E+00   5.75000000000E+00   6.00000000000E+00   6.50000000000E+00
   7.00000000000E+00   7.50000000000E+00   8.00000000000E+00   8.50000000000E+00
   9.00000000000E+00   9.50000000000E+00   1.00000000000E+01   1.05000000000E+01
   1.10000000000E+01   1.15000000000E+01   1.20000000000E+01   1.25000000000E+01
   1.30000000000E+01   1.35000000000E+01   1.40000000000E+01   1.45000000000E+01
   1.50000000000E+01   1.55000000000E+01   1.60000000000E+01   1.65000000000E+01
   1.70000000000E+01   1.75000000000E+01   1.80000000000E+01   1.85000000000E+01
   1.90000000000E+01   1.95000000000E+01   2.00000000000E+01   2.10000000000E+01
   2.20000000000E+01   2.30000000000E+01   2.40000000000E+01   2.50000000000E+01
   2.60000000000E+01   2.70000000000E+01   2.80000000000E+01   2.90000000000E+01
   3.00000000000E+01   3.20000000000E+01   3.40000000000E+01   3.60000000000E+01
   3.80000000000E+01   4.00000000000E+01   4.20000000000E+01   4.40000000000E+01
   4.60000000000E+01   4.80000000000E+01   5.00000000000E+01   5.20000000000E+01
   5.40000000000E+01   5.60000000000E+01   5.80000000000E+01   6.00000000000E+01
   6.20000000000E+01   6.40000000000E+01   6.60000000000E+01   6.80000000000E+01
   7.00000000000E+01   7.20000000000E+01   7.40000000000E+01   7.60000000000E+01
   7.80000000000E+01   8.00000000000E+01   8.50000000000E+01   9.00000000000E+01
   9.50000000000E+01   1.00000000000E+02   1.10000000000E+02   1.20000000000E+02
   1.30000000000E+02   1.40000000000E+02   1.50000000000E+02   1.60000000000E+02
   1.70000000000E+02   1.80000000000E+02   1.90000000000E+02   2.00000000000E+02
   1.00000000000E+00   1.00000000000E+00   1.00000000000E+00   1.00000000000E+00
   1.00000000000E+00   1.00000000000E+00   1.00000000000E+00   1.00000000000E+00
   1.00000000000E+00   1.00000000000E+00   1.00000000000E+00   1.00000000000E+00
   1.00000000000E+00   1.00000000000E+00   1.00000000000E+00   1.00000000000E+00
   1.00000000000E+00   1.00000000000E+00   1.00000000000E+00   1.00000000000E+00
   1.00000000000E+00   1.00000000000E+00   1.00000000000E+00   1.00000000000E+00
   1.00000000000E+00   1.00000000000E+00   1.00000000000E+00   1.00000000000E+00
   1.00000000000E+00   1.00000000000E+00   1.00000000000E+00   1.00000000000E+00
   1.00000000000E+00   1.00000000000E+00   1.00000000000E+00   1.00000000000E+00
   1.00000000000E+00   1.00000000000E+00   1.00000000000E+00   1.00000000000E+00
   1.00000000000E+00   1.00000000000E+00   1.00000000000E+00   1.00000000000E+00
   1.00000000000E+00   1.00000000000E+00   1.00000000000E+00   1.00000000000E+00
   1.00000000000E+00   1.00000000000E+00   1.00000000000E+00   1.00000000000E+00
   1.00000000000E+00   1.00000000000E+00   1.00000000000E+00   1.00000000000E+00
   1.00000000000E+00   1.00000000000E+00   1.00000000000E+00   1.00000000000E+00
   1.00000000000E+00   1.00000000000E+00   1.00000000000E+00   1.00000000000E+00
   1.00000000000E+00   1.00000000000E+00   1.00000000000E+00   1.00000000000E+00
   1.00000000000E+00   1.00000000000E+00   1.00000000000E+00   1.00000000000E+00
   1.00000000000E+00   1.00000000000E+00   1.00000000000E+00   1.00000000000E+00
   1.00000000000E+00   1.00000000000E+00   1.00000000000E+00   1.00000000000E+00
   1.00000000000E+00   1.00000000000E+00   1.00000000000E+00   1.00000000000E+00
   1.00000000000E+00   1.00000000000E+00   1.00000000000E+00                   0
                   0                   1               71117                   0
                   4                  10                   0                   2
   1.00000000000E+00   2.00000000000E+02   1.00000000000E+00   1.00000000000E+00
                   0                  32   1.00000000000E+00   6.00000000000E+00
   8.00000000000E+00   1.00000000000E+01   1.20000000000E+01   1.40000000000E+01
   1.60000000000E+01   1.80000000000E+01   2.00000000000E+01   2.20000000000E+01
   2.40000000000E+01   2.60000000000E+01   2.80000000000E+01   3.00000000000E+01
   3.20000000000E+01   3.60000000000E+01   4.00000000000E+01   4.40000000000E+01
   4.80000000000E+01   5.00000000000E+01   5.20000000000E+01   5.60000000000E+01
   6.00000000000E+01   7.00000000000E+01   8.00000000000E+01   9.00000000000E+01
   1.00000000000E+02   1.20000000000E+02   1.40000000000E+02   1.60000000000E+02
   1.80000000000E+02   2.00000000000E+02                  76                  87
                 260                 493                1368                2657
                4166                5785                7404                9034
               10664               12902               15114               17313
               19499               21672               23832               26294
               28726               31158               33575               36112
               38634               41126               43933               46774
               49911               53010               56435               60140
               63822               67481                   2                   3
   0.00000000000E+00   5.00000000000E-07   1.00000000000E-06   0.00000000000E+00
   2.00000000000E+06   0.00000000000E+00   0.00000000000E+00   5.00000000000E-01
   1.00000000000E+00                   2                  57   0.00000000000E+00
   2.50000000000E-02   1.00000000000E-01   2.00000000000E-01   3.00000000000E-01
   4.00000000000E-01   5.00000000000E-01   6.00000000000E-01   7.00000000000E-01
   8.00000000000E-01   9.00000000000E-01   1.00000000000E+00   1.10000000000E+00
   1.20000000000E+00   1.30000000000E+00   1.40000000000E+00   1.50000000000E+00
   1.60000000000E+00   1.70000000000E+00   1.80000000000E+00   1.90000000000E+00
   2.00000000000E+00   2.10000000000E+00   2.20000000000E+00   2.30000000000E+00
   2.40000000000E+00   2.50000000000E+00   2.60000000000E+00   2.70000000000E+00
   2.80000000000E+00   2.90000000000E+00   3.00000000000E+00   3.10000000000E+00
   3.20000000000E+00   3.30000000000E+00   3.40000000000E+00   3.50000000000E+00
   3.60000000000E+00   3.70000000000E+00   3.80000000000E+00   3.90000000000E+00
   4.00000000000E+00   4.10000000000E+00   4.20000000000E+00   4.30000000000E+00
   4.40000000000E+00   4.50000000000E+00   4.60000000000E+00   4.70000000000E+00
   4.80000000000E+00   4.90000000000E+00   5.00000000000E+00   5.10000000000E+00
   5.20000000000E+00   5.30000000000E+00   5.40000000000E+00   5.50000000000E+00
   0.00000000000E+00   5.71793200000E-03   2.04096300000E-02   1.65408900000E-02
   7.45110200000E-03   1.14417000000E+00   5.72885000000E-04   5.91535000000E+00
   2.89519700000E+00   1.00000000000E-12   1.00000000000E-12   1.00000000000E-12
   1.00000000000E-12   1.00000000000E-12   1.00000000000E-12   1.00000000000E-12
   0.00000000000E+00   0.00000000000E+00   0.00000000000E+00   0.00000000000E+00
   0.00000000000E+00   0.00000000000E+00   0.00000000000E+00   0.00000000000E+00
   0.00000000000E+00   0.00000000000E+00   0.00000000000E+00   0.00000000000E+00
   0.00000000000E+00   0.00000000000E+00   0.00000000000E+00   0.00000000000E+00
   0.00000000000E+00   0.00000000000E+00   0.00000000000E+00   0.00000000000E+00
   0.00000000000E+00   0.00000000000E+00   0.00000000000E+00   0.00000000000E+00
   0.00000000000E+00   0.00000000000E+00   0.00000000000E+00   0.00000000000E+00
   0.00000000000E+00   0.00000000000E+00   0.00000000000E+00   0.00000000000E+00
   0.00000000000E+00   0.00000000000E+00   0.00000000000E+00   0.00000000000E+00
   0.00000000000E+00   0.00000000000E+00   0.00000000000E+00   0.00000000000E+00
   0.00000000000E+00   0.00000000000E+00   7.14741552000E-05   1.05125780000E-03
   2.89878394000E-03   4.09838357000E-03   6.16794428000E-02   1.18916591000E-01
   4.14712757000E-01   8.55240139000E-01   1.00000000000E+00   1.00000000000E+00
   1.00000000000E+00   1.00000000000E+00   1.00000000000E+00   1.00000000000E+00
   1.00000000000E+00   1.00000000000E+00   1.00000000000E+00   1.00000000000E+00
   1.00000000000E+00   1.00000000000E+00   1.00000000000E+00   1.00000000000E+00
   1.00000000000E+00   1.00000000000E+00   1.00000000000E+00   1.00000000000E+00
   1.00000000000E+00   1.00000000000E+00   1.00000000000E+00   1.00000000000E+00
   1.00000000000E+00   1.00000000000E+00   1.00000000000E+00   1.00000000000E+00
   1.00000000000E+00   1.00000000000E+00   1.00000000000E+00   1.00000000000E+00
   1.00000000000E+00   1.00000000000E+00   1.00000000000E+00   1.00000000000E+00
   1.00000000000E+00   1.00000000000E+00   1.00000000000E+00   1.00000000000E+00
   1.00000000000E+00   1.00000000000E+00   1.00000000000E+00   1.00000000000E+00
   1.00000000000E+00   1.00000000000E+00   1.00000000000E+00   1.00000000000E+00
   1.00000000000E+00   1.00000000000E+00                   2                  77
   0.00000000000E+00   2.50000000000E-02   1.00000000000E-01   2.00000000000E-01
   3.00000000000E-01   4.00000000000E-01   5.00000000000E-01   6.00000000000E-01
   7.00000000000E-01   8.00000000000E-01   9.00000000000E-01   1.00000000000E+00
   1.10000000000E+00   1.20000000000E+00   1.30000000000E+00   1.40000000000E+00
   1.50000000000E+00   1.60000000000E+00   1.70000000000E+00   1.80000000000E+00
   1.90000000000E+00   2.00000000000E+00   2.10000000000E+00   2.20000000000E+00
   2.30000000000E+00   2.40000000000E+00   2.50000000000E+00   2.60000000000E+00
   2.70000000000E+00   2.80000000000E+00   2.90000000000E+00   3.00000000000E+00
   3.10000000000E+00   3.20000000000E+00   3.30000000000E+00   3.40000000000E+00
   3.50000000000E+00   3.60000000000E+00   3.70000000000E+00   3.80000000000E+00
   3.90000000000E+00   4.00000000000E+00   4.10000000000E+00   4.20000000000E+00
   4.30000000000E+00   4.40000000000E+00   4.50000000000E+00   4.60000000000E+00
   4.70000000000E+00   4.80000000000E+00   4.90000000000E+00   5.00000000000E+00
   5.10000000000E+00   5.20000000000E+00   5.30000000000E+00   5.40000000000E+00
   5.50000000000E+00   5.60000000000E+00   5.70000000000E+00   5.80000000000E+00
   5.90000000000E+00   6.00000000000E+00   6.10000000000E+00   6.20000000000E+00
   6.30000000000E+00   6.40000000000E+00   6.50000000000E+00   6.60000000000E+00
   6.70000000000E+00   6.80000000000E+00   6.90000000000E+00   7.00000000000E+00
   7.10000000000E+00   7.20000000000E+00   7.30000000000E+00   7.40000000000E+00
   7.50000000000E+00   0.00000000000E+00   9.61183900000E-02   3.68501500000E-01
   6.72336600000E-01   8.28396700000E-01   8.67120800000E-01   8.37885100000E-01
   7.79653200000E-01   7.15787600000E-01   6.57105500000E-01   6.05977700000E-01
   5.60405400000E-01   5.16472800000E-01   4.70595600000E-01   2.15695000000E-01
   2.24799300000E-01   2.64307500000E-01   5.02509400000E-01   4.52188900000E-01
   6.71460300000E-02   2.59767700000E-01   7.34883000000E-04   3.64207000000E-04
   4.25798600000E-03   7.45239000000E-05   2.49926600000E-02   5.75462000000E-06
   5.28632400000E-02   4.80580600000E-02   1.00000000000E-12   1.00000000000E-12
   1.00000000000E-12   1.00000000000E-12   0.00000000000E+00   0.00000000000E+00
   0.00000000000E+00   0.00000000000E+00   0.00000000000E+00   0.00000000000E+00
   0.00000000000E+00   0.00000000000E+00   0.00000000000E+00   0.00000000000E+00
   0.00000000000E+00   0.00000000000E+00   0.00000000000E+00   0.00000000000E+00
   0.00000000000E+00   0.00000000000E+00   0.00000000000E+00   0.00000000000E+00
   0.00000000000E+00   0.00000000000E+00   0.00000000000E+00   0.00000000000E+00
   0.00000000000E+00   0.00000000000E+00   0.00000000000E+00   0.00000000000E+00
   0.00000000000E+00   0.00000000000E+00   0.00000000000E+00   0.00000000000E+00
   0.00000000000E+00   0.00000000000E+00   0.00000000000E+00   0.00000000000E+00
   0.00000000000E+00   0.00000000000E+00   0.00000000000E+00   0.00000000000E+00
   0.00000000000E+00   0.00000000000E+00   0.00000000000E+00   0.00000000000E+00
   0.00000000000E+00   0.00000000000E+00   0.00000000000E+00   1.20147986000E-03
   1.86247255000E-02   7.06666297000E-02   1.45703294000E-01   2.30479167000E-01
   3.15729461000E-01   3.96606375000E-01   4.71378414000E-01   5.40023068000E-01
   6.03177227000E-01   6.61496381000E-01   7.15340290000E-01   7.64693709000E-01
   7.99008239000E-01   8.21032953000E-01   8.45488293000E-01   8.83829137000E-01
   9.31564052000E-01   9.57530798000E-01   9.73876484000E-01   9.86901613000E-01
   9.86956567000E-01   9.87187677000E-01   9.87404303000E-01   9.88657662000E-01
   9.89907582000E-01   9.92551032000E-01   9.97597097000E-01   1.00000000000E+00
   1.00000000000E+00   1.00000000000E+00   1.00000000000E+00   1.00000000000E+00
   1.00000000000E+00   1.00000000000E+00   1.00000000000E+00   1.00000000000E+00
   1.00000000000E+00   1.00000000000E+00   1.00000000000E+00   1.00000000000E+00
   1.00000000000E+00   1.00000000000E+00   1.00000000000E+00   1.00000000000E+00
   1.00000000000E+00   1.00000000000E+00   1.00000000000E+00   1.00000000000E+00
   1.00000000000E+00   1.00000000000E+00   1.00000000000E+00   1.00000000000E+00
   1.00000000000E+00   1.00000000000E+00   1.00000000000E+00   1.00000000000E+00
   1.00000000000E+00   1.00000000000E+00   1.00000000000E+00   1.00000000000E+00
   1.00000000000E+00   1.00000000000E+00   1.00000000000E+00   1.00000000000E+00
   1.00000000000E+00   1.00000000000E+00   1.00000000000E+00   1.00000000000E+00
   1.00000000000E+00   1.00000000000E+00   1.00000000000E+00   1.00000000000E+00
   1.00000000000E+00   1.00000000000E+00   1.00000000000E+00                   2
                  97   0.00000000000E+00   2.50000000000E-02   1.00000000000E-01
   2.00000000000E-01   3.00000000000E-01   4.00000000000E-01   5.00000000000E-01
   6.00000000000E-01   7.00000000000E-01   8.00000000000E-01   9.00000000000E-01
   1.00000000000E+00   1.10000000000E+00   1.20000000000E+00   1.30000000000E+00
   1.40000000000E+00   1.50000000000E+00   1.60000000000E+00   1.70000000000E+00
   1.80000000000E+00   1.90000000000E+00   2.00000000000E+00   2.10000000000E+00
   2.20000000000E+00   2.30000000000E+00   2.40000000000E+00   2.50000000000E+00
   2.60000000000E+00   2.70000000000E+00   2.80000000000E+00   2.90000000000E+00
   3.00000000000E+00   3.10000000000E+00   3.20000000000E+00   3.30000000000E+00
   3.40000000000E+00   3.50000000000E+00   3.60000000000E+00   3.70000000000E+00
   3.80000000000E+00   3.90000000000E+00   4.00000000000E+00   4.10000000000E+00
   4.20000000000E+00   4.30000000000E+00   4.40000000000E+00   4.50000000000E+00
   4.60000000000E+00   4.70000000000E+00   4.80000000000E+00   4.90000000000E+00
   5.00000000000E+00   5.10000000000E+00   5.20000000000E+00   5.30000000000E+00
   5.40000000000E+00   5.50000000000E+00   5.60000000000E+00   5.70000000000E+00
   5.80000000000E+00   5.90000000000E+00   6.00000000000E+00   6.10000000000E+00
   6.20000000000E+00   6.30000000000E+00   6.40000000000E+00   6.50000000000E+00
   6.60000000000E+00   6.70000000000E+00   6.80000000000E+00   6.90000000000E+00
   7.00000000000E+00   7.10000000000E+00   7.20000000000E+00   7.30000000000E+00
   7.40000000000E+00   7.50000000000E+00   7.60000000000E+00   7.70000000000E+00
   7.80000000000E+00   7.90000000000E+00   8.00000000000E+00   8.10000000000E+00
   8.20000000000E+00   8.30000000000E+00   8.40000000000E+00   8.50000000000E+00
   8.60000000000E+00   8.70000000000E+00   8.80000000000E+00   8.90000000000E+00
   9.00000000000E+00   9.10000000000E+00   9.20000000000E+00   9.30000000000E+00
   9.40000000000E+00   9.50000000000E+00   0.00000000000E+00   7.47258500000E-02
   2.94203600000E-01   5.51515300000E-01   6.92160900000E-01   7.34318600000E-01
   7.18498900000E-01   6.77416400000E-01   6.30937300000E-01   5.88651900000E-01
   5.53091100000E-01   5.22461000000E-01   4.92818600000E-01   4.60323400000E-01
   4.23111300000E-01   3.81889500000E-01   3.38974000000E-01   2.96906600000E-01
   2.57572900000E-01   2.21995500000E-01   1.90521100000E-01   1.63078200000E-01
   1.39371300000E-01   1.19000000000E-01   1.01527300000E-01   8.65187300000E-02
   7.35642600000E-02   6.22909600000E-02   5.23684700000E-02   4.35105400000E-02
   3.54737700000E-02   2.80546200000E-02   2.10850600000E-02   1.44275500000E-02
   4.48555800000E-03   3.77598500000E-03   4.18860000000E-03   6.88085200000E-03
   5.70494100000E-03   1.18177500000E-03   3.13586200000E-03   1.41405000000E-05
   1.67981000000E-06   1.58507000000E-04   3.29089000000E-07   5.06674000000E-04
   2.45696000000E-08   8.61613000000E-04   8.77318000000E-04   0.00000000000E+00
   0.00000000000E+00   0.00000000000E+00   0.00000000000E+00   0.00000000000E+00
   0.00000000000E+00   0.00000000000E+00   0.00000000000E+00   0.00000000000E+00
   0.00000000000E+00   0.00000000000E+00   0.00000000000E+00   0.00000000000E+00
   0.00000000000E+00   0.00000000000E+00   0.00000000000E+00   0.00000000000E+00
   0.00000000000E+00   0.00000000000E+00   0.00000000000E+00   0.00000000000E+00
   0.00000000000E+00   0.00000000000E+00   0.00000000000E+00   0.00000000000E+00
   0.00000000000E+00   0.00000000000E+00   0.00000000000E+00   0.00000000000E+00
   0.00000000000E+00   0.00000000000E+00   0.00000000000E+00   0.00000000000E+00
   0.00000000000E+00   0.00000000000E+00   0.00000000000E+00   0.00000000000E+00
   0.00000000000E+00   0.00000000000E+00   0.00000000000E+00   0.00000000000E+00
   0.00000000000E+00   0.00000000000E+00   0.00000000000E+00   0.00000000000E+00
   0.00000000000E+00   0.00000000000E+00   0.00000000000E+00   0.00000000000E+00
   9.34073126000E-04   1.47689275000E-02   5.70548725000E-02   1.19238683000E-01
   1.90562658000E-01   2.63203533000E-01   3.32999298000E-01   3.98416983000E-01
   4.59396443000E-01   5.16483593000E-01   5.70261198000E-01   6.21025178000E-01
   6.68682278000E-01   7.12854013000E-01   7.53104053000E-01   7.89147228000E-01
   8.20941258000E-01   8.48665233000E-01   8.72643653000E-01   8.93269483000E-01
   9.10949448000E-01   9.26071923000E-01   9.38990488000E-01   9.50016853000E-01
   9.59419155000E-01   9.67423304000E-01   9.74216065000E-01   9.79949037000E-01
   9.84742987000E-01   9.88692203000E-01   9.91868622000E-01   9.94325606000E-01
   9.96101237000E-01   9.97046892000E-01   9.97459969000E-01   9.97858198000E-01
   9.98411671000E-01   9.99040961000E-01   9.99385296000E-01   9.99601178000E-01
   9.99758678000E-01   9.99759469000E-01   9.99767479000E-01   9.99775421000E-01
   9.99800771000E-01   9.99826106000E-01   9.99869188000E-01   9.99956134000E-01
   1.00000000000E+00   1.00000000000E+00   1.00000000000E+00   1.00000000000E+00
   1.00000000000E+00   1.00000000000E+00   1.00000000000E+00   1.00000000000E+00
   1.00000000000E+00   1.00000000000E+00   1.00000000000E+00   1.00000000000E+00
   1.00000000000E+00   1.00000000000E+00   1.00000000000E+00   1.00000000000E+00
   1.00000000000E+00   1.00000000000E+00   1.00000000000E+00   1.00000000000E+00
   1.00000000000E+00   1.00000000000E+00   1.00000000000E+00   1.00000000000E+00
   1.00000000000E+00   1.00000000000E+00   1.00000000000E+00   1.00000000000E+00
   1.00000000000E+00   1.00000000000E+00   1.00000000000E+00   1.00000000000E+00
   1.00000000000E+00   1.00000000000E+00   1.00000000000E+00   1.00000000000E+00
   1.00000000000E+00   1.00000000000E+00   1.00000000000E+00   1.00000000000E+00
   1.00000000000E+00   1.00000000000E+00   1.00000000000E+00   1.00000000000E+00
   1.00000000000E+00   1.00000000000E+00   1.00000000000E+00   1.00000000000E+00
                   0                   0                   0                   0
                   0                   0                   0                   0
                   0                   0                   0                   0
                   0                   0                   0                   0
                   0                   0                   0                   0
                   0                   0                   0                   0
                   0                   0                   0                   0
                   0                   0                   0                   0
                   0                   0                   0                   0
                   0                   0                   0                   0
                   0                   0                   0                   0
                   0                   0                   0                   0
                   0                   0                   0                   0
                   0                   0                   0                   0
                   0                   0                   0                   0
                   0                   0                   0                   0
                   0                   0                   0                   0
                   0                   0                   0                   0
                   0                   0                   0                   0
                   0                   0                   0                   0
                   0                   0                   0                   0
                   0                   0                   0                   0
                   0                   0                   0                   0
                   0                   0                   0                   0
                   0                   0                   0                   0
                   0                   0                   0                   0
                   0                   0                   0                   0
                   0                   0                   0                   0
                   0                   0                   0                   0
                   0                   0                   0                   0
                   0                   0                   0                   0
                   0                   0                   0                   0
                   0                   0                   0                   0
                   0                   0                   0                   0
                   0                   0                   0
