 92236.00u  234.017800  0.0000E+00   06/19/20
Ace U236 IAEA-PD                                                         mat9231
      0         0.      0         0.      0         0.      0         0.
      0         0.      0         0.      0         0.      0         0.
      0         0.      0         0.      0         0.      0         0.
      0         0.      0         0.      0         0.      0         0.
   432354    92236       91        2        7        2       12        0
        0        0        0        0        0        0        0        1
        1       92       92        0      183      274      276      278
      280      464      548        0        0        0        0        0
        0        0        0        0        0        0        0        0
        0        0        0        0        0        0        0        0
   9.99999000000E-01   1.00000000000E+00   1.50000000000E+00   2.00000000000E+00
   2.50000000000E+00   3.00000000000E+00   3.50000000000E+00   4.00000000000E+00
   4.50000000000E+00   5.00000000000E+00   5.25000000000E+00   5.50000000000E+00
   5.75000000000E+00   6.00000000000E+00   6.50000000000E+00   7.00000000000E+00
   7.50000000000E+00   8.00000000000E+00   8.50000000000E+00   9.00000000000E+00
   9.50000000000E+00   1.00000000000E+01   1.05000000000E+01   1.10000000000E+01
   1.15000000000E+01   1.20000000000E+01   1.25000000000E+01   1.30000000000E+01
   1.35000000000E+01   1.40000000000E+01   1.45000000000E+01   1.50000000000E+01
   1.55000000000E+01   1.60000000000E+01   1.65000000000E+01   1.70000000000E+01
   1.75000000000E+01   1.80000000000E+01   1.85000000000E+01   1.90000000000E+01
   1.95000000000E+01   2.00000000000E+01   2.10000000000E+01   2.20000000000E+01
   2.30000000000E+01   2.40000000000E+01   2.50000000000E+01   2.60000000000E+01
   2.70000000000E+01   2.80000000000E+01   2.90000000000E+01   3.00000000000E+01
   3.20000000000E+01   3.40000000000E+01   3.60000000000E+01   3.80000000000E+01
   4.00000000000E+01   4.20000000000E+01   4.40000000000E+01   4.60000000000E+01
   4.80000000000E+01   5.00000000000E+01   5.20000000000E+01   5.40000000000E+01
   5.60000000000E+01   5.80000000000E+01   6.00000000000E+01   6.20000000000E+01
   6.40000000000E+01   6.60000000000E+01   6.80000000000E+01   7.00000000000E+01
   7.20000000000E+01   7.40000000000E+01   7.60000000000E+01   7.80000000000E+01
   8.00000000000E+01   8.50000000000E+01   9.00000000000E+01   9.50000000000E+01
   1.00000000000E+02   1.10000000000E+02   1.20000000000E+02   1.30000000000E+02
   1.40000000000E+02   1.50000000000E+02   1.60000000000E+02   1.70000000000E+02
   1.80000000000E+02   1.90000000000E+02   2.00000000000E+02   0.00000000000E+00
   6.92803000000E-05   1.97741400000E-04   4.33440700000E-04   8.20772700002E-04
   1.41797600019E-03   2.30329201574E-03   3.58267931600E-03   5.39674233270E-03
   7.91841823300E-03   9.50153557000E-03   1.13264611000E-02   1.34098330000E-02
   1.57689500000E-02   2.14460600000E-02   2.89249890000E-02   3.94168700000E-02
   5.48420600000E-02   7.80260300000E-02   1.13094200000E-01   1.65375790000E-01
   2.38750380000E-01   3.26691900000E-01   4.01183900000E-01   4.32079400000E-01
   4.29683600000E-01   4.28181700000E-01   4.44086200000E-01   4.66202300000E-01
   4.67249700000E-01   4.32667800000E-01   3.74983900000E-01   3.14237800000E-01
   2.61372200000E-01   2.18846200000E-01   1.85515200000E-01   1.59435100000E-01
   1.38844700000E-01   1.22374000000E-01   1.09009800000E-01   9.80136700000E-02
   8.88467300000E-02   7.41466300000E-02   6.32144000000E-02   5.48134300000E-02
   4.81891000000E-02   4.28598000000E-02   3.85056500000E-02   3.49064100000E-02
   3.19053200000E-02   2.93874100000E-02   2.72659600000E-02   2.39580800000E-02
   2.15916700000E-02   1.99061700000E-02   1.87183400000E-02   1.78951100000E-02
   1.73382100000E-02   1.69744600000E-02   1.67491500000E-02   1.66214000000E-02
   1.65607000000E-02   1.65442900000E-02   1.65552700000E-02   1.65811500000E-02
   1.66127100000E-02   1.66432500000E-02   1.66679400000E-02   1.66833500000E-02
   1.66871500000E-02   1.66777900000E-02   1.66543600000E-02   1.66164000000E-02
   1.65638200000E-02   1.64967800000E-02   1.64156400000E-02   1.63209300000E-02
   1.60290700000E-02   1.56681600000E-02   1.52512700000E-02   1.47918900000E-02
   1.37986500000E-02   1.27897800000E-02   1.18578600000E-02   1.10867400000E-02
   1.01264700000E-02   9.29669900000E-03   8.57394600000E-03   7.93989500000E-03
   7.38006300000E-03   6.88286500000E-03   0.00000000000E+00   1.00000000000E+00
   7.88050800000E-01   2.87675100000E-01   3.54518600000E-01   4.00567900000E-01
   3.88272400000E-01   2.96244900000E-01   2.66962900000E-01   4.17790700000E-01
   1.65963000000E+00   9.54217500000E+00   4.58186100000E+01   1.15823000000E+02
   1.58233200000E+02   7.16162700000E+01   6.89022000000E+01   6.27439200000E+01
   6.31819000000E+01   6.51307500000E+01   6.69170700000E+01   6.86218100000E+01
   7.04494900000E+01   7.23254600000E+01   7.33378300000E+01   7.23817300000E+01
   7.07018200000E+01   7.50998200000E+01   9.29084000000E+01   1.08534100000E+02
   1.19653700000E+02   1.25216000000E+02   1.27685400000E+02   1.28285600000E+02
   1.28171200000E+02   1.28366600000E+02   1.28601400000E+02   1.31749300000E+02
   1.38460100000E+02   1.48234600000E+02   1.58715600000E+02   1.67319700000E+02
   1.74458800000E+02   1.69826600000E+02   1.61738200000E+02   1.50335200000E+02
   1.39702100000E+02   1.34083500000E+02   1.41210600000E+02   1.55825000000E+02
   1.68990400000E+02   1.76221700000E+02   1.74117700000E+02   1.70907900000E+02
   1.78370200000E+02   1.81474800000E+02   1.73622700000E+02   1.63693800000E+02
   1.65248900000E+02   1.74495600000E+02   1.83521200000E+02   1.90108100000E+02
   1.95374100000E+02   1.99396600000E+02   2.02414900000E+02   2.04649100000E+02
   2.06392600000E+02   2.08097700000E+02   2.10044600000E+02   2.11837100000E+02
   2.13826100000E+02   2.15684100000E+02   2.17525400000E+02   2.19500400000E+02
   2.21408800000E+02   2.23166900000E+02   2.24955200000E+02   2.29669200000E+02
   2.34058800000E+02   2.38436100000E+02   2.43006200000E+02   2.53048200000E+02
   2.61370700000E+02   2.69449300000E+02   2.76744300000E+02   2.82744200000E+02
   2.87746400000E+02   2.92105400000E+02   2.95803600000E+02   3.00033400000E+02
   3.06009100000E+02                   5                  18   0.00000000000E+00
   1.95042000000E+02                   1                  94                   1
                  91   0.00000000000E+00   6.92803000000E-05   1.97741400000E-04
   4.33440700000E-04   8.20772700000E-04   1.41797600000E-03   2.30329200000E-03
   3.58267800000E-03   5.39663500000E-03   7.91004900000E-03   9.43030700000E-03
   1.07901200000E-02   1.03243200000E-02   6.59354500000E-03   4.45648000000E-03
   1.91502500000E-02   2.66919100000E-02   3.89605000000E-02   5.53376400000E-02
   7.91775900000E-02   1.14401500000E-01   1.63260500000E-01   2.20678700000E-01
   2.67554600000E-01   2.86319500000E-01   2.87191100000E-01   2.91728300000E-01
   2.94432300000E-01   2.68406400000E-01   2.33198500000E-01   1.92449800000E-01
   1.56987800000E-01   1.28256000000E-01   1.06393200000E-01   8.95894000000E-02
   7.60766000000E-02   6.54543000000E-02   5.50380100000E-02   4.46442800000E-02
   3.46694600000E-02   2.62588800000E-02   2.01937400000E-02   1.45958300000E-02
   1.42253300000E-02   1.47940500000E-02   1.59464000000E-02   1.66065800000E-02
   1.61303400000E-02   1.35409200000E-02   1.02219500000E-02   7.65112000000E-03
   6.25803000000E-03   5.95512000000E-03   5.89446000000E-03   4.89508000000E-03
   4.49474000000E-03   5.12544000000E-03   5.92535000000E-03   5.82158000000E-03
   5.16058000000E-03   4.56184000000E-03   4.17880000000E-03   3.91346000000E-03
   3.75065000000E-03   3.66605000000E-03   3.64150000000E-03   3.65251000000E-03
   3.66450000000E-03   3.65411000000E-03   3.65375000000E-03   3.63265000000E-03
   3.61767000000E-03   3.60119000000E-03   3.56740000000E-03   3.53543000000E-03
   3.51343000000E-03   3.48273000000E-03   3.37671000000E-03   3.27421000000E-03
   3.15975000000E-03   3.01559000000E-03   2.65137000000E-03   2.39521000000E-03
   2.16734700000E-03   2.00024400000E-03   1.85905600000E-03   1.76557200000E-03
   1.70397400000E-03   1.65784200000E-03   1.58922100000E-03   1.46452800000E-03
                   3                  89   0.00000000000E+00   3.45627000000E-17
   2.41697000000E-15   1.89624000000E-13   1.57420000000E-11   1.31599900000E-09
   1.07332700000E-07   8.36923300000E-06   7.12285700000E-05   5.36341100000E-04
   3.08551300000E-03   9.17540500000E-03   1.69895800000E-02   9.77473900000E-03
   1.27249600000E-02   1.58815600000E-02   2.26883900000E-02   3.39166100000E-02
   5.09742900000E-02   7.54898800000E-02   1.06013200000E-01   1.33629300000E-01
   1.45759900000E-01   1.42492500000E-01   1.36453400000E-01   1.49653900000E-01
   1.97795900000E-01   2.34051200000E-01   2.40218000000E-01   2.17996100000E-01
   1.85981800000E-01   1.54979000000E-01   1.29256800000E-01   1.09438600000E-01
   9.39808000000E-02   8.38066900000E-02   7.77297200000E-02   7.43403400000E-02
   7.17547900000E-02   6.86529900000E-02   5.95508000000E-02   4.89890700000E-02
   4.00193800000E-02   3.22427000000E-02   2.62532200000E-02   2.23753100000E-02
   2.13654900000E-02   2.16833700000E-02   2.17362900000E-02   2.10079300000E-02
   1.80029600000E-02   1.56972100000E-02   1.50110900000E-02   1.42236000000E-02
   1.27696700000E-02   1.14128600000E-02   1.11528800000E-02   1.15885700000E-02
   1.20595600000E-02   1.23819000000E-02   1.26308300000E-02   1.28046200000E-02
   1.29151000000E-02   1.29712100000E-02   1.29907400000E-02   1.30034400000E-02
   1.30292400000E-02   1.30334000000E-02   1.30451400000E-02   1.30366900000E-02
   1.30152100000E-02   1.29964200000E-02   1.29613500000E-02   1.29022100000E-02
   1.28382000000E-02   1.26523600000E-02   1.23939500000E-02   1.20915200000E-02
   1.17763000000E-02   1.11472800000E-02   1.03945700000E-02   9.69051300000E-03
   9.08649600000E-03   8.26741400000E-03   7.53112700000E-03   6.86997200000E-03
   6.28205300000E-03   5.79084200000E-03   5.41833700000E-03                   1
                   2                 548                 641                 734
                 736                 738                 740                1084
                1086                1086                1088                   2
                   1               79015               79108               79201
               79202               79203               79204               79388
               79389               79389               79390                   9
                   1               95725               95803               95881
               95882               95883               95884               96046
               96047               96047               96048                  31
                   1              161806              161875              161944
              161945              161946              161947              162103
              162104              162104              162105                  32
                   1              221940              222011              222082
              222083              222084              222085              222245
              222246              222246              222247                  33
                   1              284907              284971              285035
              285036              285037              285038              285190
              285191              285191              285192                  34
                   1              343829              343922              344015
              344016              344017              344018              344202
              344203              344203              344204                   1
                  91   0.00000000000E+00   0.00000000000E+00   8.91540800000E-38
   3.45627000000E-17   2.41697000000E-15   1.89624000000E-13   1.57420000000E-11
   1.31599900000E-09   1.07332700000E-07   8.36923300000E-06   7.12285700000E-05
   5.36341100000E-04   3.08551300000E-03   9.17540500000E-03   1.69895800000E-02
   2.73849900000E-02   3.82186200000E-02   5.37343200000E-02   7.68838400000E-02
   1.11929200000E-01   1.64245000000E-01   2.37719900000E-01   3.25836000000E-01
   4.00563500000E-01   4.31686000000E-01   4.32328100000E-01   4.88926000000E-01
   5.51669100000E-01   5.94624600000E-01   6.00528900000E-01   5.57972800000E-01
   4.86609400000E-01   4.10559500000E-01   3.44575800000E-01   2.90982100000E-01
   2.48019200000E-01   2.14089000000E-01   1.85028300000E-01   1.59628800000E-01
   1.37393000000E-01   1.18932100000E-01   1.04852900000E-01   8.79191800000E-02
   8.06558400000E-02   7.58333800000E-02   7.30667300000E-02   7.01273600000E-02
   6.56067800000E-02   5.74633100000E-02   4.84229100000E-02   4.14091400000E-02
   3.71759700000E-02   3.47254100000E-02   3.30704800000E-02   2.89951900000E-02
   2.76335300000E-02   3.01303200000E-02   3.32659000000E-02   3.28024500000E-02
   3.00588800000E-02   2.78168700000E-02   2.64482300000E-02   2.55335800000E-02
   2.50921200000E-02   2.51081900000E-02   2.54188300000E-02   2.59894100000E-02
   2.65950900000E-02   2.71549700000E-02   2.77525600000E-02   2.82940600000E-02
   2.88709000000E-02   2.94515200000E-02   3.00656800000E-02   3.06869100000E-02
   3.12660600000E-02   3.19134800000E-02   3.33093300000E-02   3.46660200000E-02
   3.58652000000E-02   3.69431900000E-02   3.87801800000E-02   4.02373500000E-02
   4.15738100000E-02   4.31545800000E-02   4.35662500000E-02   4.40134600000E-02
   4.44547600000E-02   4.49738900000E-02   4.53537300000E-02   4.56109600000E-02
                   1                  91   0.00000000000E+00   0.00000000000E+00
   2.25330100000E-36   1.53923000000E-13   5.72593200000E-12   2.61921800000E-10
   1.34829400000E-08   7.29836700000E-07   3.97859900000E-05   2.12867300000E-03
   1.51488800000E-02   9.60109200000E-02   4.68087000000E-01   1.18765200000E+00
   1.62695000000E+00   9.57819800000E-01   1.06855400000E+00   1.15966200000E+00
   1.19333100000E+00   1.23612700000E+00   1.27707300000E+00   1.31654300000E+00
   1.34415700000E+00   1.37144700000E+00   1.39312800000E+00   1.40953500000E+00
   1.53831000000E+00   1.66956900000E+00   1.81077400000E+00   1.91368300000E+00
   2.03129900000E+00   2.11888000000E+00   2.19059600000E+00   2.25793600000E+00
   2.31675100000E+00   2.37257300000E+00   2.42734100000E+00   2.46776400000E+00
   2.47968200000E+00   2.46802300000E+00   2.44398600000E+00   2.42961500000E+00
   2.48843900000E+00   2.68347900000E+00   2.92442900000E+00   3.22957500000E+00
   3.52388700000E+00   3.72983800000E+00   3.67086000000E+00   3.44201500000E+00
   3.24259100000E+00   3.17323300000E+00   3.50230100000E+00   3.80881900000E+00
   3.67999700000E+00   3.80303600000E+00   4.51250700000E+00   5.35443900000E+00
   5.51584300000E+00   5.17590400000E+00   4.85518400000E+00   4.66511000000E+00
   4.53677500000E+00   4.50075300000E+00   4.56158200000E+00   4.70376800000E+00
   4.91370100000E+00   5.12687300000E+00   5.33623300000E+00   5.56673900000E+00
   5.79290700000E+00   6.04190100000E+00   6.29613100000E+00   6.57198500000E+00
   6.86591000000E+00   7.16607600000E+00   7.50237800000E+00   8.32338300000E+00
   9.25021400000E+00   1.02331300000E+01   1.12946600000E+01   1.35644700000E+01
   1.61658100000E+01   1.89404600000E+01   2.20500700000E+01   2.53957600000E+01
   2.90587600000E+01   3.28749900000E+01   3.70367500000E+01   4.13613300000E+01
   4.57920000000E+01                   5                  18                  -1
                  -1                   1                 163                   6
                   5                   0                  79   1.00000000000E+00
   6.00000000000E+00   6.50000000000E+00   7.00000000000E+00   7.50000000000E+00
   8.00000000000E+00   8.50000000000E+00   9.00000000000E+00   9.50000000000E+00
   1.00000000000E+01   1.05000000000E+01   1.10000000000E+01   1.15000000000E+01
   1.20000000000E+01   1.25000000000E+01   1.30000000000E+01   1.35000000000E+01
   1.40000000000E+01   1.45000000000E+01   1.50000000000E+01   1.55000000000E+01
   1.60000000000E+01   1.65000000000E+01   1.70000000000E+01   1.75000000000E+01
   1.80000000000E+01   1.85000000000E+01   1.90000000000E+01   1.95000000000E+01
   2.00000000000E+01   2.10000000000E+01   2.20000000000E+01   2.30000000000E+01
   2.40000000000E+01   2.50000000000E+01   2.60000000000E+01   2.70000000000E+01
   2.80000000000E+01   2.90000000000E+01   3.00000000000E+01   3.20000000000E+01
   3.40000000000E+01   3.60000000000E+01   3.80000000000E+01   4.00000000000E+01
   4.20000000000E+01   4.40000000000E+01   4.60000000000E+01   4.80000000000E+01
   5.00000000000E+01   5.20000000000E+01   5.40000000000E+01   5.60000000000E+01
   5.80000000000E+01   6.00000000000E+01   6.20000000000E+01   6.40000000000E+01
   6.60000000000E+01   6.80000000000E+01   7.00000000000E+01   7.20000000000E+01
   7.40000000000E+01   7.60000000000E+01   7.80000000000E+01   8.00000000000E+01
   8.50000000000E+01   9.00000000000E+01   9.50000000000E+01   1.00000000000E+02
   1.10000000000E+02   1.20000000000E+02   1.30000000000E+02   1.40000000000E+02
   1.50000000000E+02   1.60000000000E+02   1.70000000000E+02   1.80000000000E+02
   1.90000000000E+02   2.00000000000E+02   0.00000000000E+00   4.50862000000E-33
   1.65850000000E-29   9.19583200000E-01   9.55108100000E-01   9.71567600000E-01
   9.79359600000E-01   9.85286000000E-01   9.90115400000E-01   9.93687900000E-01
   9.96121500000E-01   9.97681200000E-01   9.98626000000E-01   1.00920800000E+00
   1.20822200000E+00   1.36539100000E+00   1.47846200000E+00   1.57152700000E+00
   1.65110500000E+00   1.71104600000E+00   1.75101100000E+00   1.78203900000E+00
   1.80518300000E+00   1.82159300000E+00   1.83499400000E+00   1.83912200000E+00
   1.83448100000E+00   1.81867900000E+00   1.79662400000E+00   1.79263200000E+00
   1.94359500000E+00   2.22608300000E+00   2.42083800000E+00   2.56007800000E+00
   2.64197300000E+00   2.68013400000E+00   2.66583200000E+00   2.61589400000E+00
   2.57123800000E+00   2.58356700000E+00   2.80807900000E+00   2.94738900000E+00
   2.85676600000E+00   2.98347100000E+00   3.38715300000E+00   3.68805900000E+00
   3.71884800000E+00   3.57911500000E+00   3.45415600000E+00   3.36611600000E+00
   3.29701900000E+00   3.27609900000E+00   3.32594800000E+00   3.41826800000E+00
   3.55883100000E+00   3.70900500000E+00   3.86570900000E+00   4.02850800000E+00
   4.19774000000E+00   4.37690900000E+00   4.56413400000E+00   4.78479000000E+00
   5.01369200000E+00   5.22675800000E+00   5.47710500000E+00   6.11748400000E+00
   6.80227400000E+00   7.52391300000E+00   8.34559300000E+00   1.04221200000E+01
   1.24593600000E+01   1.47107500000E+01   1.70319600000E+01   1.89875100000E+01
   2.06631800000E+01   2.20571400000E+01   2.33386800000E+01   2.48945200000E+01
   2.74440800000E+01                   6                  18                   0
                  89   1.00000000000E+00   2.00000000000E+00   2.50000000000E+00
   3.00000000000E+00   3.50000000000E+00   4.00000000000E+00   4.50000000000E+00
   5.00000000000E+00   5.25000000000E+00   5.50000000000E+00   5.75000000000E+00
   6.00000000000E+00   6.50000000000E+00   7.00000000000E+00   7.50000000000E+00
   8.00000000000E+00   8.50000000000E+00   9.00000000000E+00   9.50000000000E+00
   1.00000000000E+01   1.05000000000E+01   1.10000000000E+01   1.15000000000E+01
   1.20000000000E+01   1.25000000000E+01   1.30000000000E+01   1.35000000000E+01
   1.40000000000E+01   1.45000000000E+01   1.50000000000E+01   1.55000000000E+01
   1.60000000000E+01   1.65000000000E+01   1.70000000000E+01   1.75000000000E+01
   1.80000000000E+01   1.85000000000E+01   1.90000000000E+01   1.95000000000E+01
   2.00000000000E+01   2.10000000000E+01   2.20000000000E+01   2.30000000000E+01
   2.40000000000E+01   2.50000000000E+01   2.60000000000E+01   2.70000000000E+01
   2.80000000000E+01   2.90000000000E+01   3.00000000000E+01   3.20000000000E+01
   3.40000000000E+01   3.60000000000E+01   3.80000000000E+01   4.00000000000E+01
   4.20000000000E+01   4.40000000000E+01   4.60000000000E+01   4.80000000000E+01
   5.00000000000E+01   5.20000000000E+01   5.40000000000E+01   5.60000000000E+01
   5.80000000000E+01   6.00000000000E+01   6.20000000000E+01   6.40000000000E+01
   6.60000000000E+01   6.80000000000E+01   7.00000000000E+01   7.20000000000E+01
   7.40000000000E+01   7.60000000000E+01   7.80000000000E+01   8.00000000000E+01
   8.50000000000E+01   9.00000000000E+01   9.50000000000E+01   1.00000000000E+02
   1.10000000000E+02   1.20000000000E+02   1.30000000000E+02   1.40000000000E+02
   1.50000000000E+02   1.60000000000E+02   1.70000000000E+02   1.80000000000E+02
   1.90000000000E+02   2.00000000000E+02   1.00000000000E+00   1.00000000000E+00
   1.00000000000E+00   1.00000000000E+00   1.00000000000E+00   1.00000000000E+00
   1.00000000000E+00   1.00000000000E+00   1.00000000000E+00   1.00000000000E+00
   1.00000000000E+00   1.00000000000E+00   1.00000000000E+00   1.00000000000E+00
   1.00000000000E+00   1.00000000000E+00   1.00000000000E+00   1.00000000000E+00
   1.00000000000E+00   1.00000000000E+00   1.00000000000E+00   1.00000000000E+00
   1.00000000000E+00   1.00000000000E+00   1.00000000000E+00   1.00000000000E+00
   1.00000000000E+00   1.00000000000E+00   1.00000000000E+00   1.00000000000E+00
   1.00000000000E+00   1.00000000000E+00   1.00000000000E+00   1.00000000000E+00
   1.00000000000E+00   1.00000000000E+00   1.00000000000E+00   1.00000000000E+00
   1.00000000000E+00   1.00000000000E+00   1.00000000000E+00   1.00000000000E+00
   1.00000000000E+00   1.00000000000E+00   1.00000000000E+00   1.00000000000E+00
   1.00000000000E+00   1.00000000000E+00   1.00000000000E+00   1.00000000000E+00
   1.00000000000E+00   1.00000000000E+00   1.00000000000E+00   1.00000000000E+00
   1.00000000000E+00   1.00000000000E+00   1.00000000000E+00   1.00000000000E+00
   1.00000000000E+00   1.00000000000E+00   1.00000000000E+00   1.00000000000E+00
   1.00000000000E+00   1.00000000000E+00   1.00000000000E+00   1.00000000000E+00
   1.00000000000E+00   1.00000000000E+00   1.00000000000E+00   1.00000000000E+00
   1.00000000000E+00   1.00000000000E+00   1.00000000000E+00   1.00000000000E+00
   1.00000000000E+00   1.00000000000E+00   1.00000000000E+00   1.00000000000E+00
   1.00000000000E+00   1.00000000000E+00   1.00000000000E+00   1.00000000000E+00
   1.00000000000E+00   1.00000000000E+00   1.00000000000E+00   1.00000000000E+00
   1.00000000000E+00   1.00000000000E+00   1.00000000000E+00                   0
                   0                   1               67602                   0
                   4                  10                   0                   2
   1.00000000000E+00   2.00000000000E+02   1.00000000000E+00   1.00000000000E+00
                   0                  32   1.00000000000E+00   6.00000000000E+00
   8.00000000000E+00   1.00000000000E+01   1.20000000000E+01   1.40000000000E+01
   1.60000000000E+01   1.80000000000E+01   2.00000000000E+01   2.20000000000E+01
   2.40000000000E+01   2.60000000000E+01   2.80000000000E+01   3.00000000000E+01
   3.20000000000E+01   3.60000000000E+01   4.00000000000E+01   4.40000000000E+01
   4.80000000000E+01   5.00000000000E+01   5.20000000000E+01   5.60000000000E+01
   6.00000000000E+01   7.00000000000E+01   8.00000000000E+01   9.00000000000E+01
   1.00000000000E+02   1.20000000000E+02   1.40000000000E+02   1.60000000000E+02
   1.80000000000E+02   2.00000000000E+02                  76                  87
                 215                 651                1391                2515
                3859                5335                6822                8331
                9851               11660               13729               15785
               17841               19897               21940               24282
               26624               28966               31293               33635
               36052               38454               41159               43847
               46832               49855               53196               56809
               60422               64012                   2                   3
   0.00000000000E+00   5.00000000000E-07   1.00000000000E-06   0.00000000000E+00
   2.00000000000E+06   0.00000000000E+00   0.00000000000E+00   5.00000000000E-01
   1.00000000000E+00                   2                  42   0.00000000000E+00
   2.50000000000E-02   1.00000000000E-01   2.00000000000E-01   3.00000000000E-01
   4.00000000000E-01   5.00000000000E-01   6.00000000000E-01   7.00000000000E-01
   8.00000000000E-01   9.00000000000E-01   1.00000000000E+00   1.10000000000E+00
   1.20000000000E+00   1.30000000000E+00   1.40000000000E+00   1.50000000000E+00
   1.60000000000E+00   1.70000000000E+00   1.80000000000E+00   1.90000000000E+00
   2.00000000000E+00   2.10000000000E+00   2.20000000000E+00   2.30000000000E+00
   2.40000000000E+00   2.50000000000E+00   2.60000000000E+00   2.70000000000E+00
   2.80000000000E+00   2.90000000000E+00   3.00000000000E+00   3.10000000000E+00
   3.20000000000E+00   3.30000000000E+00   3.40000000000E+00   3.50000000000E+00
   3.60000000000E+00   3.70000000000E+00   3.80000000000E+00   3.90000000000E+00
   4.00000000000E+00   0.00000000000E+00   1.45406200000E+01   2.65175000000E+00
   3.72058900000E-01   3.43518500000E-02   2.73442700000E-03   2.46148000000E-04
   1.68388000000E-05   1.33810000000E-06   8.25140900000E-08   5.21478000000E-09
   2.15522000000E-10   1.23427000000E-11   9.99999900000E-13   9.99999900000E-13
   9.99999900000E-13   9.99999900000E-13   9.99999900000E-13   9.99999900000E-13
   9.99999900000E-13   9.99999900000E-13   9.99999900000E-13   9.99999900000E-13
   0.00000000000E+00   0.00000000000E+00   0.00000000000E+00   0.00000000000E+00
   0.00000000000E+00   0.00000000000E+00   0.00000000000E+00   0.00000000000E+00
   0.00000000000E+00   0.00000000000E+00   0.00000000000E+00   0.00000000000E+00
   0.00000000000E+00   0.00000000000E+00   0.00000000000E+00   0.00000000000E+00
   0.00000000000E+00   0.00000000000E+00   0.00000000000E+00   0.00000000000E+00
   1.81757735000E-01   8.26471556000E-01   9.77661988000E-01   9.97982524000E-01
   9.99836837000E-01   9.99985866000E-01   9.99999015000E-01   9.99999924000E-01
   9.99999995000E-01   1.00000000000E+00   1.00000000000E+00   1.00000000000E+00
   1.00000000000E+00   1.00000000000E+00   1.00000000000E+00   1.00000000000E+00
   1.00000000000E+00   1.00000000000E+00   1.00000000000E+00   1.00000000000E+00
   1.00000000000E+00   1.00000000000E+00   1.00000000000E+00   1.00000000000E+00
   1.00000000000E+00   1.00000000000E+00   1.00000000000E+00   1.00000000000E+00
   1.00000000000E+00   1.00000000000E+00   1.00000000000E+00   1.00000000000E+00
   1.00000000000E+00   1.00000000000E+00   1.00000000000E+00   1.00000000000E+00
   1.00000000000E+00   1.00000000000E+00   1.00000000000E+00   1.00000000000E+00
   1.00000000000E+00                   2                  62   0.00000000000E+00
   2.50000000000E-02   1.00000000000E-01   2.00000000000E-01   3.00000000000E-01
   4.00000000000E-01   5.00000000000E-01   6.00000000000E-01   7.00000000000E-01
   8.00000000000E-01   9.00000000000E-01   1.00000000000E+00   1.10000000000E+00
   1.20000000000E+00   1.30000000000E+00   1.40000000000E+00   1.50000000000E+00
   1.60000000000E+00   1.70000000000E+00   1.80000000000E+00   1.90000000000E+00
   2.00000000000E+00   2.10000000000E+00   2.20000000000E+00   2.30000000000E+00
   2.40000000000E+00   2.50000000000E+00   2.60000000000E+00   2.70000000000E+00
   2.80000000000E+00   2.90000000000E+00   3.00000000000E+00   3.10000000000E+00
   3.20000000000E+00   3.30000000000E+00   3.40000000000E+00   3.50000000000E+00
   3.60000000000E+00   3.70000000000E+00   3.80000000000E+00   3.90000000000E+00
   4.00000000000E+00   4.10000000000E+00   4.20000000000E+00   4.30000000000E+00
   4.40000000000E+00   4.50000000000E+00   4.60000000000E+00   4.70000000000E+00
   4.80000000000E+00   4.90000000000E+00   5.00000000000E+00   5.10000000000E+00
   5.20000000000E+00   5.30000000000E+00   5.40000000000E+00   5.50000000000E+00
   5.60000000000E+00   5.70000000000E+00   5.80000000000E+00   5.90000000000E+00
   6.00000000000E+00   0.00000000000E+00   8.86613000000E-02   3.42561600000E-01
   6.44299700000E-01   8.09091900000E-01   8.56562400000E-01   8.34699800000E-01
   7.82256600000E-01   7.22527000000E-01   6.67833800000E-01   3.10546700000E-01
   5.44420400000E-01   8.38310700000E-01   2.94342000000E-01   7.56539500000E-01
   1.20219200000E+00   3.92305300000E-01   1.00000000000E-12   1.00000000000E-12
   0.00000000000E+00   0.00000000000E+00   0.00000000000E+00   0.00000000000E+00
   0.00000000000E+00   0.00000000000E+00   0.00000000000E+00   0.00000000000E+00
   0.00000000000E+00   0.00000000000E+00   0.00000000000E+00   0.00000000000E+00
   0.00000000000E+00   0.00000000000E+00   0.00000000000E+00   0.00000000000E+00
   0.00000000000E+00   0.00000000000E+00   0.00000000000E+00   0.00000000000E+00
   0.00000000000E+00   0.00000000000E+00   0.00000000000E+00   0.00000000000E+00
   0.00000000000E+00   0.00000000000E+00   0.00000000000E+00   0.00000000000E+00
   0.00000000000E+00   0.00000000000E+00   0.00000000000E+00   0.00000000000E+00
   0.00000000000E+00   0.00000000000E+00   0.00000000000E+00   0.00000000000E+00
   0.00000000000E+00   0.00000000000E+00   0.00000000000E+00   0.00000000000E+00
   0.00000000000E+00   0.00000000000E+00   0.00000000000E+00   0.00000000000E+00
   1.10826627000E-03   1.72791253000E-02   6.66221910000E-02   1.39291772000E-01
   2.22574488000E-01   3.07137600000E-01   3.87985421000E-01   4.63224602000E-01
   5.32742643000E-01   5.81661669000E-01   6.24410024000E-01   6.93546580000E-01
   7.50179216000E-01   8.02723292000E-01   9.00659869000E-01   9.80384735000E-01
   1.00000000000E+00   1.00000000000E+00   1.00000000000E+00   1.00000000000E+00
   1.00000000000E+00   1.00000000000E+00   1.00000000000E+00   1.00000000000E+00
   1.00000000000E+00   1.00000000000E+00   1.00000000000E+00   1.00000000000E+00
   1.00000000000E+00   1.00000000000E+00   1.00000000000E+00   1.00000000000E+00
   1.00000000000E+00   1.00000000000E+00   1.00000000000E+00   1.00000000000E+00
   1.00000000000E+00   1.00000000000E+00   1.00000000000E+00   1.00000000000E+00
   1.00000000000E+00   1.00000000000E+00   1.00000000000E+00   1.00000000000E+00
   1.00000000000E+00   1.00000000000E+00   1.00000000000E+00   1.00000000000E+00
   1.00000000000E+00   1.00000000000E+00   1.00000000000E+00   1.00000000000E+00
   1.00000000000E+00   1.00000000000E+00   1.00000000000E+00   1.00000000000E+00
   1.00000000000E+00   1.00000000000E+00   1.00000000000E+00   1.00000000000E+00
   1.00000000000E+00                   0                   0                   0
                   0                   0                   0                   0
                   0                   0                   0                   0
                   0                   0                   0                   0
                   0                   0                   0                   0
                   0                   0                   0                   0
                   0                   0                   0                   0
                   0                   0                   0                   0
                   0                   0                   0                   0
                   0                   0                   0                   0
                   0                   0                   0                   0
                   0                   0                   0                   0
                   0                   0                   0                   0
                   0                   0                   0                   0
                   0                   0                   0                   0
                   0                   0                   0                   0
                   0                   0                   0                   0
                   0                   0                   0                   0
                   0                   0                   0                   0
                   0                   0                   0                   0
                   0                   0                   0                   0
                   0                   0                   0                   0
                   0                   0                   0                   0
                   0                   0                   0                   0
                   0                   0                   0                   0
                   0                   0                   0                   0
                   0                   0                   0                   0
                   0                   0                   0                   0
                   0                   0                   0                   0
                   0                   0                   0                   0
                   0                   0                   0                   0
                   0                   0                   0                   0
                   0                   0                   0                   0
                   0                   0                   0                   0
                   0                   0                   0                   0
                   0                   0
