 92238.00u  236.005800  0.0000E+00   06/19/20
Ace U238 IAEA-PD                                                         mat9237
      0         0.      0         0.      0         0.      0         0.
      0         0.      0         0.      0         0.      0         0.
      0         0.      0         0.      0         0.      0         0.
      0         0.      0         0.      0         0.      0         0.
   420383    92238       91        2        7        2       12        0
        0        0        0        0        0        0        0        1
        1       92       92        0      183      274      276      278
      280      465      549        0        0        0        0        0
        0        0        0        0        0        0        0        0
        0        0        0        0        0        0        0        0
   9.99999000000E-01   1.00000000000E+00   1.50000000000E+00   2.00000000000E+00
   2.50000000000E+00   3.00000000000E+00   3.50000000000E+00   4.00000000000E+00
   4.50000000000E+00   5.00000000000E+00   5.25000000000E+00   5.50000000000E+00
   5.75000000000E+00   6.00000000000E+00   6.50000000000E+00   7.00000000000E+00
   7.50000000000E+00   8.00000000000E+00   8.50000000000E+00   9.00000000000E+00
   9.50000000000E+00   1.00000000000E+01   1.05000000000E+01   1.10000000000E+01
   1.15000000000E+01   1.20000000000E+01   1.25000000000E+01   1.30000000000E+01
   1.35000000000E+01   1.40000000000E+01   1.45000000000E+01   1.50000000000E+01
   1.55000000000E+01   1.60000000000E+01   1.65000000000E+01   1.70000000000E+01
   1.75000000000E+01   1.80000000000E+01   1.85000000000E+01   1.90000000000E+01
   1.95000000000E+01   2.00000000000E+01   2.10000000000E+01   2.20000000000E+01
   2.30000000000E+01   2.40000000000E+01   2.50000000000E+01   2.60000000000E+01
   2.70000000000E+01   2.80000000000E+01   2.90000000000E+01   3.00000000000E+01
   3.20000000000E+01   3.40000000000E+01   3.60000000000E+01   3.80000000000E+01
   4.00000000000E+01   4.20000000000E+01   4.40000000000E+01   4.60000000000E+01
   4.80000000000E+01   5.00000000000E+01   5.20000000000E+01   5.40000000000E+01
   5.60000000000E+01   5.80000000000E+01   6.00000000000E+01   6.20000000000E+01
   6.40000000000E+01   6.60000000000E+01   6.80000000000E+01   7.00000000000E+01
   7.20000000000E+01   7.40000000000E+01   7.60000000000E+01   7.80000000000E+01
   8.00000000000E+01   8.50000000000E+01   9.00000000000E+01   9.50000000000E+01
   1.00000000000E+02   1.10000000000E+02   1.20000000000E+02   1.30000000000E+02
   1.40000000000E+02   1.50000000000E+02   1.60000000000E+02   1.70000000000E+02
   1.80000000000E+02   1.90000000000E+02   2.00000000000E+02   0.00000000000E+00
   8.97301200000E-05   2.55115500000E-04   5.58099300002E-04   1.05610800009E-03
   1.82513700368E-03   2.96824716452E-03   4.62640730766E-03   6.98866584140E-03
   1.02907980100E-02   1.23739242900E-02   1.47854194000E-02   1.75547490000E-02
   2.07194390000E-02   2.85501540000E-02   3.97048030000E-02   5.67635600000E-02
   7.72006200000E-02   1.07669600000E-01   1.58407170000E-01   2.37417730000E-01
   3.44852900000E-01   4.47242790000E-01   4.88072600000E-01   4.73796900000E-01
   4.58177210000E-01   4.66500900000E-01   4.91571900000E-01   5.10774600000E-01
   5.03580300000E-01   4.66967300000E-01   4.13372600000E-01   3.56889800000E-01
   3.05647100000E-01   2.62323480000E-01   2.26781050000E-01   1.97888270000E-01
   1.74365860000E-01   1.55086500000E-01   1.39140400000E-01   1.25819900000E-01
   1.14581500000E-01   9.62996300000E-02   8.25349500000E-02   7.18705500000E-02
   6.34127800000E-02   5.65778700000E-02   5.09716000000E-02   4.63194700000E-02
   4.24248200000E-02   3.91429200000E-02   3.63645900000E-02   3.19990700000E-02
   2.88394800000E-02   2.65600000000E-02   2.49307500000E-02   2.37833900000E-02
   2.29921200000E-02   2.24620200000E-02   2.21213100000E-02   2.19157400000E-02
   2.18043800000E-02   2.17565000000E-02   2.17490600000E-02   2.17649100000E-02
   2.17913200000E-02   2.18189700000E-02   2.18410500000E-02   2.18527200000E-02
   2.18506100000E-02   2.18324600000E-02   2.17968600000E-02   2.17430500000E-02
   2.16707800000E-02   2.15801400000E-02   2.14715300000E-02   2.13455500000E-02
   2.09598800000E-02   2.04852600000E-02   1.99383400000E-02   1.93364800000E-02
   1.80365000000E-02   1.67169300000E-02   1.54983800000E-02   1.44902300000E-02
   1.32350000000E-02   1.21504000000E-02   1.12057200000E-02   1.03770000000E-02
   9.64530100000E-03   8.99547400000E-03   0.00000000000E+00   1.00000000000E+00
   7.76419000000E-01   2.71251200000E-01   3.45641000000E-01   3.97362100000E-01
   3.82672900000E-01   2.73696800000E-01   2.60928600000E-01   4.53132200000E-01
   1.46388300000E+00   6.60807400000E+00   2.82970400000E+01   8.25364700000E+01
   5.42360800000E+01   5.16515300000E+01   4.97803500000E+01   4.78754000000E+01
   4.68962000000E+01   4.47873600000E+01   4.59660200000E+01   4.68769700000E+01
   4.78534900000E+01   4.88032700000E+01   4.97497900000E+01   5.12402100000E+01
   5.52944400000E+01   6.30856100000E+01   7.24061100000E+01   7.96856200000E+01
   8.43180300000E+01   8.67724400000E+01   8.76775400000E+01   8.74195800000E+01
   8.68547700000E+01   8.56153600000E+01   8.48882600000E+01   8.72959200000E+01
   9.51542200000E+01   1.05035200000E+02   1.13005200000E+02   1.16740700000E+02
   1.11840500000E+02   1.02696700000E+02   9.46324400000E+01   8.76970100000E+01
   8.60767600000E+01   9.75322300000E+01   1.18061900000E+02   1.37594300000E+02
   1.49878200000E+02   1.57126700000E+02   1.63168400000E+02   1.71438500000E+02
   1.78834700000E+02   1.82067800000E+02   1.83242600000E+02   1.85851100000E+02
   1.89766500000E+02   1.93359700000E+02   1.96093500000E+02   1.98119800000E+02
   1.99922600000E+02   2.01463400000E+02   2.02916700000E+02   2.03898000000E+02
   2.05019800000E+02   2.06712200000E+02   2.07982900000E+02   2.09593400000E+02
   2.11065800000E+02   2.12770100000E+02   2.14311400000E+02   2.15935100000E+02
   2.17659900000E+02   2.19286600000E+02   2.20804000000E+02   2.25055100000E+02
   2.29425800000E+02   2.33832800000E+02   2.37937300000E+02   2.45672200000E+02
   2.53952200000E+02   2.63358500000E+02   2.71743400000E+02   2.78729800000E+02
   2.86085300000E+02   2.92274300000E+02   2.98369900000E+02   3.05122300000E+02
   3.12252000000E+02                   5                  18   0.00000000000E+00
   1.97806000000E+02                   1                  94                   1
                  91   0.00000000000E+00   8.97301200000E-05   2.55115500000E-04
   5.58099300000E-04   1.05610800000E-03   1.82513700000E-03   2.96824700000E-03
   4.62640000000E-03   6.98835300000E-03   1.02780600000E-02   1.22948900000E-02
   1.43109700000E-02   1.50998400000E-02   1.22510100000E-02   2.15095000000E-02
   3.04497400000E-02   4.41183800000E-02   6.08510100000E-02   8.54923500000E-02
   1.27579200000E-01   1.89956500000E-01   2.74527100000E-01   3.54295100000E-01
   3.84782900000E-01   3.71959900000E-01   3.58633100000E-01   3.57872500000E-01
   3.59471300000E-01   3.50866900000E-01   3.28647400000E-01   2.94515400000E-01
   2.56155900000E-01   2.19960400000E-01   1.89098700000E-01   1.63327400000E-01
   1.42832800000E-01   1.25540500000E-01   1.08718400000E-01   9.09824500000E-02
   7.51715000000E-02   6.33724900000E-02   5.59354100000E-02   4.98978000000E-02
   4.68934700000E-02   4.39163000000E-02   4.10812800000E-02   3.72581700000E-02
   3.08728900000E-02   2.36090600000E-02   1.77763700000E-02   1.42346700000E-02
   1.21051500000E-02   9.98440000000E-03   8.10462000000E-03   6.75976000000E-03
   6.17858000000E-03   5.96591000000E-03   5.68539000000E-03   5.33839000000E-03
   5.08034000000E-03   4.94491000000E-03   4.90374000000E-03   4.89924000000E-03
   4.92647000000E-03   4.96469000000E-03   5.05300000000E-03   5.12694000000E-03
   5.14310000000E-03   5.19673000000E-03   5.21277000000E-03   5.23529000000E-03
   5.22735000000E-03   5.23159000000E-03   5.22166000000E-03   5.19376000000E-03
   5.16932000000E-03   5.15263000000E-03   5.04318000000E-03   4.89308000000E-03
   4.71960000000E-03   4.55802000000E-03   4.25306000000E-03   3.87282000000E-03
   3.43224000000E-03   3.11290000000E-03   2.84036000000E-03   2.55589700000E-03
   2.37231500000E-03   2.19880600000E-03   2.00791800000E-03   1.81483100000E-03
                   2                  90   0.00000000000E+00   6.76141000000E-17
   2.25234000000E-15   8.63562000000E-14   3.68344000000E-12   1.64516000000E-10
   7.30766200000E-09   3.12841400000E-07   1.27380100000E-05   7.90342900000E-05
   4.74449400000E-04   2.45490900000E-03   8.46842900000E-03   7.04065400000E-03
   9.25506300000E-03   1.26451800000E-02   1.63496100000E-02   2.21772500000E-02
   3.08279700000E-02   4.74612300000E-02   7.03258000000E-02   9.29476900000E-02
   1.03289700000E-01   1.01837000000E-01   9.95441100000E-02   1.08628400000E-01
   1.32100600000E-01   1.59907700000E-01   1.74932900000E-01   1.72451900000E-01
   1.57216700000E-01   1.36929400000E-01   1.16548400000E-01   9.89960800000E-02
   8.39482500000E-02   7.23477700000E-02   6.56474600000E-02   6.41040500000E-02
   6.39689000000E-02   6.24474100000E-02   5.86460900000E-02   4.64018300000E-02
   3.56414800000E-02   2.79542500000E-02   2.23315000000E-02   1.93197000000E-02
   2.00987100000E-02   2.27104100000E-02   2.46484500000E-02   2.49082500000E-02
   2.42594400000E-02   2.20146700000E-02   2.07348600000E-02   1.98002400000E-02
   1.87521700000E-02   1.78174800000E-02   1.73067300000E-02   1.71236300000E-02
   1.70409700000E-02   1.69708300000E-02   1.69006400000E-02   1.68572600000E-02
   1.68225900000E-02   1.68002200000E-02   1.67383200000E-02   1.66920300000E-02
   1.66979500000E-02   1.66559900000E-02   1.66378400000E-02   1.65971700000E-02
   1.65695100000E-02   1.65114600000E-02   1.64491200000E-02   1.63863800000E-02
   1.63022100000E-02   1.61929200000E-02   1.59167000000E-02   1.55921800000E-02
   1.52187400000E-02   1.47784600000E-02   1.37834400000E-02   1.28441100000E-02
   1.20661400000E-02   1.13773300000E-02   1.03946400000E-02   9.59450300000E-03
   8.83340500000E-03   8.17819400000E-03   7.63738300000E-03   7.18064300000E-03
                   1                   2                 549                 642
                 735                 737                 739                 741
                1087                1089                1089                1091
                   2                   1               77610               77703
               77796               77797               77798               77799
               77983               77984               77984               77985
                   9                   1               93831               93908
               93985               93986               93987               93988
               94146               94147               94147               94148
                  31                   1              157420              157489
              157558              157559              157560              157561
              157715              157716              157716              157717
                  32                   1              215716              215787
              215858              215859              215860              215861
              216019              216020              216020              216021
                  33                   1              276735              276797
              276859              276860              276861              276862
              277010              277011              277011              277012
                  34                   1              333253              333346
              333439              333440              333441              333442
              333626              333627              333627              333628
                   1                  91   0.00000000000E+00   0.00000000000E+00
   6.76141000000E-17   2.25234000000E-15   8.63562000000E-14   3.68344000000E-12
   1.64516000000E-10   7.30766200000E-09   3.12841400000E-07   1.27380100000E-05
   7.90342900000E-05   4.74449400000E-04   2.45490900000E-03   8.46842900000E-03
   2.64339100000E-02   3.79515300000E-02   5.44944900000E-02   7.50648700000E-02
   1.05713200000E-01   1.56690300000E-01   2.35837500000E-01   3.43514500000E-01
   4.46266000000E-01   4.87480900000E-01   4.87191500000E-01   5.69475000000E-01
   6.50432000000E-01   7.31157400000E-01   7.76791700000E-01   7.70709500000E-01
   7.15528000000E-01   6.34526100000E-01   5.49858900000E-01   4.73592100000E-01
   4.08734900000E-01   3.55940100000E-01   3.12086500000E-01   2.73590800000E-01
   2.38561800000E-01   2.10879700000E-01   1.92022800000E-01   1.80551500000E-01
   1.68646100000E-01   1.57747300000E-01   1.45700800000E-01   1.34282100000E-01
   1.21715200000E-01   1.05038900000E-01   8.74459600000E-02   7.31422500000E-02
   6.39287100000E-02   5.76963000000E-02   4.96821600000E-02   4.26121000000E-02
   3.76644000000E-02   3.55049000000E-02   3.46309300000E-02   3.33710300000E-02
   3.20036000000E-02   3.10686800000E-02   3.07127400000E-02   3.07570900000E-02
   3.09358600000E-02   3.14215800000E-02   3.21089000000E-02   3.29414200000E-02
   3.37509700000E-02   3.43844400000E-02   3.51441300000E-02   3.58155200000E-02
   3.65939600000E-02   3.73058800000E-02   3.81319900000E-02   3.88726300000E-02
   3.96110800000E-02   4.03973700000E-02   4.11894600000E-02   4.29840900000E-02
   4.46377000000E-02   4.61734200000E-02   4.75539900000E-02   4.95008400000E-02
   5.11414700000E-02   5.26142800000E-02   5.43881800000E-02   5.47057300000E-02
   5.54826100000E-02   5.59270900000E-02   5.64972400000E-02   5.69018900000E-02
   5.72723000000E-02                   1                  91   0.00000000000E+00
   0.00000000000E+00   2.51484600000E-13   7.65884500000E-12   1.56347000000E-10
   3.88778100000E-09   1.07564000000E-07   3.08805600000E-06   8.81269300000E-05
   2.45379500000E-03   1.27054400000E-02   6.40513800000E-02   2.80090600000E-01
   8.21416000000E-01   6.16053500000E-01   7.79446300000E-01   9.51249900000E-01
   1.13676300000E+00   1.13441300000E+00   1.12311200000E+00   1.12843100000E+00
   1.13110200000E+00   1.13184600000E+00   1.13198800000E+00   1.15598900000E+00
   1.33449500000E+00   1.54084100000E+00   1.73034000000E+00   1.87593600000E+00
   1.98435200000E+00   2.08808600000E+00   2.17976900000E+00   2.26705000000E+00
   2.35366800000E+00   2.42126100000E+00   2.49117900000E+00   2.55919600000E+00
   2.61627800000E+00   2.62824900000E+00   2.65532100000E+00   2.72455000000E+00
   2.84199400000E+00   3.18448100000E+00   3.50992400000E+00   3.82668600000E+00
   4.12128400000E+00   4.32141500000E+00   4.29461300000E+00   4.07571100000E+00
   3.82852400000E+00   3.72137200000E+00   3.69589300000E+00   3.81248500000E+00
   3.75065400000E+00   3.70261300000E+00   3.82950900000E+00   4.04717600000E+00
   4.13953200000E+00   4.14719400000E+00   4.16085900000E+00   4.23695900000E+00
   4.35993100000E+00   4.49959100000E+00   4.68198600000E+00   4.90264500000E+00
   5.15632700000E+00   5.41196200000E+00   5.62152900000E+00   5.86988100000E+00
   6.10737600000E+00   6.38123600000E+00   6.65161700000E+00   6.95347600000E+00
   7.25032100000E+00   7.56127300000E+00   7.90179500000E+00   8.26373700000E+00
   9.15275600000E+00   1.01211900000E+01   1.11252800000E+01   1.22102200000E+01
   1.44086200000E+01   1.69174400000E+01   1.95316100000E+01   2.24323800000E+01
   2.54457100000E+01   2.89072700000E+01   3.23881000000E+01   3.61664500000E+01
   4.00882100000E+01   4.41977100000E+01                   5                  18
                  -1                  -1                   1                 163
                   6                   5                   0                  79
   1.00000000000E+00   6.15372800000E+00   6.50000000000E+00   7.00000000000E+00
   7.50000000000E+00   8.00000000000E+00   8.50000000000E+00   9.00000000000E+00
   9.50000000000E+00   1.00000000000E+01   1.05000000000E+01   1.10000000000E+01
   1.15000000000E+01   1.20000000000E+01   1.25000000000E+01   1.30000000000E+01
   1.35000000000E+01   1.40000000000E+01   1.45000000000E+01   1.50000000000E+01
   1.55000000000E+01   1.60000000000E+01   1.65000000000E+01   1.70000000000E+01
   1.75000000000E+01   1.80000000000E+01   1.85000000000E+01   1.90000000000E+01
   1.95000000000E+01   2.00000000000E+01   2.10000000000E+01   2.20000000000E+01
   2.30000000000E+01   2.40000000000E+01   2.50000000000E+01   2.60000000000E+01
   2.70000000000E+01   2.80000000000E+01   2.90000000000E+01   3.00000000000E+01
   3.20000000000E+01   3.40000000000E+01   3.60000000000E+01   3.80000000000E+01
   4.00000000000E+01   4.20000000000E+01   4.40000000000E+01   4.60000000000E+01
   4.80000000000E+01   5.00000000000E+01   5.20000000000E+01   5.40000000000E+01
   5.60000000000E+01   5.80000000000E+01   6.00000000000E+01   6.20000000000E+01
   6.40000000000E+01   6.60000000000E+01   6.80000000000E+01   7.00000000000E+01
   7.20000000000E+01   7.40000000000E+01   7.60000000000E+01   7.80000000000E+01
   8.00000000000E+01   8.50000000000E+01   9.00000000000E+01   9.50000000000E+01
   1.00000000000E+02   1.10000000000E+02   1.20000000000E+02   1.30000000000E+02
   1.40000000000E+02   1.50000000000E+02   1.60000000000E+02   1.70000000000E+02
   1.80000000000E+02   1.90000000000E+02   2.00000000000E+02   0.00000000000E+00
   0.00000000000E+00   9.01613900000E-01   9.42420900000E-01   9.48568600000E-01
   9.64902000000E-01   9.77116400000E-01   9.86542200000E-01   9.91681300000E-01
   9.95124700000E-01   9.97243000000E-01   9.98462300000E-01   1.03601100000E+00
   1.31033900000E+00   1.51395700000E+00   1.66649400000E+00   1.75817100000E+00
   1.81281400000E+00   1.84396500000E+00   1.86335500000E+00   1.87729000000E+00
   1.88813400000E+00   1.89642900000E+00   1.90426700000E+00   1.90965200000E+00
   1.91267800000E+00   1.91748700000E+00   1.95434200000E+00   2.04466300000E+00
   2.17939500000E+00   2.44989300000E+00   2.60389700000E+00   2.68115800000E+00
   2.72510100000E+00   2.74826900000E+00   2.75128600000E+00   2.74197900000E+00
   2.72799200000E+00   2.74122700000E+00   2.76220100000E+00   2.77107200000E+00
   2.69935400000E+00   2.64272100000E+00   2.71142100000E+00   2.81825400000E+00
   2.82554100000E+00   2.78735200000E+00   2.76117500000E+00   2.77900200000E+00
   2.82569100000E+00   2.87363000000E+00   2.96337800000E+00   3.08351200000E+00
   3.20662900000E+00   3.32731400000E+00   3.43887700000E+00   3.55764900000E+00
   3.67898100000E+00   3.81961400000E+00   3.96690000000E+00   4.13268900000E+00
   4.29432500000E+00   4.47165400000E+00   4.66118600000E+00   4.85122000000E+00
   5.36712800000E+00   5.93604000000E+00   6.55875100000E+00   7.19073900000E+00
   8.39804700000E+00   9.88875400000E+00   1.18139000000E+01   1.38169700000E+01
   1.56005200000E+01   1.79538200000E+01   1.98513600000E+01   2.19751300000E+01
   2.45351200000E+01   2.76012800000E+01                   6                  18
                   0                  90   1.00000000000E+00   1.50000000000E+00
   2.00000000000E+00   2.50000000000E+00   3.00000000000E+00   3.50000000000E+00
   4.00000000000E+00   4.50000000000E+00   5.00000000000E+00   5.25000000000E+00
   5.50000000000E+00   5.75000000000E+00   6.00000000000E+00   6.50000000000E+00
   7.00000000000E+00   7.50000000000E+00   8.00000000000E+00   8.50000000000E+00
   9.00000000000E+00   9.50000000000E+00   1.00000000000E+01   1.05000000000E+01
   1.10000000000E+01   1.15000000000E+01   1.20000000000E+01   1.25000000000E+01
   1.30000000000E+01   1.35000000000E+01   1.40000000000E+01   1.45000000000E+01
   1.50000000000E+01   1.55000000000E+01   1.60000000000E+01   1.65000000000E+01
   1.70000000000E+01   1.75000000000E+01   1.80000000000E+01   1.85000000000E+01
   1.90000000000E+01   1.95000000000E+01   2.00000000000E+01   2.10000000000E+01
   2.20000000000E+01   2.30000000000E+01   2.40000000000E+01   2.50000000000E+01
   2.60000000000E+01   2.70000000000E+01   2.80000000000E+01   2.90000000000E+01
   3.00000000000E+01   3.20000000000E+01   3.40000000000E+01   3.60000000000E+01
   3.80000000000E+01   4.00000000000E+01   4.20000000000E+01   4.40000000000E+01
   4.60000000000E+01   4.80000000000E+01   5.00000000000E+01   5.20000000000E+01
   5.40000000000E+01   5.60000000000E+01   5.80000000000E+01   6.00000000000E+01
   6.20000000000E+01   6.40000000000E+01   6.60000000000E+01   6.80000000000E+01
   7.00000000000E+01   7.20000000000E+01   7.40000000000E+01   7.60000000000E+01
   7.80000000000E+01   8.00000000000E+01   8.50000000000E+01   9.00000000000E+01
   9.50000000000E+01   1.00000000000E+02   1.10000000000E+02   1.20000000000E+02
   1.30000000000E+02   1.40000000000E+02   1.50000000000E+02   1.60000000000E+02
   1.70000000000E+02   1.80000000000E+02   1.90000000000E+02   2.00000000000E+02
   1.00000000000E+00   1.00000000000E+00   1.00000000000E+00   1.00000000000E+00
   1.00000000000E+00   1.00000000000E+00   1.00000000000E+00   1.00000000000E+00
   1.00000000000E+00   1.00000000000E+00   1.00000000000E+00   1.00000000000E+00
   1.00000000000E+00   1.00000000000E+00   1.00000000000E+00   1.00000000000E+00
   1.00000000000E+00   1.00000000000E+00   1.00000000000E+00   1.00000000000E+00
   1.00000000000E+00   1.00000000000E+00   1.00000000000E+00   1.00000000000E+00
   1.00000000000E+00   1.00000000000E+00   1.00000000000E+00   1.00000000000E+00
   1.00000000000E+00   1.00000000000E+00   1.00000000000E+00   1.00000000000E+00
   1.00000000000E+00   1.00000000000E+00   1.00000000000E+00   1.00000000000E+00
   1.00000000000E+00   1.00000000000E+00   1.00000000000E+00   1.00000000000E+00
   1.00000000000E+00   1.00000000000E+00   1.00000000000E+00   1.00000000000E+00
   1.00000000000E+00   1.00000000000E+00   1.00000000000E+00   1.00000000000E+00
   1.00000000000E+00   1.00000000000E+00   1.00000000000E+00   1.00000000000E+00
   1.00000000000E+00   1.00000000000E+00   1.00000000000E+00   1.00000000000E+00
   1.00000000000E+00   1.00000000000E+00   1.00000000000E+00   1.00000000000E+00
   1.00000000000E+00   1.00000000000E+00   1.00000000000E+00   1.00000000000E+00
   1.00000000000E+00   1.00000000000E+00   1.00000000000E+00   1.00000000000E+00
   1.00000000000E+00   1.00000000000E+00   1.00000000000E+00   1.00000000000E+00
   1.00000000000E+00   1.00000000000E+00   1.00000000000E+00   1.00000000000E+00
   1.00000000000E+00   1.00000000000E+00   1.00000000000E+00   1.00000000000E+00
   1.00000000000E+00   1.00000000000E+00   1.00000000000E+00   1.00000000000E+00
   1.00000000000E+00   1.00000000000E+00   1.00000000000E+00   1.00000000000E+00
   1.00000000000E+00   1.00000000000E+00                   0                   0
                   1               66194                   0                   4
                  10                   0                   2   1.00000000000E+00
   2.00000000000E+02   1.00000000000E+00   1.00000000000E+00                   0
                  32   1.00000000000E+00   6.15372800000E+00   8.00000000000E+00
   1.00000000000E+01   1.20000000000E+01   1.40000000000E+01   1.60000000000E+01
   1.80000000000E+01   2.00000000000E+01   2.20000000000E+01   2.40000000000E+01
   2.60000000000E+01   2.80000000000E+01   3.00000000000E+01   3.20000000000E+01
   3.60000000000E+01   4.00000000000E+01   4.40000000000E+01   4.80000000000E+01
   5.00000000000E+01   5.20000000000E+01   5.60000000000E+01   6.00000000000E+01
   7.00000000000E+01   8.00000000000E+01   9.00000000000E+01   1.00000000000E+02
   1.20000000000E+02   1.40000000000E+02   1.60000000000E+02   1.80000000000E+02
   2.00000000000E+02                  76                  99                 122
                 558                1298                2422                3766
                5231                6718                8227                9747
               11556               13391               15226               17243
               19260               21277               23589               25901
               28228               30540               32867               35164
               37521               40175               42829               45795
               48761               52018               55562               59106
               62650                   2                   3   0.00000000000E+00
   5.00000000000E-07   1.00000000000E-06   0.00000000000E+00   2.00000000000E+06
   0.00000000000E+00   0.00000000000E+00   5.00000000000E-01   1.00000000000E+00
                   0                   0                   0                   0
                   0                   0                   0                   0
                   0                   0                   0                   0
                   2                   3   0.00000000000E+00   5.00000000000E-07
   1.00000000000E-06   0.00000000000E+00   2.00000000000E+06   0.00000000000E+00
   0.00000000000E+00   5.00000000000E-01   1.00000000000E+00                   0
                   0                   0                   0                   0
                   0                   0                   0                   0
                   0                   0                   0                   2
                  62   0.00000000000E+00   2.50000000000E-02   1.00000000000E-01
   2.00000000000E-01   3.00000000000E-01   4.00000000000E-01   5.00000000000E-01
   6.00000000000E-01   7.00000000000E-01   8.00000000000E-01   9.00000000000E-01
   1.00000000000E+00   1.10000000000E+00   1.20000000000E+00   1.30000000000E+00
   1.40000000000E+00   1.50000000000E+00   1.60000000000E+00   1.70000000000E+00
   1.80000000000E+00   1.90000000000E+00   2.00000000000E+00   2.10000000000E+00
   2.20000000000E+00   2.30000000000E+00   2.40000000000E+00   2.50000000000E+00
   2.60000000000E+00   2.70000000000E+00   2.80000000000E+00   2.90000000000E+00
   3.00000000000E+00   3.10000000000E+00   3.20000000000E+00   3.30000000000E+00
   3.40000000000E+00   3.50000000000E+00   3.60000000000E+00   3.70000000000E+00
   3.80000000000E+00   3.90000000000E+00   4.00000000000E+00   4.10000000000E+00
   4.20000000000E+00   4.30000000000E+00   4.40000000000E+00   4.50000000000E+00
   4.60000000000E+00   4.70000000000E+00   4.80000000000E+00   4.90000000000E+00
   5.00000000000E+00   5.10000000000E+00   5.20000000000E+00   5.30000000000E+00
   5.40000000000E+00   5.50000000000E+00   5.60000000000E+00   5.70000000000E+00
   5.80000000000E+00   5.90000000000E+00   6.00000000000E+00   0.00000000000E+00
   9.68550400000E-02   3.28021400000E-01   5.99219300000E-01   7.32571600000E-01
   7.55874900000E-01   7.18507700000E-01   6.57099900000E-01   5.94229200000E-01
   5.38660600000E-01   4.91322000000E-01   4.49136200000E-01   4.05967900000E-01
   9.60081100000E-01   4.01584600000E-01   5.12812000000E-01   1.75739700000E-02
   3.52116200000E-01   4.20519000000E-01   1.05727800000E+00   0.00000000000E+00
   0.00000000000E+00   0.00000000000E+00   0.00000000000E+00   0.00000000000E+00
   0.00000000000E+00   0.00000000000E+00   0.00000000000E+00   0.00000000000E+00
   0.00000000000E+00   0.00000000000E+00   0.00000000000E+00   0.00000000000E+00
   0.00000000000E+00   0.00000000000E+00   0.00000000000E+00   0.00000000000E+00
   0.00000000000E+00   0.00000000000E+00   0.00000000000E+00   0.00000000000E+00
   0.00000000000E+00   0.00000000000E+00   0.00000000000E+00   0.00000000000E+00
   0.00000000000E+00   0.00000000000E+00   0.00000000000E+00   0.00000000000E+00
   0.00000000000E+00   0.00000000000E+00   0.00000000000E+00   0.00000000000E+00
   0.00000000000E+00   0.00000000000E+00   0.00000000000E+00   0.00000000000E+00
   0.00000000000E+00   0.00000000000E+00   0.00000000000E+00   0.00000000000E+00
   0.00000000000E+00   0.00000000000E+00   1.21068795000E-03   1.71435538000E-02
   6.35055869000E-02   1.30095129000E-01   2.04517451000E-01   2.78236578000E-01
   3.47016955000E-01   4.09583408000E-01   4.66227895000E-01   5.17727023000E-01
   5.64749931000E-01   6.07505134000E-01   6.75807581000E-01   7.43890864000E-01
   7.89610692000E-01   8.16129989000E-01   8.34614497000E-01   8.73246255000E-01
   9.47136102000E-01   1.00000000000E+00   1.00000000000E+00   1.00000000000E+00
   1.00000000000E+00   1.00000000000E+00   1.00000000000E+00   1.00000000000E+00
   1.00000000000E+00   1.00000000000E+00   1.00000000000E+00   1.00000000000E+00
   1.00000000000E+00   1.00000000000E+00   1.00000000000E+00   1.00000000000E+00
   1.00000000000E+00   1.00000000000E+00   1.00000000000E+00   1.00000000000E+00
   1.00000000000E+00   1.00000000000E+00   1.00000000000E+00   1.00000000000E+00
   1.00000000000E+00   1.00000000000E+00   1.00000000000E+00   1.00000000000E+00
   1.00000000000E+00   1.00000000000E+00   1.00000000000E+00   1.00000000000E+00
   1.00000000000E+00   1.00000000000E+00   1.00000000000E+00   1.00000000000E+00
   1.00000000000E+00   1.00000000000E+00   1.00000000000E+00   1.00000000000E+00
   1.00000000000E+00   1.00000000000E+00   1.00000000000E+00                   0
                   0                   0                   0                   0
                   0                   0                   0                   0
                   0                   0                   0                   0
                   0                   0                   0                   0
                   0                   0                   0                   0
                   0                   0                   0                   0
                   0                   0                   0                   0
                   0                   0                   0                   0
                   0                   0                   0                   0
                   0                   0                   0                   0
                   0                   0                   0                   0
                   0                   0                   0                   0
                   0                   0                   0                   0
                   0                   0                   0                   0
                   0                   0                   0                   0
                   0                   0                   0                   0
                   0                   0                   0                   0
                   0                   0                   0                   0
                   0                   0                   0                   0
                   0                   0                   0                   0
                   0                   0                   0                   0
                   0                   0                   0                   0
                   0                   0                   0                   0
                   0                   0                   0                   0
                   0                   0                   0                   0
                   0                   0                   0                   0
                   0                   0                   0                   0
                   0                   0                   0                   0
                   0                   0                   0                   0
