 23050.00u   49.518090  0.0000E+00   02/26/20
Ace V50 IAEA-PD                                                          mat2325
      0         0.      0         0.      0         0.      0         0.
      0         0.      0         0.      0         0.      0         0.
      0         0.      0         0.      0         0.      0         0.
      0         0.      0         0.      0         0.      0         0.
   299466    23050       89        1        7        2       12        0
        0        0        0        0        0        0        0        1
        1       90       90        0      179      268      269      270
      271      362      446        0        0        0        0        0
        0        0        0        0        0        0        0        0
        0        0        0        0        0        0        0        0
   9.99999000000E-01   1.00000000000E+00   1.50000000000E+00   2.00000000000E+00
   2.50000000000E+00   3.00000000000E+00   3.50000000000E+00   4.00000000000E+00
   4.50000000000E+00   5.00000000000E+00   5.50000000000E+00   6.00000000000E+00
   6.50000000000E+00   7.00000000000E+00   7.50000000000E+00   8.00000000000E+00
   8.50000000000E+00   9.00000000000E+00   9.50000000000E+00   1.00000000000E+01
   1.05000000000E+01   1.10000000000E+01   1.15000000000E+01   1.20000000000E+01
   1.25000000000E+01   1.30000000000E+01   1.35000000000E+01   1.40000000000E+01
   1.45000000000E+01   1.50000000000E+01   1.55000000000E+01   1.60000000000E+01
   1.65000000000E+01   1.70000000000E+01   1.75000000000E+01   1.80000000000E+01
   1.85000000000E+01   1.90000000000E+01   1.95000000000E+01   2.00000000000E+01
   2.10000000000E+01   2.20000000000E+01   2.30000000000E+01   2.40000000000E+01
   2.50000000000E+01   2.60000000000E+01   2.70000000000E+01   2.80000000000E+01
   2.90000000000E+01   3.00000000000E+01   3.20000000000E+01   3.40000000000E+01
   3.60000000000E+01   3.80000000000E+01   4.00000000000E+01   4.20000000000E+01
   4.40000000000E+01   4.60000000000E+01   4.80000000000E+01   5.00000000000E+01
   5.20000000000E+01   5.40000000000E+01   5.60000000000E+01   5.80000000000E+01
   6.00000000000E+01   6.20000000000E+01   6.40000000000E+01   6.60000000000E+01
   6.80000000000E+01   7.00000000000E+01   7.20000000000E+01   7.40000000000E+01
   7.60000000000E+01   7.80000000000E+01   8.00000000000E+01   8.50000000000E+01
   9.00000000000E+01   9.50000000000E+01   1.00000000000E+02   1.10000000000E+02
   1.20000000000E+02   1.30000000000E+02   1.40000000000E+02   1.50000000000E+02
   1.60000000000E+02   1.70000000000E+02   1.80000000000E+02   1.90000000000E+02
   2.00000000000E+02   0.00000000000E+00   5.96785500000E-06   1.56320800000E-05
   3.19347200000E-05   5.68000400000E-05   9.24712600000E-05   1.41612200000E-04
   2.07443000000E-04   2.93929400000E-04   4.06053000000E-04   5.50197700000E-04
   7.34692600000E-04   9.70572300000E-04   1.27264600000E-03   1.66098000000E-03
   2.16278900000E-03   2.81411300000E-03   3.65864300000E-03   4.73571100000E-03
   6.04238900000E-03   7.47130500000E-03   8.81782400000E-03   9.97773700000E-03
   1.11154000000E-02   1.25246800000E-02   1.44432700000E-02   1.70324300000E-02
   2.04225500000E-02   2.47355000000E-02   3.00677100000E-02   3.64341300000E-02
   4.36806000000E-02   5.14036800000E-02   5.89589900000E-02   6.56135100000E-02
   7.07574400000E-02   7.40116200000E-02   7.52109700000E-02   7.43870400000E-02
   7.17865500000E-02   6.30058100000E-02   5.27839400000E-02   4.35322800000E-02
   3.59851200000E-02   3.00546300000E-02   2.54261500000E-02   2.17897700000E-02
   1.88986600000E-02   1.65693900000E-02   1.46685700000E-02   1.17907700000E-02
   9.75813000000E-03   8.28463200000E-03   7.19821300000E-03   6.38865700000E-03
   5.78147400000E-03   5.32421000000E-03   4.97885100000E-03   4.71733200000E-03
   4.51868800000E-03   4.36714500000E-03   4.25078000000E-03   4.16055800000E-03
   4.08961300000E-03   4.03272500000E-03   3.98592200000E-03   3.94618300000E-03
   3.91121200000E-03   3.87926900000E-03   3.84904200000E-03   3.81955000000E-03
   3.79006500000E-03   3.76005800000E-03   3.72915200000E-03   3.69709100000E-03
   3.61099300000E-03   3.51600600000E-03   3.41289600000E-03   3.30329200000E-03
   3.07309400000E-03   2.84371300000E-03   2.63368000000E-03   2.46056100000E-03
   2.24639700000E-03   2.06161000000E-03   1.90083100000E-03   1.75990000000E-03
   1.63554300000E-03   1.52515300000E-03   0.00000000000E+00   1.00000000000E+00
   9.99578700000E-01   9.99158300000E-01   9.98737900000E-01   9.98317500000E-01
   7.95252800000E-01   5.11576100000E-01   5.39373100000E-01   5.53938800000E-01
   5.57037600000E-01   5.48523700000E-01   5.43030300000E-01   5.25806200000E-01
   4.96779000000E-01   4.56551500000E-01   4.28018900000E-01   4.29777100000E-01
   4.17545300000E+00   6.28334200000E+00   7.53671900000E+00   7.98686600000E+00
   8.63047200000E+00   9.42746100000E+00   9.33285900000E+00   9.38790400000E+00
   9.46280000000E+00   9.54342200000E+00   9.61049100000E+00   9.65146100000E+00
   9.67207100000E+00   9.68174600000E+00   9.73497600000E+00   9.78205000000E+00
   9.83630900000E+00   9.89549800000E+00   1.00494600000E+01   1.02170300000E+01
   1.04399800000E+01   1.07155400000E+01   1.23358400000E+01   1.39514100000E+01
   1.58426500000E+01   1.74596200000E+01   1.82656000000E+01   1.91357300000E+01
   1.96490500000E+01   2.01868700000E+01   2.05159900000E+01   2.08430600000E+01
   2.17329500000E+01   2.35852600000E+01   2.54051400000E+01   2.71343600000E+01
   2.87739600000E+01   3.01037800000E+01   3.14260100000E+01   3.27191000000E+01
   3.39608900000E+01   3.53749400000E+01   3.67344800000E+01   3.81118700000E+01
   3.95362300000E+01   4.08634100000E+01   4.21851200000E+01   4.36070000000E+01
   4.50625900000E+01   4.64406000000E+01   4.78266600000E+01   4.91834600000E+01
   5.05616200000E+01   5.19475600000E+01   5.32946100000E+01   5.46610400000E+01
   5.59902600000E+01   5.94774900000E+01   6.29091500000E+01   6.63480100000E+01
   6.97459600000E+01   7.67005200000E+01   8.35591600000E+01   9.06022000000E+01
   9.74077200000E+01   1.04468800000E+02   1.11336900000E+02   1.19920600000E+02
   1.30074100000E+02   1.37506700000E+02   1.44919000000E+02                   5
   0.00000000000E+00                   1                   1                  89
   0.00000000000E+00   5.96785500000E-06   1.56320800000E-05   3.19347200000E-05
   5.68000400000E-05   9.24712600000E-05   1.41612200000E-04   2.07443000000E-04
   2.93929400000E-04   4.06053000000E-04   5.50197700000E-04   7.34692600000E-04
   9.70572300000E-04   1.27264600000E-03   1.66098000000E-03   2.16278900000E-03
   2.81411300000E-03   3.65864300000E-03   4.73571100000E-03   6.04238900000E-03
   7.47130500000E-03   8.81782400000E-03   9.97773700000E-03   1.11154000000E-02
   1.25246800000E-02   1.44432700000E-02   1.70324300000E-02   2.04225500000E-02
   2.47355000000E-02   3.00677100000E-02   3.64341300000E-02   4.36806000000E-02
   5.14036800000E-02   5.89589900000E-02   6.56135100000E-02   7.07574400000E-02
   7.40116200000E-02   7.52109700000E-02   7.43870400000E-02   7.17865500000E-02
   6.30058100000E-02   5.27839400000E-02   4.35322800000E-02   3.59851200000E-02
   3.00546300000E-02   2.54261500000E-02   2.17897700000E-02   1.88986600000E-02
   1.65693900000E-02   1.46685700000E-02   1.17907700000E-02   9.75813000000E-03
   8.28463200000E-03   7.19821300000E-03   6.38865700000E-03   5.78147400000E-03
   5.32421000000E-03   4.97885100000E-03   4.71733200000E-03   4.51868800000E-03
   4.36714500000E-03   4.25078000000E-03   4.16055800000E-03   4.08961300000E-03
   4.03272500000E-03   3.98592200000E-03   3.94618300000E-03   3.91121200000E-03
   3.87926900000E-03   3.84904200000E-03   3.81955000000E-03   3.79006500000E-03
   3.76005800000E-03   3.72915200000E-03   3.69709100000E-03   3.61099300000E-03
   3.51600600000E-03   3.41289600000E-03   3.30329200000E-03   3.07309400000E-03
   2.84371300000E-03   2.63368000000E-03   2.46056100000E-03   2.24639700000E-03
   2.06161000000E-03   1.90083100000E-03   1.75990000000E-03   1.63554300000E-03
   1.52515300000E-03                   1                   1                 446
                 520                 594                 595                 596
                 597                 747                 748                 748
                 749                   2                   1               52420
               52511               52602               52603               52604
               52605               52779               52780               52780
               52781                   9                   1               66430
               66507               66584               66585               66586
               66587               66741               66742               66742
               66743                  31                   1              121032
              121097              121162              121163              121164
              121165              121295              121296              121296
              121297                  32                   1              167354
              167408              167462              167463              167464
              167465              167575              167576              167576
              167577                  33                   1              207508
              207561              207614              207615              207616
              207617              207723              207724              207724
              207725                  34                   1              246412
              246485              246558              246559              246560
              246561              246707              246708              246708
              246709                  18                  72   0.00000000000E+00
   1.79282300000E-03   3.84852500000E-03   6.88613200000E-03   8.63602000000E-03
   9.76322900000E-03   1.07974400000E-02   1.20987800000E-02   1.38193100000E-02
   1.61285400000E-02   1.91348500000E-02   2.29520500000E-02   2.76547100000E-02
   3.32015500000E-02   3.93738800000E-02   4.57880700000E-02   5.18315400000E-02
   5.67126700000E-02   5.99800800000E-02   6.13397800000E-02   6.09815300000E-02
   5.89018700000E-02   5.57691300000E-02   4.80901800000E-02   4.36723900000E-02
   4.19668900000E-02   3.91330300000E-02   3.48046100000E-02   3.02873200000E-02
   2.62886400000E-02   2.29060300000E-02   2.00546000000E-02   1.77226200000E-02
   1.43607200000E-02   1.23782500000E-02   1.12894400000E-02   1.04271400000E-02
   9.62482500000E-03   8.97428100000E-03   8.45045800000E-03   8.12465800000E-03
   7.95393600000E-03   7.87596900000E-03   7.86278700000E-03   7.87293800000E-03
   7.88545100000E-03   7.88979200000E-03   7.90928700000E-03   7.94413800000E-03
   7.97950200000E-03   8.05521500000E-03   8.12472500000E-03   8.19372900000E-03
   8.26018600000E-03   8.31111200000E-03   8.36445200000E-03   8.41699100000E-03
   8.46216400000E-03   8.55426200000E-03   8.61155300000E-03   8.63007400000E-03
   8.60420400000E-03   8.46597100000E-03   8.25532400000E-03   8.01034600000E-03
   7.85678300000E-03   7.46309900000E-03   7.12783700000E-03   7.06359800000E-03
   6.76676300000E-03   6.49388600000E-03   6.24904400000E-03                  18
                  72   0.00000000000E+00   6.44466100000E-02   4.33831200000E-01
   7.74390300000E-01   9.78653100000E-01   1.13341200000E+00   1.27968900000E+00
   1.42468800000E+00   1.56178900000E+00   1.69479200000E+00   1.82446000000E+00
   1.90743700000E+00   1.99039200000E+00   2.07085200000E+00   2.14614200000E+00
   2.17557900000E+00   2.20121800000E+00   2.21741000000E+00   2.22681700000E+00
   2.21724900000E+00   2.20836100000E+00   2.19496900000E+00   2.19108400000E+00
   2.11780000000E+00   2.25786200000E+00   2.50534100000E+00   2.68460700000E+00
   3.01791500000E+00   3.26794200000E+00   3.55366000000E+00   3.81501700000E+00
   4.06523200000E+00   4.31318900000E+00   4.80600700000E+00   5.23331700000E+00
   5.86670000000E+00   6.50035700000E+00   7.03502500000E+00   7.63353500000E+00
   8.19907900000E+00   8.76161200000E+00   9.39589900000E+00   1.00092200000E+01
   1.06451300000E+01   1.12998900000E+01   1.19206600000E+01   1.25528400000E+01
   1.31870400000E+01   1.37756100000E+01   1.43566800000E+01   1.50099300000E+01
   1.56581200000E+01   1.63155900000E+01   1.69515100000E+01   1.75705700000E+01
   1.82118300000E+01   1.88711500000E+01   1.95355300000E+01   2.11047800000E+01
   2.27359000000E+01   2.43414600000E+01   2.59681300000E+01   2.90368100000E+01
   3.22546800000E+01   3.52111100000E+01   3.84542700000E+01   4.13664000000E+01
   4.44610800000E+01   4.60404900000E+01   4.58304000000E+01   4.83594600000E+01
   5.09704900000E+01                   5                  -1                   1
                   6                   5                   0                  73
   1.00000000000E+00   9.33339900000E+00   9.50000000000E+00   1.00000000000E+01
   1.05000000000E+01   1.10000000000E+01   1.15000000000E+01   1.20000000000E+01
   1.25000000000E+01   1.30000000000E+01   1.35000000000E+01   1.40000000000E+01
   1.45000000000E+01   1.50000000000E+01   1.55000000000E+01   1.60000000000E+01
   1.65000000000E+01   1.70000000000E+01   1.75000000000E+01   1.80000000000E+01
   1.85000000000E+01   1.90000000000E+01   1.95000000000E+01   2.00000000000E+01
   2.10000000000E+01   2.20000000000E+01   2.30000000000E+01   2.40000000000E+01
   2.50000000000E+01   2.60000000000E+01   2.70000000000E+01   2.80000000000E+01
   2.90000000000E+01   3.00000000000E+01   3.20000000000E+01   3.40000000000E+01
   3.60000000000E+01   3.80000000000E+01   4.00000000000E+01   4.20000000000E+01
   4.40000000000E+01   4.60000000000E+01   4.80000000000E+01   5.00000000000E+01
   5.20000000000E+01   5.40000000000E+01   5.60000000000E+01   5.80000000000E+01
   6.00000000000E+01   6.20000000000E+01   6.40000000000E+01   6.60000000000E+01
   6.80000000000E+01   7.00000000000E+01   7.20000000000E+01   7.40000000000E+01
   7.60000000000E+01   7.80000000000E+01   8.00000000000E+01   8.50000000000E+01
   9.00000000000E+01   9.50000000000E+01   1.00000000000E+02   1.10000000000E+02
   1.20000000000E+02   1.30000000000E+02   1.40000000000E+02   1.50000000000E+02
   1.60000000000E+02   1.70000000000E+02   1.80000000000E+02   1.90000000000E+02
   2.00000000000E+02   0.00000000000E+00   0.00000000000E+00   3.78575300000E-01
   6.36921100000E-01   9.21677300000E-01   9.79382200000E-01   9.78501300000E-01
   9.71394600000E-01   9.65995100000E-01   9.56799300000E-01   9.46931200000E-01
   9.36947100000E-01   9.27899200000E-01   9.19747800000E-01   9.11276000000E-01
   9.01404300000E-01   8.90754700000E-01   8.79111700000E-01   8.64344400000E-01
   8.47685800000E-01   8.28785800000E-01   8.10806300000E-01   7.91829700000E-01
   7.76874400000E-01   7.63265800000E-01   8.27380300000E-01   9.64040700000E-01
   1.08747800000E+00   1.15804500000E+00   1.19118800000E+00   1.20646700000E+00
   1.21204500000E+00   1.21034000000E+00   1.20820400000E+00   1.21796300000E+00
   1.26850600000E+00   1.36269700000E+00   1.44857300000E+00   1.50654900000E+00
   1.55224800000E+00   1.58717600000E+00   1.63183400000E+00   1.68610900000E+00
   1.74297700000E+00   1.80044100000E+00   1.85211600000E+00   1.89528700000E+00
   1.92922700000E+00   1.96127600000E+00   1.99304900000E+00   2.02208100000E+00
   2.05951900000E+00   2.09439600000E+00   2.12877100000E+00   2.16260700000E+00
   2.19286800000E+00   2.22455400000E+00   2.25707900000E+00   2.28887100000E+00
   2.36895000000E+00   2.44924300000E+00   2.52866600000E+00   2.60473600000E+00
   2.75486900000E+00   2.90300900000E+00   3.04150300000E+00   3.19308600000E+00
   3.32225300000E+00   3.45741300000E+00   3.71605800000E+00   3.84497000000E+00
   3.97047700000E+00   4.09732300000E+00                   0                   1
                   0                   4                  10                   0
                   2   1.00000000000E+00   2.00000000000E+02   1.00000000000E+00
   1.00000000000E+00                   0                  31   1.00000000000E+00
   9.33339900000E+00   1.00000000000E+01   1.20000000000E+01   1.40000000000E+01
   1.60000000000E+01   1.80000000000E+01   2.00000000000E+01   2.20000000000E+01
   2.40000000000E+01   2.60000000000E+01   2.80000000000E+01   3.00000000000E+01
   3.20000000000E+01   3.60000000000E+01   4.00000000000E+01   4.40000000000E+01
   4.80000000000E+01   5.00000000000E+01   5.20000000000E+01   5.60000000000E+01
   6.00000000000E+01   7.00000000000E+01   8.00000000000E+01   9.00000000000E+01
   1.00000000000E+02   1.20000000000E+02   1.40000000000E+02   1.60000000000E+02
   1.80000000000E+02   2.00000000000E+02                  74                  85
                  96                 125                 446                 987
                1693                2509                3577                4723
                5947                7223                8551                9918
               11324               12795               14552               16354
               18201               20063               21940               23847
               25784               28030               30310               32896
               35520               38462               41730               45021
               48335                   2                   3   0.00000000000E+00
   5.00000000000E-07   1.00000000000E-06   0.00000000000E+00   2.00000000000E+06
   0.00000000000E+00   0.00000000000E+00   5.00000000000E-01   1.00000000000E+00
                   2                   3   0.00000000000E+00   5.00000000000E-07
   1.00000000000E-06   0.00000000000E+00   2.00000000000E+06   0.00000000000E+00
   0.00000000000E+00   5.00000000000E-01   1.00000000000E+00                   2
                   9   0.00000000000E+00   2.50000000000E-02   1.00000000000E-01
   2.00000000000E-01   3.00000000000E-01   4.00000000000E-01   5.00000000000E-01
   6.00000000000E-01   7.00000000000E-01   0.00000000000E+00   5.06213100000E-05
   2.02480000000E-04   2.36783000000E-04   1.55026000000E-04   7.91899100000E-05
   1.04110500000E-02   1.86207900000E+00   1.62536700000E+01   0.00000000000E+00
   6.32766343000E-07   1.01240665000E-05   3.20872197000E-05   5.16776726000E-05
   6.33884693000E-05   5.87900541000E-04   9.42124168000E-02   1.00000000000E+00
                   2                  29   0.00000000000E+00   2.50000000000E-02
   1.00000000000E-01   2.00000000000E-01   3.00000000000E-01   4.00000000000E-01
   5.00000000000E-01   6.00000000000E-01   7.00000000000E-01   8.00000000000E-01
   9.00000000000E-01   1.00000000000E+00   1.10000000000E+00   1.20000000000E+00
   1.30000000000E+00   1.40000000000E+00   1.50000000000E+00   1.60000000000E+00
   1.70000000000E+00   1.80000000000E+00   1.90000000000E+00   2.00000000000E+00
   2.10000000000E+00   2.20000000000E+00   2.30000000000E+00   2.40000000000E+00
   2.50000000000E+00   2.60000000000E+00   2.70000000000E+00   0.00000000000E+00
   6.00679000000E-05   7.74392000000E-05   9.27602900000E-05   2.68682300000E-01
   1.18698400000E+00   4.07693000000E-01   7.65418000000E-05   6.50068000000E-03
   6.36297000000E-05   5.70589000000E-05   5.76616900000E-02   2.20236600000E+00
   7.07621100000E-02   1.07006000000E-05   7.92919900000E-06   2.02374400000E+00
   3.04444700000E+00   3.05076000000E-06   2.04225000000E-06   9.98727700000E-03
   8.99486900000E-07   5.49533000000E-07   3.07036000000E-07   1.46857000000E-07
   5.73976000000E-08   1.99965700000E-02   2.32146400000E-01   9.37232200000E-01
   0.00000000000E+00   7.50848702000E-07   5.90736462000E-06   1.44173391000E-05
   1.34531695000E-02   8.62364798000E-02   1.65970325000E-01   1.86358800000E-01
   1.86687662000E-01   1.87015877000E-01   1.87021911000E-01   1.89907849000E-01
   3.02909226000E-01   4.16565624000E-01   4.20104264000E-01   4.20105196000E-01
   5.21292786000E-01   7.74702319000E-01   9.26924812000E-01   9.26925067000E-01
   9.27424533000E-01   9.27923942000E-01   9.27924014000E-01   9.27924057000E-01
   9.27924080000E-01   9.27924090000E-01   9.28923921000E-01   9.41531069000E-01
   1.00000000000E+00                   0                   0                   0
                   0                   0                   0                   0
                   0                   0                   0                   0
                   0                   0                   0                   0
                   0                   0                   0                   0
                   0                   0                   0                   0
                   0                   0                   0                   0
                   0                   0                   0                   0
                   0                   0                   0                   0
                   0                   0                   0                   0
                   0                   0                   0                   0
                   0                   0                   0                   0
                   0                   0                   0                   0
                   0                   0                   0                   0
                   0                   0                   0                   0
                   0                   0                   0                   0
                   0                   0                   0                   0
                   0                   0                   0                   0
                   0                   0                   0                   0
                   0                   0                   0                   0
                   0                   0                   0                   0
                   0                   0                   0                   0
                   0                   0                   0                   0
                   0                   0                   0                   0
                   0                   0                   0                   0
                   0                   0                   0                   0
                   0                   0                   0                   0
                   0                   0                   0                   0
                   0                   0                   0                   0
                   0                   0                   0                   0
                   0                   0                   0                   0
                   0                   0                   0                   0
                   0                   0                   0                   0
                   0
