 23051.00u   50.506320  0.0000E+00   06/19/20
Ace V51 IAEA-PD                                                          mat2328
      0         0.      0         0.      0         0.      0         0.
      0         0.      0         0.      0         0.      0         0.
      0         0.      0         0.      0         0.      0         0.
      0         0.      0         0.      0         0.      0         0.
   287436    23051       89        1        7        2       12        0
        0        0        0        0        0        0        0        1
        1       90       90        0      179      268      269      270
      271      362      446        0        0        0        0        0
        0        0        0        0        0        0        0        0
        0        0        0        0        0        0        0        0
   9.99999000000E-01   1.00000000000E+00   1.50000000000E+00   2.00000000000E+00
   2.50000000000E+00   3.00000000000E+00   3.50000000000E+00   4.00000000000E+00
   4.50000000000E+00   5.00000000000E+00   5.50000000000E+00   6.00000000000E+00
   6.50000000000E+00   7.00000000000E+00   7.50000000000E+00   8.00000000000E+00
   8.50000000000E+00   9.00000000000E+00   9.50000000000E+00   1.00000000000E+01
   1.05000000000E+01   1.10000000000E+01   1.15000000000E+01   1.20000000000E+01
   1.25000000000E+01   1.30000000000E+01   1.35000000000E+01   1.40000000000E+01
   1.45000000000E+01   1.50000000000E+01   1.55000000000E+01   1.60000000000E+01
   1.65000000000E+01   1.70000000000E+01   1.75000000000E+01   1.80000000000E+01
   1.85000000000E+01   1.90000000000E+01   1.95000000000E+01   2.00000000000E+01
   2.10000000000E+01   2.20000000000E+01   2.30000000000E+01   2.40000000000E+01
   2.50000000000E+01   2.60000000000E+01   2.70000000000E+01   2.80000000000E+01
   2.90000000000E+01   3.00000000000E+01   3.20000000000E+01   3.40000000000E+01
   3.60000000000E+01   3.80000000000E+01   4.00000000000E+01   4.20000000000E+01
   4.40000000000E+01   4.60000000000E+01   4.80000000000E+01   5.00000000000E+01
   5.20000000000E+01   5.40000000000E+01   5.60000000000E+01   5.80000000000E+01
   6.00000000000E+01   6.20000000000E+01   6.40000000000E+01   6.60000000000E+01
   6.80000000000E+01   7.00000000000E+01   7.20000000000E+01   7.40000000000E+01
   7.60000000000E+01   7.80000000000E+01   8.00000000000E+01   8.50000000000E+01
   9.00000000000E+01   9.50000000000E+01   1.00000000000E+02   1.10000000000E+02
   1.20000000000E+02   1.30000000000E+02   1.40000000000E+02   1.50000000000E+02
   1.60000000000E+02   1.70000000000E+02   1.80000000000E+02   1.90000000000E+02
   2.00000000000E+02   0.00000000000E+00   3.86447800000E-06   1.00914400000E-05
   2.05663900000E-05   3.65098400000E-05   5.93455700000E-05   9.07657200000E-05
   1.32818700000E-04   1.88034000000E-04   2.59604100000E-04   3.51647600000E-04
   4.69575600000E-04   6.20596300000E-04   8.14413000000E-04   1.06417900000E-03
   1.38768200000E-03   1.80831400000E-03   2.35390400000E-03   3.04802200000E-03
   3.88456600000E-03   4.79161700000E-03   5.65112000000E-03   6.43105300000E-03
   7.26489200000E-03   8.35247800000E-03   9.86788300000E-03   1.19692200000E-02
   1.48433800000E-02   1.87428100000E-02   2.40052400000E-02   3.10340400000E-02
   4.01670900000E-02   5.12925700000E-02   6.31497400000E-02   7.29433300000E-02
   7.77554000000E-02   7.71785900000E-02   7.34294100000E-02   6.88941100000E-02
   6.46730400000E-02   5.69176500000E-02   4.86181700000E-02   4.01019800000E-02
   3.26057700000E-02   2.66194800000E-02   2.20241200000E-02   1.85213900000E-02
   1.58306100000E-02   1.37354800000E-02   1.20797300000E-02   9.67473600000E-03
   8.05634900000E-03   6.92803900000E-03   6.12207500000E-03   5.53718600000E-03
   5.10856600000E-03   4.79268900000E-03   4.55919700000E-03   4.38631500000E-03
   4.25811900000E-03   4.16279900000E-03   4.09152600000E-03   4.03765700000E-03
   3.99617900000E-03   3.96330400000E-03   3.93616800000E-03   3.91261500000E-03
   3.89102100000E-03   3.87017700000E-03   3.84919000000E-03   3.82741000000E-03
   3.80437300000E-03   3.77976500000E-03   3.75338100000E-03   3.72510500000E-03
   3.64595200000E-03   3.55528200000E-03   3.45470000000E-03   3.34638600000E-03
   3.11644600000E-03   2.88566600000E-03   2.67364700000E-03   2.49863100000E-03
   2.28156700000E-03   2.09417100000E-03   1.93105300000E-03   1.78802500000E-03
   1.66178800000E-03   1.54970800000E-03   0.00000000000E+00   1.00000000000E+00
   9.09415400000E-01   8.18831600000E-01   7.28247800000E-01   6.37664100000E-01
   5.47080300000E-01   4.56496500000E-01   5.33890100000E-01   5.70065100000E-01
   5.67743700000E-01   5.34275400000E-01   5.33377400000E-01   5.20952800000E-01
   5.01878500000E-01   4.79519700000E-01   4.55733000000E-01   4.34370300000E-01
   5.37102000000E-01   1.13045400000E+00   4.18342600000E+00   7.02369500000E+00
   9.20075600000E+00   1.10607700000E+01   1.11745500000E+01   1.11542000000E+01
   1.11311800000E+01   1.11171600000E+01   1.11130800000E+01   1.11177400000E+01
   1.11229800000E+01   1.11145800000E+01   1.11457200000E+01   1.11562900000E+01
   1.11486500000E+01   1.11283900000E+01   1.11508600000E+01   1.11668200000E+01
   1.11724300000E+01   1.11828800000E+01   1.22987100000E+01   1.39938500000E+01
   1.58383700000E+01   1.71766800000E+01   1.79059300000E+01   1.85849000000E+01
   1.89947200000E+01   1.94070600000E+01   1.97583400000E+01   2.01214100000E+01
   2.11573500000E+01   2.31040000000E+01   2.47559100000E+01   2.62721300000E+01
   2.77517800000E+01   2.89571500000E+01   3.02026600000E+01   3.14750600000E+01
   3.27690600000E+01   3.42366100000E+01   3.56723600000E+01   3.70855300000E+01
   3.84712200000E+01   3.98575100000E+01   4.12227400000E+01   4.25526400000E+01
   4.38828500000E+01   4.51911200000E+01   4.65278000000E+01   4.78339000000E+01
   4.91400700000E+01   5.04964300000E+01   5.18282100000E+01   5.31480900000E+01
   5.44840500000E+01   5.78719400000E+01   6.12283000000E+01   6.46379100000E+01
   6.80071000000E+01   7.48593900000E+01   8.15458400000E+01   8.84515500000E+01
   9.52444000000E+01   1.02171700000E+02   1.09099500000E+02   1.19264500000E+02
   1.27012500000E+02   1.34287000000E+02   1.41518400000E+02                   5
   0.00000000000E+00                   1                   1                  89
   0.00000000000E+00   3.86447800000E-06   1.00914400000E-05   2.05663900000E-05
   3.65098400000E-05   5.93455700000E-05   9.07657200000E-05   1.32818700000E-04
   1.88034000000E-04   2.59604100000E-04   3.51647600000E-04   4.69575600000E-04
   6.20596300000E-04   8.14413000000E-04   1.06417900000E-03   1.38768200000E-03
   1.80831400000E-03   2.35390400000E-03   3.04802200000E-03   3.88456600000E-03
   4.79161700000E-03   5.65112000000E-03   6.43105300000E-03   7.26489200000E-03
   8.35247800000E-03   9.86788300000E-03   1.19692200000E-02   1.48433800000E-02
   1.87428100000E-02   2.40052400000E-02   3.10340400000E-02   4.01670900000E-02
   5.12925700000E-02   6.31497400000E-02   7.29433300000E-02   7.77554000000E-02
   7.71785900000E-02   7.34294100000E-02   6.88941100000E-02   6.46730400000E-02
   5.69176500000E-02   4.86181700000E-02   4.01019800000E-02   3.26057700000E-02
   2.66194800000E-02   2.20241200000E-02   1.85213900000E-02   1.58306100000E-02
   1.37354800000E-02   1.20797300000E-02   9.67473600000E-03   8.05634900000E-03
   6.92803900000E-03   6.12207500000E-03   5.53718600000E-03   5.10856600000E-03
   4.79268900000E-03   4.55919700000E-03   4.38631500000E-03   4.25811900000E-03
   4.16279900000E-03   4.09152600000E-03   4.03765700000E-03   3.99617900000E-03
   3.96330400000E-03   3.93616800000E-03   3.91261500000E-03   3.89102100000E-03
   3.87017700000E-03   3.84919000000E-03   3.82741000000E-03   3.80437300000E-03
   3.77976500000E-03   3.75338100000E-03   3.72510500000E-03   3.64595200000E-03
   3.55528200000E-03   3.45470000000E-03   3.34638600000E-03   3.11644600000E-03
   2.88566600000E-03   2.67364700000E-03   2.49863100000E-03   2.28156700000E-03
   2.09417100000E-03   1.93105300000E-03   1.78802500000E-03   1.66178800000E-03
   1.54970800000E-03                   1                   1                 446
                 516                 586                 587                 588
                 589                 731                 732                 732
                 733                   2                   1               49485
               49576               49667               49668               49669
               49670               49840               49841               49841
               49842                   9                   1               63506
               63582               63658               63659               63660
               63661               63815               63816               63816
               63817                  31                   1              117609
              117668              117727              117728              117729
              117730              117850              117851              117851
              117852                  32                   1              159866
              159921              159976              159977              159978
              159979              160091              160092              160092
              160093                  33                   1              199971
              200021              200071              200072              200073
              200074              200176              200177              200177
              200178                  34                   1              235692
              235764              235836              235837              235838
              235839              235983              235984              235984
              235985                  22                  68   0.00000000000E+00
   6.22675100000E-03   7.10999400000E-03   8.16182200000E-03   9.66482800000E-03
   1.17065200000E-02   1.44824600000E-02   1.82310900000E-02   2.32518500000E-02
   2.98958100000E-02   3.84849600000E-02   4.89021500000E-02   5.99375900000E-02
   6.89798700000E-02   7.33097900000E-02   7.24832100000E-02   6.87616700000E-02
   6.44300000000E-02   6.03151600000E-02   5.74800000000E-02   5.83875100000E-02
   5.57257500000E-02   4.88748400000E-02   4.15446000000E-02   3.50350700000E-02
   2.96281500000E-02   2.53153000000E-02   2.18816500000E-02   1.90832800000E-02
   1.50246900000E-02   1.25366900000E-02   1.12225300000E-02   1.03283300000E-02
   9.60821900000E-03   9.03159700000E-03   8.59696300000E-03   8.31857400000E-03
   8.18925000000E-03   8.17773500000E-03   8.19849100000E-03   8.28361800000E-03
   8.34560700000E-03   8.45248200000E-03   8.55084400000E-03   8.68222200000E-03
   8.82484100000E-03   8.96541400000E-03   9.08313100000E-03   9.21303600000E-03
   9.32836700000E-03   9.41458700000E-03   9.49638000000E-03   9.58321100000E-03
   9.63218700000E-03   9.77364200000E-03   9.84041300000E-03   9.85614200000E-03
   9.83705300000E-03   9.64479000000E-03   9.40714100000E-03   9.11825400000E-03
   8.90678500000E-03   8.46656200000E-03   8.05905700000E-03   7.69591000000E-03
   7.80089400000E-03   7.47762100000E-03   7.17988700000E-03                  22
                  68   0.00000000000E+00   2.47563000000E-01   5.28983600000E-01
   7.57838500000E-01   9.89779400000E-01   1.21826900000E+00   1.44463900000E+00
   1.59936400000E+00   1.75113200000E+00   1.89917800000E+00   2.04568600000E+00
   2.08595100000E+00   2.12675400000E+00   2.16892200000E+00   2.21220800000E+00
   2.25516700000E+00   2.30001700000E+00   2.34833700000E+00   2.39303700000E+00
   2.46770800000E+00   2.78761200000E+00   3.27589500000E+00   3.58803700000E+00
   4.02256600000E+00   4.39239800000E+00   4.73492300000E+00   5.05114500000E+00
   5.33080400000E+00   5.58261600000E+00   6.03531400000E+00   6.36052000000E+00
   6.94688900000E+00   7.56118300000E+00   8.11244000000E+00   8.70501300000E+00
   9.27826400000E+00   9.82939900000E+00   1.04588900000E+01   1.10682300000E+01
   1.16797700000E+01   1.23411000000E+01   1.29408300000E+01   1.35980400000E+01
   1.42329600000E+01   1.48762300000E+01   1.55438900000E+01   1.62185800000E+01
   1.68657900000E+01   1.75528800000E+01   1.82390100000E+01   1.88899200000E+01
   1.95546100000E+01   2.02547600000E+01   2.09003200000E+01   2.25653100000E+01
   2.42257200000E+01   2.58557200000E+01   2.75526200000E+01   3.07058800000E+01
   3.41337100000E+01   3.72308000000E+01   4.05051700000E+01   4.35925200000E+01
   4.66865300000E+01   4.64664300000E+01   4.88073200000E+01   5.15126000000E+01
   5.42474400000E+01                   5                  -1                   1
                   6                   5                   0                  69
   1.00000000000E+00   1.10511500000E+01   1.15000000000E+01   1.20000000000E+01
   1.25000000000E+01   1.30000000000E+01   1.35000000000E+01   1.40000000000E+01
   1.45000000000E+01   1.50000000000E+01   1.55000000000E+01   1.60000000000E+01
   1.65000000000E+01   1.70000000000E+01   1.75000000000E+01   1.80000000000E+01
   1.85000000000E+01   1.90000000000E+01   1.95000000000E+01   2.00000000000E+01
   2.10000000000E+01   2.20000000000E+01   2.30000000000E+01   2.40000000000E+01
   2.50000000000E+01   2.60000000000E+01   2.70000000000E+01   2.80000000000E+01
   2.90000000000E+01   3.00000000000E+01   3.20000000000E+01   3.40000000000E+01
   3.60000000000E+01   3.80000000000E+01   4.00000000000E+01   4.20000000000E+01
   4.40000000000E+01   4.60000000000E+01   4.80000000000E+01   5.00000000000E+01
   5.20000000000E+01   5.40000000000E+01   5.60000000000E+01   5.80000000000E+01
   6.00000000000E+01   6.20000000000E+01   6.40000000000E+01   6.60000000000E+01
   6.80000000000E+01   7.00000000000E+01   7.20000000000E+01   7.40000000000E+01
   7.60000000000E+01   7.80000000000E+01   8.00000000000E+01   8.50000000000E+01
   9.00000000000E+01   9.50000000000E+01   1.00000000000E+02   1.10000000000E+02
   1.20000000000E+02   1.30000000000E+02   1.40000000000E+02   1.50000000000E+02
   1.60000000000E+02   1.70000000000E+02   1.80000000000E+02   1.90000000000E+02
   2.00000000000E+02   0.00000000000E+00   0.00000000000E+00   9.68232000000E-01
   9.78678600000E-01   9.77173700000E-01   9.79422600000E-01   9.78052000000E-01
   9.75684800000E-01   9.72697800000E-01   9.68615600000E-01   9.63323200000E-01
   9.58121700000E-01   9.53396400000E-01   9.49134400000E-01   9.45663800000E-01
   9.42825700000E-01   9.39162100000E-01   9.36432300000E-01   9.35203300000E-01
   9.32616700000E-01   1.00988000000E+00   1.20094000000E+00   1.38960100000E+00
   1.49896300000E+00   1.56068400000E+00   1.59075900000E+00   1.59967200000E+00
   1.59913600000E+00   1.59307500000E+00   1.57977700000E+00   1.55298200000E+00
   1.55612500000E+00   1.61987100000E+00   1.68706400000E+00   1.73521700000E+00
   1.76793200000E+00   1.79376600000E+00   1.82457000000E+00   1.86700000000E+00
   1.92050400000E+00   1.96946600000E+00   2.02457900000E+00   2.06694300000E+00
   2.11514100000E+00   2.15750400000E+00   2.20575500000E+00   2.25548400000E+00
   2.30412900000E+00   2.34695500000E+00   2.39350000000E+00   2.43725300000E+00
   2.47467500000E+00   2.51242600000E+00   2.55322100000E+00   2.58574900000E+00
   2.68068300000E+00   2.76782900000E+00   2.85296600000E+00   2.93960500000E+00
   3.09480400000E+00   3.25995500000E+00   3.41041800000E+00   3.56466600000E+00
   3.71085400000E+00   3.84832800000E+00   3.98534400000E+00   4.36285500000E+00
   4.49974400000E+00   4.63305800000E+00                   0                   1
                   0                   4                  10                   0
                   2   1.00000000000E+00   2.00000000000E+02   1.00000000000E+00
   1.00000000000E+00                   0                  30   1.00000000000E+00
   1.10511500000E+01   1.20000000000E+01   1.40000000000E+01   1.60000000000E+01
   1.80000000000E+01   2.00000000000E+01   2.20000000000E+01   2.40000000000E+01
   2.60000000000E+01   2.80000000000E+01   3.00000000000E+01   3.20000000000E+01
   3.60000000000E+01   4.00000000000E+01   4.40000000000E+01   4.80000000000E+01
   5.00000000000E+01   5.20000000000E+01   5.60000000000E+01   6.00000000000E+01
   7.00000000000E+01   8.00000000000E+01   9.00000000000E+01   1.00000000000E+02
   1.20000000000E+02   1.40000000000E+02   1.60000000000E+02   1.80000000000E+02
   2.00000000000E+02                  72                  95                 118
                 197                 478                1008                1670
                2431                3434                4515                5661
                6872                8135                9437               10817
               12484               14196               15953               17740
               19542               21374               23236               25414
               27643               30191               32758               35658
               38880               42148               45439                   2
                   3   0.00000000000E+00   5.00000000000E-07   1.00000000000E-06
   0.00000000000E+00   2.00000000000E+06   0.00000000000E+00   0.00000000000E+00
   5.00000000000E-01   1.00000000000E+00                   0                   0
                   0                   0                   0                   0
                   0                   0                   0                   0
                   0                   0                   2                   3
   0.00000000000E+00   5.00000000000E-07   1.00000000000E-06   0.00000000000E+00
   2.00000000000E+06   0.00000000000E+00   0.00000000000E+00   5.00000000000E-01
   1.00000000000E+00                   0                   0                   0
                   0                   0                   0                   0
                   0                   0                   0                   0
                   0                   2                  11   0.00000000000E+00
   2.50000000000E-02   1.00000000000E-01   2.00000000000E-01   3.00000000000E-01
   4.00000000000E-01   5.00000000000E-01   6.00000000000E-01   7.00000000000E-01
   8.00000000000E-01   9.00000000000E-01   0.00000000000E+00   4.31986100000E-01
   1.72792400000E+00   1.53533000000E-06   5.32662000000E-07   2.09382000000E-07
   7.71782100000E-08   6.21381800000E+00   1.66115700000E+00   1.00077000000E-09
   7.94190900000E-01   0.00000000000E+00   5.39982663000E-03   8.63964610000E-02
   1.72792744000E-01   1.72792847000E-01   1.72792884000E-01   1.72792899000E-01
   4.83483824000E-01   8.77232601000E-01   9.60290457000E-01   1.00000000000E+00
                   0                   0                   0                   0
                   0                   0                   0                   0
                   0                   0                   0                   0
                   0                   0                   0                   0
                   0                   0                   0                   0
                   0                   0                   0                   0
                   0                   0                   0                   0
                   0                   0                   0                   0
                   0                   0                   0                   0
                   0                   0                   0                   0
                   0                   0                   0                   0
                   2   3.10000000000E+01   0.00000000000E+00                   0
                   0                   0                   0                   0
                   1                   1                   1                   1
                   1                   1   1.10000000000E+00   1.20000000000E+00
                   1                   1   1.50000000000E+00                   2
   1.70000000000E+00   1.80000000000E+00   1.90000000000E+00   2.00000000000E+00
   2.10000000000E+00   2.20000000000E+00   2.30000000000E+00   2.40000000000E+00
   2.50000000000E+00   2.60000000000E+00   2.70000000000E+00   2.80000000000E+00
   2.90000000000E+00   0.00000000000E+00   3.87492800000E-02   1.54881300000E-01
   1.79696900000E-01   1.95193300000E-01   1.75998500000E-01   3.96701300000E-01
   4.68918400000E-01   9.15877000000E-06   5.29009000000E-01   2.71976500000E-01
   3.51166300000E-01   5.15914500000E-01   1.62180400000E+00   3.23133500000E-01
   5.90699500000E-01   3.71848400000E-01   5.40910600000E-01   6.57572000000E-07
   4.35820000000E-07                   0                   1                   0
                   0                   0                   0                   0
                   1                   0                   0                   0
                   0                   0                   0                   0
                   0                   0                   0                   0
                   0                   0                   0                   0
                   0                   0                   1                   1
   5.96104070000E-01                   1   6.68787582000E-01   6.68787636000E-01
   6.68787672000E-01   7.13724190000E-01   7.79591569000E-01   8.00522446000E-01
   8.00522451000E-01   8.00522453000E-01   8.00522454000E-01   8.71855703000E-01
   9.65376141000E-01   9.87563330000E-01   1.00000000000E+00   0.00000000000E+00
   0.00000000000E+00   0.00000000000E+00   0.00000000000E+00   0.00000000000E+00
   0.00000000000E+00   0.00000000000E+00   0.00000000000E+00   0.00000000000E+00
   0.00000000000E+00   0.00000000000E+00   0.00000000000E+00   0.00000000000E+00
   0.00000000000E+00   0.00000000000E+00   0.00000000000E+00   0.00000000000E+00
   0.00000000000E+00   0.00000000000E+00   0.00000000000E+00                   0
                   0                   0                   0                   0
                   0                   0                   0                   0
                   0                   0                   0                   0
                   0                   0                   0                   0
                   0                   0                   0                   0
                   0                   0                   0                   0
                   0                   0
