 30066.00u   65.359700  0.0000E+00   02/26/20
Ace Zn66 IAEA-PD                                                         mat3031
      0         0.      0         0.      0         0.      0         0.
      0         0.      0         0.      0         0.      0         0.
      0         0.      0         0.      0         0.      0         0.
      0         0.      0         0.      0         0.      0         0.
   302064    30066       91        1        7        2       12        0
        0        0        0        0        0        0        0        1
        1       92       92        0      183      274      275      276
      277      370      454        0        0        0        0        0
        0        0        0        0        0        0        0        0
        0        0        0        0        0        0        0        0
   9.99999000000E-01   1.00000000000E+00   1.50000000000E+00   2.00000000000E+00
   2.50000000000E+00   3.00000000000E+00   3.50000000000E+00   4.00000000000E+00
   4.50000000000E+00   5.00000000000E+00   5.25000000000E+00   5.50000000000E+00
   5.75000000000E+00   6.00000000000E+00   6.50000000000E+00   7.00000000000E+00
   7.50000000000E+00   8.00000000000E+00   8.50000000000E+00   9.00000000000E+00
   9.50000000000E+00   1.00000000000E+01   1.05000000000E+01   1.10000000000E+01
   1.15000000000E+01   1.20000000000E+01   1.25000000000E+01   1.30000000000E+01
   1.35000000000E+01   1.40000000000E+01   1.45000000000E+01   1.50000000000E+01
   1.55000000000E+01   1.60000000000E+01   1.65000000000E+01   1.70000000000E+01
   1.75000000000E+01   1.80000000000E+01   1.85000000000E+01   1.90000000000E+01
   1.95000000000E+01   2.00000000000E+01   2.10000000000E+01   2.20000000000E+01
   2.30000000000E+01   2.40000000000E+01   2.50000000000E+01   2.60000000000E+01
   2.70000000000E+01   2.80000000000E+01   2.90000000000E+01   3.00000000000E+01
   3.20000000000E+01   3.40000000000E+01   3.60000000000E+01   3.80000000000E+01
   4.00000000000E+01   4.20000000000E+01   4.40000000000E+01   4.60000000000E+01
   4.80000000000E+01   5.00000000000E+01   5.20000000000E+01   5.40000000000E+01
   5.60000000000E+01   5.80000000000E+01   6.00000000000E+01   6.20000000000E+01
   6.40000000000E+01   6.60000000000E+01   6.80000000000E+01   7.00000000000E+01
   7.20000000000E+01   7.40000000000E+01   7.60000000000E+01   7.80000000000E+01
   8.00000000000E+01   8.50000000000E+01   9.00000000000E+01   9.50000000000E+01
   1.00000000000E+02   1.10000000000E+02   1.20000000000E+02   1.30000000000E+02
   1.40000000000E+02   1.50000000000E+02   1.60000000000E+02   1.70000000000E+02
   1.80000000000E+02   1.90000000000E+02   2.00000000000E+02   0.00000000000E+00
   5.81465000000E-06   1.55399600000E-05   3.22724600000E-05   5.82270000000E-05
   9.60461200000E-05   1.48952200000E-04   2.20954900000E-04   3.17145800000E-04
   4.44125600000E-04   5.21783700000E-04   6.10621800000E-04   7.12206700000E-04
   8.28365100000E-04   1.11329600000E-03   1.48713500000E-03   1.97905900000E-03
   2.62611400000E-03   3.46809400000E-03   4.52862300000E-03   5.78376100000E-03
   7.17251100000E-03   8.72242600000E-03   1.06739100000E-02   1.34532500000E-02
   1.75964200000E-02   2.33101300000E-02   2.96666900000E-02   3.73659200000E-02
   4.87060800000E-02   6.46632500000E-02   8.44909300000E-02   1.04282100000E-01
   1.17337500000E-01   1.20044000000E-01   1.15920200000E-01   1.10265800000E-01
   1.04273100000E-01   9.58185000000E-02   8.41161800000E-02   7.12113000000E-02
   5.93857700000E-02   4.17354800000E-02   3.07822100000E-02   2.38344300000E-02
   1.91969800000E-02   1.59493000000E-02   1.35831900000E-02   1.18044100000E-02
   1.04339000000E-02   9.35753000000E-03   8.49960700000E-03   7.24593300000E-03
   6.40880000000E-03   5.84223800000E-03   5.45829600000E-03   5.20047600000E-03
   5.03079000000E-03   4.92288600000E-03   4.85810500000E-03   4.82305100000E-03
   4.80803100000E-03   4.80599600000E-03   4.81180600000E-03   4.82172200000E-03
   4.83302700000E-03   4.84376600000E-03   4.85254700000E-03   4.85839700000E-03
   4.86065800000E-03   4.85891000000E-03   4.85290800000E-03   4.84254200000E-03
   4.82780000000E-03   4.80874800000E-03   4.78550800000E-03   4.75824100000E-03
   4.67378500000E-03   4.56895400000E-03   4.44764300000E-03   4.31383800000E-03
   4.02433200000E-03   3.73014700000E-03   3.45834800000E-03   3.23341200000E-03
   2.95334500000E-03   2.71132800000E-03   2.50052000000E-03   2.31558300000E-03
   2.15229400000E-03   2.00727400000E-03   0.00000000000E+00   1.00000000000E+00
   9.23064800000E-01   8.46130300000E-01   7.69195800000E-01   6.92261300000E-01
   6.15326800000E-01   5.38392300000E-01   6.28539800000E-01   6.53204800000E-01
   6.60768900000E-01   6.62272500000E-01   6.79169700000E-01   6.91617500000E-01
   6.37743200000E-01   6.06252000000E-01   5.93199600000E-01   5.91558900000E-01
   5.78230300000E-01   5.66593300000E-01   5.98838100000E-01   8.67717100000E-01
   4.73606600000E+00   8.83668500000E+00   1.05557000000E+01   1.11396500000E+01
   1.12804100000E+01   1.13675200000E+01   1.13991400000E+01   1.13721100000E+01
   1.14553100000E+01   1.15041000000E+01   1.15123600000E+01   1.14881800000E+01
   1.15302500000E+01   1.15478400000E+01   1.15431300000E+01   1.15134900000E+01
   1.16564900000E+01   1.17954000000E+01   1.21880700000E+01   1.28956000000E+01
   1.47613900000E+01   1.60637000000E+01   1.69105300000E+01   1.76755700000E+01
   1.81767700000E+01   1.87677900000E+01   1.91833300000E+01   1.96324500000E+01
   1.99676300000E+01   2.03365100000E+01   2.16748600000E+01   2.37621300000E+01
   2.56412400000E+01   2.70805300000E+01   2.84786700000E+01   2.96497000000E+01
   3.08726600000E+01   3.22881900000E+01   3.37059500000E+01   3.52153800000E+01
   3.66762700000E+01   3.77839800000E+01   3.90532100000E+01   4.03717000000E+01
   4.16909300000E+01   4.29851800000E+01   4.42987300000E+01   4.55925400000E+01
   4.68942200000E+01   4.81192200000E+01   4.93983300000E+01   5.07201800000E+01
   5.19492000000E+01   5.31817600000E+01   5.44046100000E+01   5.75548000000E+01
   6.06427400000E+01   6.38077400000E+01   6.68685000000E+01   7.32386400000E+01
   7.94348500000E+01   8.59004100000E+01   9.22462000000E+01   1.00149600000E+02
   1.10497500000E+02   1.17689100000E+02   1.24759000000E+02   1.31934300000E+02
   1.39070000000E+02                   5   0.00000000000E+00                   1
                   1                  91   0.00000000000E+00   5.81465000000E-06
   1.55399600000E-05   3.22724600000E-05   5.82270000000E-05   9.60461200000E-05
   1.48952200000E-04   2.20954900000E-04   3.17145800000E-04   4.44125600000E-04
   5.21783700000E-04   6.10621800000E-04   7.12206700000E-04   8.28365100000E-04
   1.11329600000E-03   1.48713500000E-03   1.97905900000E-03   2.62611400000E-03
   3.46809400000E-03   4.52862300000E-03   5.78376100000E-03   7.17251100000E-03
   8.72242600000E-03   1.06739100000E-02   1.34532500000E-02   1.75964200000E-02
   2.33101300000E-02   2.96666900000E-02   3.73659200000E-02   4.87060800000E-02
   6.46632500000E-02   8.44909300000E-02   1.04282100000E-01   1.17337500000E-01
   1.20044000000E-01   1.15920200000E-01   1.10265800000E-01   1.04273100000E-01
   9.58185000000E-02   8.41161800000E-02   7.12113000000E-02   5.93857700000E-02
   4.17354800000E-02   3.07822100000E-02   2.38344300000E-02   1.91969800000E-02
   1.59493000000E-02   1.35831900000E-02   1.18044100000E-02   1.04339000000E-02
   9.35753000000E-03   8.49960700000E-03   7.24593300000E-03   6.40880000000E-03
   5.84223800000E-03   5.45829600000E-03   5.20047600000E-03   5.03079000000E-03
   4.92288600000E-03   4.85810500000E-03   4.82305100000E-03   4.80803100000E-03
   4.80599600000E-03   4.81180600000E-03   4.82172200000E-03   4.83302700000E-03
   4.84376600000E-03   4.85254700000E-03   4.85839700000E-03   4.86065800000E-03
   4.85891000000E-03   4.85290800000E-03   4.84254200000E-03   4.82780000000E-03
   4.80874800000E-03   4.78550800000E-03   4.75824100000E-03   4.67378500000E-03
   4.56895400000E-03   4.44764300000E-03   4.31383800000E-03   4.02433200000E-03
   3.73014700000E-03   3.45834800000E-03   3.23341200000E-03   2.95334500000E-03
   2.71132800000E-03   2.50052000000E-03   2.31558300000E-03   2.15229400000E-03
   2.00727400000E-03                   1                   1                 454
                 524                 594                 595                 596
                 597                 739                 740                 740
                 741                   2                   1               49329
               49422               49515               49516               49517
               49518               49692               49693               49693
               49694                   9                   1               63358
               63433               63508               63509               63510
               63511               63661               63662               63662
               63663                  31                   1              116061
              116120              116179              116180              116181
              116182              116302              116303              116303
              116304                  32                   1              158496
              158552              158608              158609              158610
              158611              158725              158726              158726
              158727                  33                   1              199706
              199762              199818              199819              199820
              199821              199933              199934              199934
              199935                  34                   1              240153
              240238              240323              240324              240325
              240326              240498              240499              240499
              240500                  24                  68   0.00000000000E+00
   1.30215100000E-02   1.66729200000E-02   2.14240200000E-02   2.67029200000E-02
   3.30859100000E-02   4.27195600000E-02   5.60620300000E-02   7.23398500000E-02
   8.85392800000E-02   9.91403300000E-02   1.01281600000E-01   9.80507500000E-02
   9.38215500000E-02   8.93877500000E-02   8.26465500000E-02   7.30114100000E-02
   6.62442100000E-02   6.24845200000E-02   5.33215400000E-02   4.43062800000E-02
   3.60950800000E-02   2.97897600000E-02   2.49116300000E-02   2.10865700000E-02
   1.81690600000E-02   1.58292400000E-02   1.40704200000E-02   1.26407000000E-02
   1.07110100000E-02   9.86357900000E-03   9.55301700000E-03   9.31763300000E-03
   9.13074600000E-03   8.98882400000E-03   8.92572400000E-03   8.96373800000E-03
   9.09230500000E-03   9.29293800000E-03   9.50302100000E-03   9.71214900000E-03
   9.76157600000E-03   9.92858400000E-03   1.01032700000E-02   1.03218500000E-02
   1.05082500000E-02   1.06902700000E-02   1.08441300000E-02   1.10319600000E-02
   1.11743900000E-02   1.12706600000E-02   1.14060900000E-02   1.15284200000E-02
   1.16245000000E-02   1.18275300000E-02   1.19630900000E-02   1.20027000000E-02
   1.20182600000E-02   1.18467700000E-02   1.15448800000E-02   1.12425600000E-02
   1.10129900000E-02   1.10155900000E-02   1.05012500000E-02   1.00289100000E-02
   9.61111700000E-03   9.20882200000E-03   8.84827100000E-03                  24
                  68   0.00000000000E+00   3.06454500000E-01   6.39716600000E-01
   8.31954800000E-01   1.02183200000E+00   1.20890800000E+00   1.39925600000E+00
   1.44611100000E+00   1.49028800000E+00   1.53951600000E+00   1.59341700000E+00
   1.61735100000E+00   1.64774500000E+00   1.68396700000E+00   1.72323300000E+00
   1.69781600000E+00   1.67227600000E+00   1.75336700000E+00   1.93922100000E+00
   2.34421200000E+00   2.62917100000E+00   2.94548100000E+00   3.20181500000E+00
   3.47386500000E+00   3.70229600000E+00   3.98793400000E+00   4.24335900000E+00
   4.48834500000E+00   4.71879700000E+00   5.15197900000E+00   5.58814100000E+00
   6.17509600000E+00   6.81175200000E+00   7.38161800000E+00   7.96884900000E+00
   8.54994400000E+00   9.10613800000E+00   9.71796500000E+00   1.03067100000E+01
   1.09215800000E+01   1.17873100000E+01   1.24637200000E+01   1.31232300000E+01
   1.38077300000E+01   1.45125200000E+01   1.51956700000E+01   1.58979400000E+01
   1.65853900000E+01   1.73547800000E+01   1.80647300000E+01   1.87294900000E+01
   1.94904200000E+01   2.02630800000E+01   2.10236200000E+01   2.28319600000E+01
   2.47146700000E+01   2.65049600000E+01   2.84280500000E+01   3.20619300000E+01
   3.58366900000E+01   3.93797400000E+01   4.30809200000E+01   4.50910600000E+01
   4.46561300000E+01   4.74433600000E+01   5.03404700000E+01   5.30636900000E+01
   5.58761300000E+01                   5                  -1                   1
                   6                   5                   0                  69
   1.00000000000E+00   1.10584600000E+01   1.15000000000E+01   1.20000000000E+01
   1.25000000000E+01   1.30000000000E+01   1.35000000000E+01   1.40000000000E+01
   1.45000000000E+01   1.50000000000E+01   1.55000000000E+01   1.60000000000E+01
   1.65000000000E+01   1.70000000000E+01   1.75000000000E+01   1.80000000000E+01
   1.85000000000E+01   1.90000000000E+01   1.95000000000E+01   2.00000000000E+01
   2.10000000000E+01   2.20000000000E+01   2.30000000000E+01   2.40000000000E+01
   2.50000000000E+01   2.60000000000E+01   2.70000000000E+01   2.80000000000E+01
   2.90000000000E+01   3.00000000000E+01   3.20000000000E+01   3.40000000000E+01
   3.60000000000E+01   3.80000000000E+01   4.00000000000E+01   4.20000000000E+01
   4.40000000000E+01   4.60000000000E+01   4.80000000000E+01   5.00000000000E+01
   5.20000000000E+01   5.40000000000E+01   5.60000000000E+01   5.80000000000E+01
   6.00000000000E+01   6.20000000000E+01   6.40000000000E+01   6.60000000000E+01
   6.80000000000E+01   7.00000000000E+01   7.20000000000E+01   7.40000000000E+01
   7.60000000000E+01   7.80000000000E+01   8.00000000000E+01   8.50000000000E+01
   9.00000000000E+01   9.50000000000E+01   1.00000000000E+02   1.10000000000E+02
   1.20000000000E+02   1.30000000000E+02   1.40000000000E+02   1.50000000000E+02
   1.60000000000E+02   1.70000000000E+02   1.80000000000E+02   1.90000000000E+02
   2.00000000000E+02   0.00000000000E+00   0.00000000000E+00   9.67908100000E-01
   9.47517700000E-01   9.19086300000E-01   9.00097700000E-01   8.85456900000E-01
   8.77088900000E-01   8.66984400000E-01   8.56184800000E-01   8.49036200000E-01
   8.44916000000E-01   8.43704000000E-01   8.45847000000E-01   8.50867200000E-01
   8.57246500000E-01   8.62532300000E-01   8.67982900000E-01   9.30248600000E-01
   1.05218000000E+00   1.27760700000E+00   1.43934700000E+00   1.51440900000E+00
   1.55179400000E+00   1.56192600000E+00   1.55240200000E+00   1.53917600000E+00
   1.51709700000E+00   1.50364700000E+00   1.48721000000E+00   1.47821000000E+00
   1.53906800000E+00   1.63516400000E+00   1.70705900000E+00   1.75575200000E+00
   1.78676200000E+00   1.81310800000E+00   1.84511000000E+00   1.88517700000E+00
   1.93279500000E+00   1.97732600000E+00   2.01840000000E+00   2.02450000000E+00
   2.05432000000E+00   2.08582900000E+00   2.12709900000E+00   2.16290500000E+00
   2.19934600000E+00   2.23180300000E+00   2.27326800000E+00   2.30754600000E+00
   2.33453300000E+00   2.37194600000E+00   2.40902700000E+00   2.44302500000E+00
   2.53061100000E+00   2.61834300000E+00   2.69866500000E+00   2.78597900000E+00
   2.94378500000E+00   3.09502000000E+00   3.25084700000E+00   3.40599700000E+00
   3.72986900000E+00   3.87310200000E+00   4.01073000000E+00   4.15062500000E+00
   4.27860800000E+00   4.40810300000E+00                   0                   1
                   0                   4                  10                   0
                   2   1.00000000000E+00   2.00000000000E+02   1.00000000000E+00
   1.00000000000E+00                   0                  30   1.00000000000E+00
   1.10584600000E+01   1.20000000000E+01   1.40000000000E+01   1.60000000000E+01
   1.80000000000E+01   2.00000000000E+01   2.20000000000E+01   2.40000000000E+01
   2.60000000000E+01   2.80000000000E+01   3.00000000000E+01   3.20000000000E+01
   3.60000000000E+01   4.00000000000E+01   4.40000000000E+01   4.80000000000E+01
   5.00000000000E+01   5.20000000000E+01   5.60000000000E+01   6.00000000000E+01
   7.00000000000E+01   8.00000000000E+01   9.00000000000E+01   1.00000000000E+02
   1.20000000000E+02   1.40000000000E+02   1.60000000000E+02   1.80000000000E+02
   2.00000000000E+02                  72                  83                  94
                 129                 410                 844                1506
                2267                3270                4351                5497
                6708                7971                9273               10653
               12320               14032               15789               17576
               19378               21210               23072               25250
               27479               30027               32594               35494
               38716               41984               45275                   2
                   3   0.00000000000E+00   5.00000000000E-07   1.00000000000E-06
   0.00000000000E+00   2.00000000000E+06   0.00000000000E+00   0.00000000000E+00
   5.00000000000E-01   1.00000000000E+00                   2                   3
   0.00000000000E+00   5.00000000000E-07   1.00000000000E-06   0.00000000000E+00
   2.00000000000E+06   0.00000000000E+00   0.00000000000E+00   5.00000000000E-01
   1.00000000000E+00                   2                  11   0.00000000000E+00
   2.50000000000E-02   1.00000000000E-01   2.00000000000E-01   3.00000000000E-01
   4.00000000000E-01   5.00000000000E-01   6.00000000000E-01   7.00000000000E-01
   8.00000000000E-01   9.00000000000E-01   0.00000000000E+00   3.93465000000E-01
   1.57375100000E+00   7.77230400000E-02   5.26241000000E-06   2.86760000000E-06
   1.37213000000E-06   5.30001000000E-07   2.98550500000E+00   3.23220400000E+00
   4.26158600000E+00   0.00000000000E+00   4.91831265000E-03   7.86889149000E-02
   1.61262619000E-01   1.65149035000E-01   1.65149441000E-01   1.65149653000E-01
   1.65149748000E-01   3.14425029000E-01   6.25310489000E-01   1.00000000000E+00
                   2                  31   0.00000000000E+00   2.50000000000E-02
   1.00000000000E-01   2.00000000000E-01   3.00000000000E-01   4.00000000000E-01
   5.00000000000E-01   6.00000000000E-01   7.00000000000E-01   8.00000000000E-01
   9.00000000000E-01   1.00000000000E+00   1.10000000000E+00   1.20000000000E+00
   1.30000000000E+00   1.40000000000E+00   1.50000000000E+00   1.60000000000E+00
   1.70000000000E+00   1.80000000000E+00   1.90000000000E+00   2.00000000000E+00
   2.10000000000E+00   2.20000000000E+00   2.30000000000E+00   2.40000000000E+00
   2.50000000000E+00   2.60000000000E+00   2.70000000000E+00   2.80000000000E+00
   2.90000000000E+00   0.00000000000E+00   3.47309500000E-02   1.37784000000E-01
   1.93180000000E-01   2.38430800000E-01   2.76793100000E-01   3.08230000000E-01
   1.68688500000E-01   4.27601300000E-01   2.41686100000E-01   5.05059000000E-01
   7.97601400000E-01   2.40178800000E-01   1.76570300000E-01   2.55289500000E-02
   7.07995700000E-01   5.88802100000E-01   5.56112500000E-01   1.75820700000E-01
   9.08276000000E-06   4.61561800000E-01   6.77050700000E-01   6.90980500000E-01
   4.03316800000E-01   9.30171000000E-07   4.89071000000E-07   2.23120000000E-07
   8.19967000000E-08   7.45853400000E-01   7.52660400000E-01   1.00471900000E+00
   0.00000000000E+00   4.34136891000E-04   6.90344775000E-03   2.34516484000E-02
   4.50321892000E-02   7.07933851000E-02   1.00044541000E-01   1.23890467000E-01
   1.53704958000E-01   1.87169329000E-01   2.24506586000E-01   2.89639608000E-01
   3.41528620000E-01   3.62366076000E-01   3.72471039000E-01   4.09147273000E-01
   4.73987165000E-01   5.31232897000E-01   5.67829558000E-01   5.76621048000E-01
   5.99699593000E-01   6.56630220000E-01   7.25031782000E-01   7.79746649000E-01
   7.99912537000E-01   7.99912608000E-01   7.99912643000E-01   7.99912659000E-01
   8.37205334000E-01   9.12131027000E-01   1.00000000000E+00                   0
                   0                   0                   0                   0
                   0                   0                   0                   0
                   0                   0                   0                   0
                   0                   0                   0                   0
                   0                   0                   0                   0
                   0                   0                   0                   0
                   0                   0                   0                   0
                   0                   0                   0                   0
                   0                   0                   0                   0
                   0                   0                   0                   0
                   0                   0                   0                   0
                   0                   0                   0                   0
                   0                   0                   0                   0
                   0                   0                   0                   0
                   0                   0                   0                   0
                   0                   0                   0                   0
                   0                   0                   0                   0
                   0                   0                   0                   0
                   0                   0                   0                   0
                   0                   0                   0                   0
                   0                   0                   0                   0
                   0                   0                   0                   0
                   0                   0                   0                   0
                   0                   0                   0                   0
                   0                   0                   0                   0
                   0                   0                   0                   0
                   0                   0                   0                   0
                   0                   0                   0                   0
                   0                   0                   0                   0
                   0                   0                   0                   0
                   0                   0                   0                   0
                   0                   0                   0                   0
                   0
