 30067.00u   66.352190  0.0000E+00   06/19/20
Ace Zn67 IAEA-PD                                                         mat3034
      0         0.      0         0.      0         0.      0         0.
      0         0.      0         0.      0         0.      0         0.
      0         0.      0         0.      0         0.      0         0.
      0         0.      0         0.      0         0.      0         0.
   321677    30067       89        1        7        2       12        0
        0        0        0        0        0        0        0        1
        1       90       90        0      179      268      269      270
      271      362      446        0        0        0        0        0
        0        0        0        0        0        0        0        0
        0        0        0        0        0        0        0        0
   9.99999000000E-01   1.00000000000E+00   1.50000000000E+00   2.00000000000E+00
   2.50000000000E+00   3.00000000000E+00   3.50000000000E+00   4.00000000000E+00
   4.50000000000E+00   5.00000000000E+00   5.50000000000E+00   6.00000000000E+00
   6.50000000000E+00   7.00000000000E+00   7.50000000000E+00   8.00000000000E+00
   8.50000000000E+00   9.00000000000E+00   9.50000000000E+00   1.00000000000E+01
   1.05000000000E+01   1.10000000000E+01   1.15000000000E+01   1.20000000000E+01
   1.25000000000E+01   1.30000000000E+01   1.35000000000E+01   1.40000000000E+01
   1.45000000000E+01   1.50000000000E+01   1.55000000000E+01   1.60000000000E+01
   1.65000000000E+01   1.70000000000E+01   1.75000000000E+01   1.80000000000E+01
   1.85000000000E+01   1.90000000000E+01   1.95000000000E+01   2.00000000000E+01
   2.10000000000E+01   2.20000000000E+01   2.30000000000E+01   2.40000000000E+01
   2.50000000000E+01   2.60000000000E+01   2.70000000000E+01   2.80000000000E+01
   2.90000000000E+01   3.00000000000E+01   3.20000000000E+01   3.40000000000E+01
   3.60000000000E+01   3.80000000000E+01   4.00000000000E+01   4.20000000000E+01
   4.40000000000E+01   4.60000000000E+01   4.80000000000E+01   5.00000000000E+01
   5.20000000000E+01   5.40000000000E+01   5.60000000000E+01   5.80000000000E+01
   6.00000000000E+01   6.20000000000E+01   6.40000000000E+01   6.60000000000E+01
   6.80000000000E+01   7.00000000000E+01   7.20000000000E+01   7.40000000000E+01
   7.60000000000E+01   7.80000000000E+01   8.00000000000E+01   8.50000000000E+01
   9.00000000000E+01   9.50000000000E+01   1.00000000000E+02   1.10000000000E+02
   1.20000000000E+02   1.30000000000E+02   1.40000000000E+02   1.50000000000E+02
   1.60000000000E+02   1.70000000000E+02   1.80000000000E+02   1.90000000000E+02
   2.00000000000E+02   0.00000000000E+00   6.90111400000E-06   1.86351100000E-05
   3.89661300000E-05   7.06112300000E-05   1.16761300000E-04   1.81246700000E-04
   2.68761900000E-04   3.85183600000E-04   5.38030200000E-04   7.37125000000E-04
   9.95531400000E-04   1.33083000000E-03   1.76672900000E-03   2.33457600000E-03
   3.07289000000E-03   4.01929300000E-03   5.18486300000E-03   6.51526100000E-03
   7.90767000000E-03   9.35305600000E-03   1.10366300000E-02   1.32430100000E-02
   1.62572200000E-02   2.03752800000E-02   2.59479200000E-02   3.33871800000E-02
   4.30786700000E-02   5.51049700000E-02   6.87078200000E-02   8.17678400000E-02
   9.12903300000E-02   9.54730700000E-02   9.53307400000E-02   9.36310200000E-02
   9.26290600000E-02   9.29314300000E-02   9.40472100000E-02   9.59034200000E-02
   9.92348900000E-02   1.10989400000E-01   1.21377300000E-01   1.17483000000E-01
   1.00392900000E-01   8.04820900000E-02   6.37052900000E-02   5.10104100000E-02
   4.16395100000E-02   3.46751400000E-02   2.94072200000E-02   2.21424200000E-02
   1.74984700000E-02   1.43545200000E-02   1.21350000000E-02   1.05203700000E-02
   9.32030700000E-03   8.41447300000E-03   7.72285200000E-03   7.19004200000E-03
   6.77644100000E-03   6.45304300000E-03   6.19821900000E-03   5.99562900000E-03
   5.83281100000E-03   5.70020200000E-03   5.59042600000E-03   5.49778000000E-03
   5.41784600000E-03   5.34720300000E-03   5.28320100000E-03   5.22379400000E-03
   5.16740900000E-03   5.11284400000E-03   5.05919000000E-03   5.00576600000E-03
   4.87031400000E-03   4.72924200000E-03   4.58152100000E-03   4.42799600000E-03
   4.11164800000E-03   3.80050400000E-03   3.51734500000E-03   3.28462800000E-03
   2.99785400000E-03   2.75067900000E-03   2.53578100000E-03   2.34751500000E-03
   2.18146000000E-03   2.03410000000E-03   0.00000000000E+00   1.00000000000E+00
   9.91554000000E-01   9.83108900000E-01   9.74663800000E-01   7.84306500000E-01
   5.34761800000E-01   2.37064800000E-01   2.50794400000E-01   2.48712400000E-01
   2.25918600000E-01   1.79008200000E-01   2.38112700000E-01   2.80788600000E-01
   3.88607300000E+00   5.04273000000E+00   5.78353800000E+00   6.31859300000E+00
   6.77829000000E+00   7.14511100000E+00   7.10456300000E+00   6.99572100000E+00
   7.02413400000E+00   7.13553400000E+00   7.22378700000E+00   7.28681600000E+00
   7.32102100000E+00   7.31527700000E+00   7.33397900000E+00   7.34386300000E+00
   7.35296500000E+00   7.35993300000E+00   7.43116900000E+00   7.44166600000E+00
   7.53669500000E+00   7.68241800000E+00   8.43642100000E+00   9.31832100000E+00
   1.01951700000E+01   1.09803500000E+01   1.21519700000E+01   1.33631500000E+01
   1.41853900000E+01   1.49875700000E+01   1.55827000000E+01   1.61658900000E+01
   1.66465900000E+01   1.71158300000E+01   1.77051900000E+01   1.82778000000E+01
   1.95542800000E+01   2.09569600000E+01   2.23296300000E+01   2.36019900000E+01
   2.48481700000E+01   2.61060200000E+01   2.73635300000E+01   2.86466200000E+01
   2.98849800000E+01   3.11161300000E+01   3.23224500000E+01   3.35215100000E+01
   3.47032900000E+01   3.59437500000E+01   3.71245000000E+01   3.83276500000E+01
   3.94678500000E+01   4.06495500000E+01   4.17570500000E+01   4.29136200000E+01
   4.40880800000E+01   4.53043400000E+01   4.64964400000E+01   4.75976200000E+01
   4.86126600000E+01   5.15013000000E+01   5.41423900000E+01   5.69619000000E+01
   5.97088000000E+01   6.53376600000E+01   7.08165000000E+01   7.64968200000E+01
   8.20872900000E+01   9.30233500000E+01   1.00127600000E+02   1.06656000000E+02
   1.12863300000E+02   1.19194200000E+02   1.25542200000E+02                   5
   0.00000000000E+00                   1                   1                  89
   0.00000000000E+00   6.90111400000E-06   1.86351100000E-05   3.89661300000E-05
   7.06112300000E-05   1.16761300000E-04   1.81246700000E-04   2.68761900000E-04
   3.85183600000E-04   5.38030200000E-04   7.37125000000E-04   9.95531400000E-04
   1.33083000000E-03   1.76672900000E-03   2.33457600000E-03   3.07289000000E-03
   4.01929300000E-03   5.18486300000E-03   6.51526100000E-03   7.90767000000E-03
   9.35305600000E-03   1.10366300000E-02   1.32430100000E-02   1.62572200000E-02
   2.03752800000E-02   2.59479200000E-02   3.33871800000E-02   4.30786700000E-02
   5.51049700000E-02   6.87078200000E-02   8.17678400000E-02   9.12903300000E-02
   9.54730700000E-02   9.53307400000E-02   9.36310200000E-02   9.26290600000E-02
   9.29314300000E-02   9.40472100000E-02   9.59034200000E-02   9.92348900000E-02
   1.10989400000E-01   1.21377300000E-01   1.17483000000E-01   1.00392900000E-01
   8.04820900000E-02   6.37052900000E-02   5.10104100000E-02   4.16395100000E-02
   3.46751400000E-02   2.94072200000E-02   2.21424200000E-02   1.74984700000E-02
   1.43545200000E-02   1.21350000000E-02   1.05203700000E-02   9.32030700000E-03
   8.41447300000E-03   7.72285200000E-03   7.19004200000E-03   6.77644100000E-03
   6.45304300000E-03   6.19821900000E-03   5.99562900000E-03   5.83281100000E-03
   5.70020200000E-03   5.59042600000E-03   5.49778000000E-03   5.41784600000E-03
   5.34720300000E-03   5.28320100000E-03   5.22379400000E-03   5.16740900000E-03
   5.11284400000E-03   5.05919000000E-03   5.00576600000E-03   4.87031400000E-03
   4.72924200000E-03   4.58152100000E-03   4.42799600000E-03   4.11164800000E-03
   3.80050400000E-03   3.51734500000E-03   3.28462800000E-03   2.99785400000E-03
   2.75067900000E-03   2.53578100000E-03   2.34751500000E-03   2.18146000000E-03
   2.03410000000E-03                   1                   1                 446
                 524                 602                 603                 604
                 605                 763                 764                 764
                 765                   2                   1               56146
               56237               56328               56329               56330
               56331               56507               56508               56508
               56509                   9                   1               70155
               70230               70305               70306               70307
               70308               70458               70459               70459
               70460                  31                   1              123938
              124003              124068              124069              124070
              124071              124203              124204              124204
              124205                  32                   1              170984
              171042              171100              171101              171102
              171103              171219              171220              171220
              171221                  33                   1              213639
              213700              213761              213762              213763
              213764              213886              213887              213887
              213888                  34                   1              258217
              258300              258383              258384              258385
              258386              258552              258553              258553
              258554                  14                  76   0.00000000000E+00
   1.26146900000E-03   2.16664700000E-03   3.94733900000E-03   5.13821100000E-03
   6.46884400000E-03   7.87394100000E-03   9.32172300000E-03   1.10013200000E-02
   1.31805900000E-02   1.61092900000E-02   2.00395500000E-02   2.53011100000E-02
   3.23102600000E-02   4.14724400000E-02   5.28564300000E-02   6.57134000000E-02
   7.79452800000E-02   8.67077600000E-02   9.02201200000E-02   8.96730100000E-02
   8.75087900000E-02   8.59955900000E-02   8.82356700000E-02   9.51073100000E-02
   1.04314000000E-01   1.14928000000E-01   1.39276400000E-01   1.61209700000E-01
   1.61226000000E-01   1.40602200000E-01   1.14251800000E-01   9.12329800000E-02
   7.34377500000E-02   6.02748600000E-02   5.09262000000E-02   4.39315000000E-02
   3.42492300000E-02   2.82304600000E-02   2.40453100000E-02   2.08780400000E-02
   1.85512700000E-02   1.67337000000E-02   1.54044200000E-02   1.44003200000E-02
   1.37070500000E-02   1.31602200000E-02   1.27790900000E-02   1.24856300000E-02
   1.22899500000E-02   1.21375600000E-02   1.20735800000E-02   1.20153300000E-02
   1.20241400000E-02   1.20019000000E-02   1.20533600000E-02   1.20671600000E-02
   1.20981600000E-02   1.21265800000E-02   1.21412600000E-02   1.21898200000E-02
   1.22798700000E-02   1.22897500000E-02   1.23279800000E-02   1.22761600000E-02
   1.21946700000E-02   1.19747800000E-02   1.16436100000E-02   1.12597700000E-02
   1.09339700000E-02   1.04199300000E-02   1.07712100000E-02   1.02530800000E-02
   9.83050100000E-03   9.42072000000E-03   9.02424400000E-03                  14
                  76   0.00000000000E+00   2.29580400000E-01   6.34275400000E-01
   9.39180700000E-01   1.00391300000E+00   1.06213300000E+00   1.12167700000E+00
   1.20421500000E+00   1.28591700000E+00   1.36535900000E+00   1.44038000000E+00
   1.53058500000E+00   1.61749700000E+00   1.70465100000E+00   1.79458500000E+00
   1.87438400000E+00   1.95506600000E+00   2.03441500000E+00   2.11256700000E+00
   2.20345600000E+00   2.29451400000E+00   2.38028500000E+00   2.46425800000E+00
   2.52314400000E+00   2.69048900000E+00   2.89716800000E+00   3.08836300000E+00
   3.53009800000E+00   3.93087600000E+00   4.36682400000E+00   4.76801100000E+00
   5.15161800000E+00   5.51852100000E+00   5.86516500000E+00   6.21654100000E+00
   6.54786000000E+00   6.90509700000E+00   7.62193500000E+00   8.34435900000E+00
   9.07362000000E+00   9.80224400000E+00   1.05414500000E+01   1.12650000000E+01
   1.20290100000E+01   1.27487600000E+01   1.35421800000E+01   1.43132900000E+01
   1.51122100000E+01   1.58924300000E+01   1.67013100000E+01   1.74767800000E+01
   1.83205700000E+01   1.91098500000E+01   1.99749300000E+01   2.07677600000E+01
   2.16773700000E+01   2.25173400000E+01   2.33266000000E+01   2.41377700000E+01
   2.49321200000E+01   2.58119400000E+01   2.68041100000E+01   2.89040600000E+01
   3.12351800000E+01   3.33888300000E+01   3.56348800000E+01   3.99886500000E+01
   4.44897700000E+01   4.88255400000E+01   5.32041300000E+01   5.22351000000E+01
   5.51101400000E+01   5.85020400000E+01   6.22433900000E+01   6.58259200000E+01
   6.93049400000E+01                   5                  -1                   1
                   6                   5                   0                  77
   1.00000000000E+00   7.05247000000E+00   7.50000000000E+00   8.00000000000E+00
   8.50000000000E+00   9.00000000000E+00   9.50000000000E+00   1.00000000000E+01
   1.05000000000E+01   1.10000000000E+01   1.15000000000E+01   1.20000000000E+01
   1.25000000000E+01   1.30000000000E+01   1.35000000000E+01   1.40000000000E+01
   1.45000000000E+01   1.50000000000E+01   1.55000000000E+01   1.60000000000E+01
   1.65000000000E+01   1.70000000000E+01   1.75000000000E+01   1.80000000000E+01
   1.85000000000E+01   1.90000000000E+01   1.95000000000E+01   2.00000000000E+01
   2.10000000000E+01   2.20000000000E+01   2.30000000000E+01   2.40000000000E+01
   2.50000000000E+01   2.60000000000E+01   2.70000000000E+01   2.80000000000E+01
   2.90000000000E+01   3.00000000000E+01   3.20000000000E+01   3.40000000000E+01
   3.60000000000E+01   3.80000000000E+01   4.00000000000E+01   4.20000000000E+01
   4.40000000000E+01   4.60000000000E+01   4.80000000000E+01   5.00000000000E+01
   5.20000000000E+01   5.40000000000E+01   5.60000000000E+01   5.80000000000E+01
   6.00000000000E+01   6.20000000000E+01   6.40000000000E+01   6.60000000000E+01
   6.80000000000E+01   7.00000000000E+01   7.20000000000E+01   7.40000000000E+01
   7.60000000000E+01   7.80000000000E+01   8.00000000000E+01   8.50000000000E+01
   9.00000000000E+01   9.50000000000E+01   1.00000000000E+02   1.10000000000E+02
   1.20000000000E+02   1.30000000000E+02   1.40000000000E+02   1.50000000000E+02
   1.60000000000E+02   1.70000000000E+02   1.80000000000E+02   1.90000000000E+02
   2.00000000000E+02   0.00000000000E+00   0.00000000000E+00   5.40341800000E-01
   7.05084500000E-01   9.82097800000E-01   9.91002300000E-01   9.92875600000E-01
   9.95734600000E-01   9.96650000000E-01   9.96800700000E-01   9.95286600000E-01
   9.90900700000E-01   9.83522700000E-01   9.75072800000E-01   9.67744500000E-01
   9.62714000000E-01   9.59195300000E-01   9.56418100000E-01   9.53251100000E-01
   9.49802200000E-01   9.44979800000E-01   9.40651600000E-01   9.34613200000E-01
   9.28386700000E-01   9.49470700000E-01   1.01127200000E+00   1.08769800000E+00
   1.15814100000E+00   1.25486200000E+00   1.32817000000E+00   1.37233500000E+00
   1.40051900000E+00   1.41959300000E+00   1.43211000000E+00   1.43966200000E+00
   1.44754000000E+00   1.46866600000E+00   1.49390200000E+00   1.54677000000E+00
   1.61331000000E+00   1.67510400000E+00   1.72048100000E+00   1.76336700000E+00
   1.79540200000E+00   1.83070500000E+00   1.86463800000E+00   1.90639400000E+00
   1.94205500000E+00   1.98032000000E+00   2.01439000000E+00   2.04981800000E+00
   2.08091100000E+00   2.11809700000E+00   2.14926900000E+00   2.18709000000E+00
   2.21525300000E+00   2.25414300000E+00   2.28406200000E+00   2.31597200000E+00
   2.34674300000E+00   2.37465900000E+00   2.40944100000E+00   2.45314500000E+00
   2.52340000000E+00   2.60675600000E+00   2.67949400000E+00   2.75399300000E+00
   2.91240400000E+00   3.06370200000E+00   3.20121300000E+00   3.32883100000E+00
   3.47579600000E+00   3.91583700000E+00   4.04336200000E+00   4.18762000000E+00
   4.31853900000E+00   4.43648000000E+00                   0                   1
                   0                   4                  10                   0
                   2   1.00000000000E+00   2.00000000000E+02   1.00000000000E+00
   1.00000000000E+00                   0                  32   1.00000000000E+00
   7.05247000000E+00   8.00000000000E+00   1.00000000000E+01   1.20000000000E+01
   1.40000000000E+01   1.60000000000E+01   1.80000000000E+01   2.00000000000E+01
   2.20000000000E+01   2.40000000000E+01   2.60000000000E+01   2.80000000000E+01
   3.00000000000E+01   3.20000000000E+01   3.60000000000E+01   4.00000000000E+01
   4.40000000000E+01   4.80000000000E+01   5.00000000000E+01   5.20000000000E+01
   5.60000000000E+01   6.00000000000E+01   7.00000000000E+01   8.00000000000E+01
   9.00000000000E+01   1.00000000000E+02   1.20000000000E+02   1.40000000000E+02
   1.60000000000E+02   1.80000000000E+02   2.00000000000E+02                  76
                  87                  98                 133                 352
                 813                1596                2544                3569
                4858                6212                7618                9063
               10547               12070               13619               15220
               17112               19034               20986               22953
               24935               26932               28944               31275
               33640               36302               38983               41988
               45302               48639               51999                   2
                   3   0.00000000000E+00   5.00000000000E-07   1.00000000000E-06
   0.00000000000E+00   2.00000000000E+06   0.00000000000E+00   0.00000000000E+00
   5.00000000000E-01   1.00000000000E+00                   2                   3
   0.00000000000E+00   5.00000000000E-07   1.00000000000E-06   0.00000000000E+00
   2.00000000000E+06   0.00000000000E+00   0.00000000000E+00   5.00000000000E-01
   1.00000000000E+00                   2                  11   0.00000000000E+00
   2.50000000000E-02   1.00000000000E-01   2.00000000000E-01   3.00000000000E-01
   4.00000000000E-01   5.00000000000E-01   6.00000000000E-01   7.00000000000E-01
   8.00000000000E-01   9.00000000000E-01   0.00000000000E+00   2.39675100000E-03
   1.19096500000E-03   1.18996500000E-03   1.15390200000E-03   9.56963000000E-04
   6.39137000000E-04   3.26863000000E-04   1.11853000000E-04   1.56428000000E-05
   1.99867300000E+01   0.00000000000E+00   2.99593881000E-05   1.64498741000E-04
   2.83545243000E-04   4.00738596000E-04   5.06281848000E-04   5.86086849000E-04
   6.34386850000E-04   6.56322651000E-04   6.62697441000E-04   1.00000000000E+00
                   2                  31   0.00000000000E+00   2.50000000000E-02
   1.00000000000E-01   2.00000000000E-01   3.00000000000E-01   4.00000000000E-01
   5.00000000000E-01   6.00000000000E-01   7.00000000000E-01   8.00000000000E-01
   9.00000000000E-01   1.00000000000E+00   1.10000000000E+00   1.20000000000E+00
   1.30000000000E+00   1.40000000000E+00   1.50000000000E+00   1.60000000000E+00
   1.70000000000E+00   1.80000000000E+00   1.90000000000E+00   2.00000000000E+00
   2.10000000000E+00   2.20000000000E+00   2.30000000000E+00   2.40000000000E+00
   2.50000000000E+00   2.60000000000E+00   2.70000000000E+00   2.80000000000E+00
   2.90000000000E+00   0.00000000000E+00   1.32467600000E-01   5.28107900000E-01
   2.12858200000E+00   4.59118900000E-04   4.69601900000E-04   1.18389600000E+00
   1.38548200000E-01   4.31285900000E-04   4.01975000000E-04   3.65739000000E-04
   2.91017000000E-04   2.20675800000E+00   1.02776000000E-04   7.63238900000E-05
   5.79618900000E-05   4.37989900000E-05   3.39969000000E-05   2.66788000000E-05
   2.10549000000E-05   3.36554100000E+00   1.11717000000E-05   7.90444900000E-06
   5.37586900000E-06   3.45898000000E-06   2.03980000000E-06   1.03657000000E-06
   4.38408900000E-07   1.24996000000E-07   1.36128000000E-08   8.91069600000E-01
   0.00000000000E+00   1.65584479000E-03   2.64274267000E-02   1.59261910000E-01
   2.65713953000E-01   2.65760389000E-01   3.24978662000E-01   3.91100863000E-01
   3.98049837000E-01   3.98091500000E-01   3.98129886000E-01   3.98162723000E-01
   5.08515161000E-01   6.18858186000E-01   6.18867141000E-01   6.18873855000E-01
   6.18878943000E-01   6.18882833000E-01   6.18885867000E-01   6.18888253000E-01
   7.87166335000E-01   9.55443923000E-01   9.55444877000E-01   9.55445541000E-01
   9.55445982000E-01   9.55446257000E-01   9.55446411000E-01   9.55446485000E-01
   9.55446513000E-01   9.55446520000E-01   1.00000000000E+00                   0
                   0                   0                   0                   0
                   0                   0                   0                   0
                   0                   0                   0                   0
                   0                   0                   0                   0
                   0                   0                   0                   0
                   0                   0                   0                   0
                   0                   0                   0                   0
                   0                   0                   0                   0
                   0                   0                   0                   0
                   0                   0                   0                   0
                   0                   0                   0                   0
                   0                   0                   0                   0
                   0                   0                   0                   0
                   0                   0                   0                   0
                   0                   0                   0                   0
                   0                   0                   0                   0
                   0                   0                   0                   0
                   0                   0                   0                   0
                   0                   0                   0                   0
                   0                   0                   0                   0
                   0                   0                   0                   0
                   0                   0                   0                   0
                   0                   0                   0                   0
                   0                   0                   0                   0
                   0                   0                   0                   0
                   0                   0                   0                   0
                   0                   0                   0                   0
                   0                   0                   0                   0
                   0                   0                   0                   0
                   0                   0                   0                   0
                   0                   0                   0                   2
   5.10000000000E+01   0.00000000000E+00                   0                   0
                   0                   0                   0                   1
                   1                   1                   1   9.00000000000E-01
   1.00000000000E+00                   1                   1   1.30000000000E+00
                   1   1.50000000000E+00   1.60000000000E+00   1.70000000000E+00
   1.80000000000E+00   1.90000000000E+00   2.00000000000E+00   2.10000000000E+00
   2.20000000000E+00   2.30000000000E+00   2.40000000000E+00   2.50000000000E+00
   2.60000000000E+00   2.70000000000E+00   2.80000000000E+00   2.90000000000E+00
   3.00000000000E+00   3.10000000000E+00   3.20000000000E+00   3.30000000000E+00
   3.40000000000E+00   3.50000000000E+00   3.60000000000E+00   3.70000000000E+00
   3.80000000000E+00   3.90000000000E+00   4.00000000000E+00   4.10000000000E+00
   4.20000000000E+00   4.30000000000E+00   4.40000000000E+00   4.50000000000E+00
   4.60000000000E+00   4.70000000000E+00                   5                   5
                   0                   0                   0                   0
                   0                   0                   0                   0
                   0
