 30068.00u   67.341340  0.0000E+00   02/26/20
Ace Zn68 IAEA-PD                                                         mat3037
      0         0.      0         0.      0         0.      0         0.
      0         0.      0         0.      0         0.      0         0.
      0         0.      0         0.      0         0.      0         0.
      0         0.      0         0.      0         0.      0         0.
   301178    30068       91        1        7        2       12        0
        0        0        0        0        0        0        0        1
        1       92       92        0      183      274      275      276
      277      370      454        0        0        0        0        0
        0        0        0        0        0        0        0        0
        0        0        0        0        0        0        0        0
   9.99999000000E-01   1.00000000000E+00   1.50000000000E+00   2.00000000000E+00
   2.50000000000E+00   3.00000000000E+00   3.50000000000E+00   4.00000000000E+00
   4.50000000000E+00   5.00000000000E+00   5.25000000000E+00   5.50000000000E+00
   5.75000000000E+00   6.00000000000E+00   6.50000000000E+00   7.00000000000E+00
   7.50000000000E+00   8.00000000000E+00   8.50000000000E+00   9.00000000000E+00
   9.50000000000E+00   1.00000000000E+01   1.05000000000E+01   1.10000000000E+01
   1.15000000000E+01   1.20000000000E+01   1.25000000000E+01   1.30000000000E+01
   1.35000000000E+01   1.40000000000E+01   1.45000000000E+01   1.50000000000E+01
   1.55000000000E+01   1.60000000000E+01   1.65000000000E+01   1.70000000000E+01
   1.75000000000E+01   1.80000000000E+01   1.85000000000E+01   1.90000000000E+01
   1.95000000000E+01   2.00000000000E+01   2.10000000000E+01   2.20000000000E+01
   2.30000000000E+01   2.40000000000E+01   2.50000000000E+01   2.60000000000E+01
   2.70000000000E+01   2.80000000000E+01   2.90000000000E+01   3.00000000000E+01
   3.20000000000E+01   3.40000000000E+01   3.60000000000E+01   3.80000000000E+01
   4.00000000000E+01   4.20000000000E+01   4.40000000000E+01   4.60000000000E+01
   4.80000000000E+01   5.00000000000E+01   5.20000000000E+01   5.40000000000E+01
   5.60000000000E+01   5.80000000000E+01   6.00000000000E+01   6.20000000000E+01
   6.40000000000E+01   6.60000000000E+01   6.80000000000E+01   7.00000000000E+01
   7.20000000000E+01   7.40000000000E+01   7.60000000000E+01   7.80000000000E+01
   8.00000000000E+01   8.50000000000E+01   9.00000000000E+01   9.50000000000E+01
   1.00000000000E+02   1.10000000000E+02   1.20000000000E+02   1.30000000000E+02
   1.40000000000E+02   1.50000000000E+02   1.60000000000E+02   1.70000000000E+02
   1.80000000000E+02   1.90000000000E+02   2.00000000000E+02   0.00000000000E+00
   6.97831400000E-06   1.88228700000E-05   3.93483000000E-05   7.13335400000E-05
   1.18075600000E-04   1.83574500000E-04   2.72784700000E-04   3.91971900000E-04
   5.49228600000E-04   6.45338900000E-04   7.55219600000E-04   8.80778900000E-04
   1.02423900000E-03   1.37566400000E-03   1.83580100000E-03   2.43968100000E-03
   3.23074800000E-03   4.25252600000E-03   5.52269900000E-03   6.99907500000E-03
   8.61614800000E-03   1.04515000000E-02   1.28287600000E-02   1.61306500000E-02
   2.02332000000E-02   2.50209900000E-02   3.16969400000E-02   4.13364800000E-02
   5.46149400000E-02   7.15780000000E-02   9.04250500000E-02   1.06597500000E-01
   1.15261300000E-01   1.16322300000E-01   1.14420500000E-01   1.14071500000E-01
   1.16794200000E-01   1.21003300000E-01   1.23116100000E-01   1.19933300000E-01
   1.11058500000E-01   8.55853500000E-02   6.31443000000E-02   4.74564700000E-02
   3.68912100000E-02   2.96274300000E-02   2.44617500000E-02   2.06637300000E-02
   1.77887400000E-02   1.55587100000E-02   1.37939100000E-02   1.12171600000E-02
   9.47191900000E-03   8.25238600000E-03   7.38363000000E-03   6.75780300000E-03
   6.30442300000E-03   5.97536100000E-03   5.73668700000E-03   5.56394400000E-03
   5.43922900000E-03   5.34929700000E-03   5.28428900000E-03   5.23682900000E-03
   5.20139200000E-03   5.17383200000E-03   5.15104800000E-03   5.13072700000E-03
   5.11115200000E-03   5.09106600000E-03   5.06955900000E-03   5.04599200000E-03
   5.01993000000E-03   4.99109600000E-03   4.95933700000E-03   4.92459500000E-03
   4.82490800000E-03   4.70830600000E-03   4.57746100000E-03   4.43561700000E-03
   4.13288200000E-03   3.82796900000E-03   3.54739300000E-03   3.31562000000E-03
   3.02782900000E-03   2.77930700000E-03   2.56294000000E-03   2.37319400000E-03
   2.20570400000E-03   2.05698500000E-03   0.00000000000E+00   1.00000000000E+00
   9.23764900000E-01   8.47530500000E-01   7.71296100000E-01   6.95061700000E-01
   6.18827300000E-01   5.42592900000E-01   5.87708600000E-01   5.97251300000E-01
   5.93105800000E-01   5.99586000000E-01   5.96950800000E-01   6.12074000000E-01
   5.79022700000E-01   5.51783000000E-01   5.25069100000E-01   4.92878300000E-01
   4.77940800000E-01   4.48641000000E-01   4.03972500000E-01   3.60847800000E-01
   8.63817400000E+00   8.93110400000E+00   9.42903700000E+00   1.02250400000E+01
   1.02549800000E+01   1.02871400000E+01   1.03000200000E+01   1.02744500000E+01
   1.03196200000E+01   1.03286700000E+01   1.03091600000E+01   1.02647900000E+01
   1.03933600000E+01   1.05073000000E+01   1.07814200000E+01   1.15225400000E+01
   1.26856500000E+01   1.35822100000E+01   1.43404900000E+01   1.48684600000E+01
   1.55192000000E+01   1.60088200000E+01   1.62217400000E+01   1.65534300000E+01
   1.67646200000E+01   1.69762500000E+01   1.71819900000E+01   1.73846400000E+01
   1.78415800000E+01   1.84268100000E+01   2.06032200000E+01   2.26495300000E+01
   2.45161100000E+01   2.57171300000E+01   2.68779200000E+01   2.81331400000E+01
   2.93391200000E+01   3.07418000000E+01   3.21233300000E+01   3.34831500000E+01
   3.47905800000E+01   3.60023200000E+01   3.72499000000E+01   3.86036500000E+01
   3.96673000000E+01   4.09317600000E+01   4.21479100000E+01   4.34350600000E+01
   4.46602900000E+01   4.58551200000E+01   4.71243000000E+01   4.83810500000E+01
   4.96152700000E+01   5.08227300000E+01   5.20067500000E+01   5.51000900000E+01
   5.81259600000E+01   6.12146600000E+01   6.41762600000E+01   7.04505400000E+01
   7.64511200000E+01   8.26929900000E+01   8.88350400000E+01   9.61344300000E+01
   1.06406100000E+02   1.13334400000E+02   1.20236900000E+02   1.27243600000E+02
   1.34302100000E+02                   5   0.00000000000E+00                   1
                   1                  91   0.00000000000E+00   6.97831400000E-06
   1.88228700000E-05   3.93483000000E-05   7.13335400000E-05   1.18075600000E-04
   1.83574500000E-04   2.72784700000E-04   3.91971900000E-04   5.49228600000E-04
   6.45338900000E-04   7.55219600000E-04   8.80778900000E-04   1.02423900000E-03
   1.37566400000E-03   1.83580100000E-03   2.43968100000E-03   3.23074800000E-03
   4.25252600000E-03   5.52269900000E-03   6.99907500000E-03   8.61614800000E-03
   1.04515000000E-02   1.28287600000E-02   1.61306500000E-02   2.02332000000E-02
   2.50209900000E-02   3.16969400000E-02   4.13364800000E-02   5.46149400000E-02
   7.15780000000E-02   9.04250500000E-02   1.06597500000E-01   1.15261300000E-01
   1.16322300000E-01   1.14420500000E-01   1.14071500000E-01   1.16794200000E-01
   1.21003300000E-01   1.23116100000E-01   1.19933300000E-01   1.11058500000E-01
   8.55853500000E-02   6.31443000000E-02   4.74564700000E-02   3.68912100000E-02
   2.96274300000E-02   2.44617500000E-02   2.06637300000E-02   1.77887400000E-02
   1.55587100000E-02   1.37939100000E-02   1.12171600000E-02   9.47191900000E-03
   8.25238600000E-03   7.38363000000E-03   6.75780300000E-03   6.30442300000E-03
   5.97536100000E-03   5.73668700000E-03   5.56394400000E-03   5.43922900000E-03
   5.34929700000E-03   5.28428900000E-03   5.23682900000E-03   5.20139200000E-03
   5.17383200000E-03   5.15104800000E-03   5.13072700000E-03   5.11115200000E-03
   5.09106600000E-03   5.06955900000E-03   5.04599200000E-03   5.01993000000E-03
   4.99109600000E-03   4.95933700000E-03   4.92459500000E-03   4.82490800000E-03
   4.70830600000E-03   4.57746100000E-03   4.43561700000E-03   4.13288200000E-03
   3.82796900000E-03   3.54739300000E-03   3.31562000000E-03   3.02782900000E-03
   2.77930700000E-03   2.56294000000E-03   2.37319400000E-03   2.20570400000E-03
   2.05698500000E-03                   1                   1                 454
                 526                 598                 599                 600
                 601                 747                 748                 748
                 749                   2                   1               50686
               50779               50872               50873               50874
               50875               51049               51050               51050
               51051                   9                   1               64697
               64770               64843               64844               64845
               64846               64992               64993               64993
               64994                  31                   1              116002
              116061              116120              116121              116122
              116123              116241              116242              116242
              116243                  32                   1              158346
              158403              158460              158461              158462
              158463              158579              158580              158580
              158581                  33                   1              200523
              200576              200629              200630              200631
              200632              200738              200739              200739
              200740                  34                   1              239914
              239996              240078              240079              240080
              240081              240247              240248              240248
              240249                  22                  70   0.00000000000E+00
   1.03796700000E-02   1.27872300000E-02   1.60857500000E-02   2.01543600000E-02
   2.48476300000E-02   3.13249100000E-02   4.06707200000E-02   5.36140900000E-02
   7.02426300000E-02   8.87906100000E-02   1.04760500000E-01   1.13379700000E-01
   1.14511000000E-01   1.12720100000E-01   1.16804300000E-01   1.35769600000E-01
   1.59664200000E-01   1.77816700000E-01   1.87170100000E-01   1.81119300000E-01
   1.47027800000E-01   1.11158800000E-01   8.43584300000E-02   6.56707100000E-02
   5.26126300000E-02   4.32526800000E-02   3.63388000000E-02   3.11100500000E-02
   2.70758000000E-02   2.42514000000E-02   2.11062100000E-02   1.90374700000E-02
   1.72294700000E-02   1.57329300000E-02   1.45859600000E-02   1.39065900000E-02
   1.35513100000E-02   1.33822300000E-02   1.33249400000E-02   1.33282800000E-02
   1.33158900000E-02   1.33680200000E-02   1.34523600000E-02   1.33743100000E-02
   1.35447500000E-02   1.37141900000E-02   1.38832500000E-02   1.39979600000E-02
   1.41386600000E-02   1.43016100000E-02   1.44144700000E-02   1.44989000000E-02
   1.46153000000E-02   1.47254200000E-02   1.48074900000E-02   1.49646400000E-02
   1.50585600000E-02   1.50401200000E-02   1.49781000000E-02   1.47177200000E-02
   1.43481800000E-02   1.39154100000E-02   1.35572600000E-02   1.36328100000E-02
   1.29621300000E-02   1.23704400000E-02   1.18282700000E-02   1.13311500000E-02
   1.08573300000E-02                  22                  70   0.00000000000E+00
   1.81699200000E-01   4.84391200000E-01   7.86776100000E-01   1.08772500000E+00
   1.22165900000E+00   1.35232400000E+00   1.48232200000E+00   1.61464800000E+00
   1.63876800000E+00   1.66441700000E+00   1.69054400000E+00   1.71682900000E+00
   1.68833600000E+00   1.65972600000E+00   1.69412100000E+00   1.88808900000E+00
   2.15809800000E+00   2.37857700000E+00   2.58782200000E+00   2.72275500000E+00
   3.05869300000E+00   3.32963400000E+00   3.65824700000E+00   3.95993200000E+00
   4.25253600000E+00   4.53515200000E+00   4.78594100000E+00   5.03337800000E+00
   5.22586700000E+00   5.49914400000E+00   6.05821600000E+00   6.80759600000E+00
   7.42093700000E+00   8.07316300000E+00   8.68371700000E+00   9.26692600000E+00
   9.93076600000E+00   1.05895700000E+01   1.12562800000E+01   1.19331500000E+01
   1.25944300000E+01   1.32656600000E+01   1.39439100000E+01   1.46737100000E+01
   1.56691300000E+01   1.64150400000E+01   1.71707800000E+01   1.78724300000E+01
   1.86236900000E+01   1.94265700000E+01   2.01594600000E+01   2.08763600000E+01
   2.16659200000E+01   2.24763400000E+01   2.32748600000E+01   2.51473700000E+01
   2.71069500000E+01   2.90103000000E+01   3.10094300000E+01   3.47412500000E+01
   3.87127900000E+01   4.24827700000E+01   4.63340300000E+01   4.89842400000E+01
   4.86295600000E+01   5.16508900000E+01   5.47021700000E+01   5.76424000000E+01
   6.05199200000E+01                   5                  -1                   1
                   6                   5                   0                  71
   1.00000000000E+00   1.01981000000E+01   1.05000000000E+01   1.10000000000E+01
   1.15000000000E+01   1.20000000000E+01   1.25000000000E+01   1.30000000000E+01
   1.35000000000E+01   1.40000000000E+01   1.45000000000E+01   1.50000000000E+01
   1.55000000000E+01   1.60000000000E+01   1.65000000000E+01   1.70000000000E+01
   1.75000000000E+01   1.80000000000E+01   1.85000000000E+01   1.90000000000E+01
   1.95000000000E+01   2.00000000000E+01   2.10000000000E+01   2.20000000000E+01
   2.30000000000E+01   2.40000000000E+01   2.50000000000E+01   2.60000000000E+01
   2.70000000000E+01   2.80000000000E+01   2.90000000000E+01   3.00000000000E+01
   3.20000000000E+01   3.40000000000E+01   3.60000000000E+01   3.80000000000E+01
   4.00000000000E+01   4.20000000000E+01   4.40000000000E+01   4.60000000000E+01
   4.80000000000E+01   5.00000000000E+01   5.20000000000E+01   5.40000000000E+01
   5.60000000000E+01   5.80000000000E+01   6.00000000000E+01   6.20000000000E+01
   6.40000000000E+01   6.60000000000E+01   6.80000000000E+01   7.00000000000E+01
   7.20000000000E+01   7.40000000000E+01   7.60000000000E+01   7.80000000000E+01
   8.00000000000E+01   8.50000000000E+01   9.00000000000E+01   9.50000000000E+01
   1.00000000000E+02   1.10000000000E+02   1.20000000000E+02   1.30000000000E+02
   1.40000000000E+02   1.50000000000E+02   1.60000000000E+02   1.70000000000E+02
   1.80000000000E+02   1.90000000000E+02   2.00000000000E+02   0.00000000000E+00
   0.00000000000E+00   9.93127300000E-01   9.96762700000E-01   9.97216500000E-01
   9.96103400000E-01   9.93071400000E-01   9.88262900000E-01   9.83894100000E-01
   9.81674400000E-01   9.81343800000E-01   9.81924900000E-01   9.82767000000E-01
   9.83675400000E-01   9.84428600000E-01   9.85139000000E-01   1.02395700000E+00
   1.16246900000E+00   1.31950300000E+00   1.44430100000E+00   1.56061800000E+00
   1.63084600000E+00   1.71790800000E+00   1.76039300000E+00   1.77759600000E+00
   1.78011800000E+00   1.77580800000E+00   1.76817600000E+00   1.75857900000E+00
   1.74886200000E+00   1.74023400000E+00   1.75812400000E+00   1.88160000000E+00
   2.00988500000E+00   2.08781700000E+00   2.13078500000E+00   2.15838800000E+00
   2.20584700000E+00   2.26786500000E+00   2.33274500000E+00   2.39487300000E+00
   2.45039900000E+00   2.48927800000E+00   2.52976700000E+00   2.56879900000E+00
   2.57129400000E+00   2.61793400000E+00   2.66240800000E+00   2.70590300000E+00
   2.73870900000E+00   2.77715100000E+00   2.82107600000E+00   2.85661800000E+00
   2.88826700000E+00   2.92827500000E+00   2.96923200000E+00   3.00684400000E+00
   3.10153900000E+00   3.19829700000E+00   3.28569000000E+00   3.37677900000E+00
   3.56112800000E+00   3.74824900000E+00   3.92271500000E+00   4.08890600000E+00
   4.50250300000E+00   4.66379900000E+00   4.82666000000E+00   4.98411400000E+00
   5.13720300000E+00   5.27827400000E+00                   0                   1
                   0                   4                  10                   0
                   2   1.00000000000E+00   2.00000000000E+02   1.00000000000E+00
   1.00000000000E+00                   0                  30   1.00000000000E+00
   1.01981000000E+01   1.20000000000E+01   1.40000000000E+01   1.60000000000E+01
   1.80000000000E+01   2.00000000000E+01   2.20000000000E+01   2.40000000000E+01
   2.60000000000E+01   2.80000000000E+01   3.00000000000E+01   3.20000000000E+01
   3.60000000000E+01   4.00000000000E+01   4.40000000000E+01   4.80000000000E+01
   5.00000000000E+01   5.20000000000E+01   5.60000000000E+01   6.00000000000E+01
   7.00000000000E+01   8.00000000000E+01   9.00000000000E+01   1.00000000000E+02
   1.20000000000E+02   1.40000000000E+02   1.60000000000E+02   1.80000000000E+02
   2.00000000000E+02                  72                 101                 130
                 312                 754                1372                2111
                2949                4017                5163                6374
                7637                8952               10306               11738
               13222               14979               16781               18598
               20445               22322               24229               26441
               28704               31271               33876               36797
               40042               43310               46624                   2
                   3   0.00000000000E+00   5.00000000000E-07   1.00000000000E-06
   0.00000000000E+00   2.00000000000E+06   0.00000000000E+00   0.00000000000E+00
   5.00000000000E-01   1.00000000000E+00                   0                   0
                   0                   0                   0                   0
                   0                   0                   0                   0
                   0                   0                   0                   0
                   0                   0                   0                   0
                   2                   3   0.00000000000E+00   5.00000000000E-07
   1.00000000000E-06   0.00000000000E+00   2.00000000000E+06   0.00000000000E+00
   0.00000000000E+00   5.00000000000E-01   1.00000000000E+00                   0
                   0                   0                   0                   0
                   0                   0                   0                   0
                   0                   0                   0                   0
                   0                   0                   0                   0
                   0                   2                  20   0.00000000000E+00
   2.50000000000E-02   1.00000000000E-01   2.00000000000E-01   3.00000000000E-01
   4.00000000000E-01   5.00000000000E-01   6.00000000000E-01   7.00000000000E-01
   8.00000000000E-01   9.00000000000E-01   1.00000000000E+00   1.10000000000E+00
   1.20000000000E+00   1.30000000000E+00   1.40000000000E+00   1.50000000000E+00
   1.60000000000E+00   1.70000000000E+00   1.80000000000E+00   0.00000000000E+00
   3.09870100000E-02   1.23590600000E-01   2.32778500000E-03   5.10798400000E-01
   1.06397700000E+00   4.16853000000E-05   3.15006000000E-05   7.58470000000E-01
   1.18759800000E+00   1.55528200000E+00   2.33301600000E-01   4.03397000000E-06
   2.34113200000E-02   1.11711000000E-06   1.41692400000E+00   1.65637000000E-07
   1.52070400000E+00   1.16006000000E+00   8.86864900000E-01   0.00000000000E+00
   3.87337612000E-04   6.18399779000E-03   1.24799168000E-02   3.81362252000E-02
   1.16874993000E-01   1.70075925000E-01   1.70079584000E-01   2.08004658000E-01
   3.05308055000E-01   4.42452050000E-01   5.31881227000E-01   5.43546508000E-01
   5.44717276000E-01   5.45887898000E-01   6.16734151000E-01   6.87580357000E-01
   7.63615563000E-01   8.97653758000E-01   1.00000000000E+00                   0
                   0                   0                   0                   0
                   0                   0                   0                   0
                   0                   0                   0                   0
                   0                   0                   0                   0
                   0                   0                   0                   0
                   0                   0                   0                   0
                   0                   0                   0                   0
                   0                   0                   0                   0
                   0                   0                   0                   0
                   0                   0                   0                   0
                   0                   0                   0                   0
                   0                   0                   0                   0
                   0                   0                   0                   0
                   0                   0                   0                   0
                   0                   0                   0                   0
                   0                   0                   0                   0
                   0                   0                   0                   0
                   0                   0                   0                   0
                   0                   0                   0                   0
                   0                   0                   0                   0
                   0                   0                   0                   0
                   0                   0                   0                   0
                   0                   0                   0                   0
                   0                   0                   0
