 30070.00u   69.324630  0.0000E+00   05/27/20
Ace Zn70 IAEA-PD                                                         mat3043
      0         0.      0         0.      0         0.      0         0.
      0         0.      0         0.      0         0.      0         0.
      0         0.      0         0.      0         0.      0         0.
      0         0.      0         0.      0         0.      0         0.
   298214    30070       89        1        7        2       12        0
        0        0        0        0        0        0        0        1
        1       90       90        0      179      268      269      270
      271      362      446        0        0        0        0        0
        0        0        0        0        0        0        0        0
        0        0        0        0        0        0        0        0
   9.99999000000E-01   1.00000000000E+00   1.50000000000E+00   2.00000000000E+00
   2.50000000000E+00   3.00000000000E+00   3.50000000000E+00   4.00000000000E+00
   4.50000000000E+00   5.00000000000E+00   5.50000000000E+00   6.00000000000E+00
   6.50000000000E+00   7.00000000000E+00   7.50000000000E+00   8.00000000000E+00
   8.50000000000E+00   9.00000000000E+00   9.50000000000E+00   1.00000000000E+01
   1.05000000000E+01   1.10000000000E+01   1.15000000000E+01   1.20000000000E+01
   1.25000000000E+01   1.30000000000E+01   1.35000000000E+01   1.40000000000E+01
   1.45000000000E+01   1.50000000000E+01   1.55000000000E+01   1.60000000000E+01
   1.65000000000E+01   1.70000000000E+01   1.75000000000E+01   1.80000000000E+01
   1.85000000000E+01   1.90000000000E+01   1.95000000000E+01   2.00000000000E+01
   2.10000000000E+01   2.20000000000E+01   2.30000000000E+01   2.40000000000E+01
   2.50000000000E+01   2.60000000000E+01   2.70000000000E+01   2.80000000000E+01
   2.90000000000E+01   3.00000000000E+01   3.20000000000E+01   3.40000000000E+01
   3.60000000000E+01   3.80000000000E+01   4.00000000000E+01   4.20000000000E+01
   4.40000000000E+01   4.60000000000E+01   4.80000000000E+01   5.00000000000E+01
   5.20000000000E+01   5.40000000000E+01   5.60000000000E+01   5.80000000000E+01
   6.00000000000E+01   6.20000000000E+01   6.40000000000E+01   6.60000000000E+01
   6.80000000000E+01   7.00000000000E+01   7.20000000000E+01   7.40000000000E+01
   7.60000000000E+01   7.80000000000E+01   8.00000000000E+01   8.50000000000E+01
   9.00000000000E+01   9.50000000000E+01   1.00000000000E+02   1.10000000000E+02
   1.20000000000E+02   1.30000000000E+02   1.40000000000E+02   1.50000000000E+02
   1.60000000000E+02   1.70000000000E+02   1.80000000000E+02   1.90000000000E+02
   2.00000000000E+02   0.00000000000E+00   8.88606400000E-06   2.42262100000E-05
   5.10185800000E-05   9.29680600000E-05   1.54433900000E-04   2.40661200000E-04
   3.58094700000E-04   5.14820000000E-04   7.21197000000E-04   9.90771100000E-04
   1.34155500000E-03   1.79776000000E-03   2.39189000000E-03   3.16632600000E-03
   4.17111800000E-03   5.44921600000E-03   6.99765400000E-03   8.72697800000E-03
   1.05265900000E-02   1.24576400000E-02   1.48021400000E-02   1.79096600000E-02
   2.21080200000E-02   2.77181000000E-02   3.50533700000E-02   4.43224700000E-02
   5.54003500000E-02   6.75714800000E-02   7.96448800000E-02   9.07929200000E-02
   1.01445700000E-01   1.13026300000E-01   1.26682700000E-01   1.42098500000E-01
   1.56953100000E-01   1.67447600000E-01   1.70203800000E-01   1.64407200000E-01
   1.52107900000E-01   1.20392500000E-01   9.21926600000E-02   7.13282200000E-02
   5.64971200000E-02   4.58645100000E-02   3.80620400000E-02   3.21857000000E-02
   2.76506800000E-02   2.40747300000E-02   2.12027000000E-02   1.69244600000E-02
   1.39466200000E-02   1.18060800000E-02   1.02344800000E-02   9.06465000000E-03
   8.18609200000E-03   7.52235500000E-03   7.01874500000E-03   6.63522000000E-03
   6.34200300000E-03   6.11672800000E-03   5.94248100000E-03   5.80641000000E-03
   5.69872400000E-03   5.61194500000E-03   5.54036000000E-03   5.47959800000E-03
   5.42632400000E-03   5.37799200000E-03   5.33267100000E-03   5.28890500000E-03
   5.24560500000E-03   5.20196900000E-03   5.15741700000E-03   5.11154600000E-03
   4.98960500000E-03   4.85637600000E-03   4.71259700000E-03   4.56030400000E-03
   4.24138500000E-03   3.92421900000E-03   3.63407400000E-03   3.39503900000E-03
   3.09943400000E-03   2.84442000000E-03   2.62256300000E-03   2.42810700000E-03
   2.25653100000E-03   2.10423000000E-03   0.00000000000E+00   1.00000000000E+00
   1.03376400000E+00   1.06752800000E+00   1.10129300000E+00   1.13505700000E+00
   1.16882200000E+00   1.20258600000E+00   1.23635100000E+00   1.04430100000E+00
   8.13490400000E-01   5.43418400000E-01   5.69021200000E-01   5.73594100000E-01
   5.48317100000E-01   4.83925200000E-01   1.94091200000E+00   3.49153000000E+00
   9.21089200000E+00   9.19039100000E+00   8.90339100000E+00   8.97257800000E+00
   9.06003000000E+00   9.29612700000E+00   9.36262700000E+00   9.39035000000E+00
   9.37039000000E+00   9.31148300000E+00   9.34956900000E+00   9.39610100000E+00
   9.43360500000E+00   9.56185300000E+00   1.03922100000E+01   1.11657600000E+01
   1.17741100000E+01   1.22341500000E+01   1.24945000000E+01   1.25707000000E+01
   1.27585600000E+01   1.29422400000E+01   1.32924500000E+01   1.37093400000E+01
   1.38949400000E+01   1.43122200000E+01   1.46238600000E+01   1.49957400000E+01
   1.53233400000E+01   1.57632100000E+01   1.64377600000E+01   1.71786000000E+01
   1.86269900000E+01   2.00685000000E+01   2.14562700000E+01   2.26979900000E+01
   2.38812000000E+01   2.50746200000E+01   2.62178700000E+01   2.74533400000E+01
   2.86714700000E+01   2.97815900000E+01   3.08489800000E+01   3.19610400000E+01
   3.30661400000E+01   3.41807600000E+01   3.53315700000E+01   3.64742900000E+01
   3.75796000000E+01   3.87000100000E+01   3.98211600000E+01   4.08437300000E+01
   4.19538100000E+01   4.30208000000E+01   4.40570600000E+01   4.50525500000E+01
   4.60988500000E+01   4.87921600000E+01   5.14359000000E+01   5.40531200000E+01
   5.65969600000E+01   6.19264900000E+01   6.71804900000E+01   7.25964300000E+01
   7.77087100000E+01   8.85370700000E+01   9.42450500000E+01   1.00210700000E+02
   1.06173000000E+02   1.12232000000E+02   1.18353200000E+02                   5
   0.00000000000E+00                   1                   1                  89
   0.00000000000E+00   8.88606400000E-06   2.42262100000E-05   5.10185800000E-05
   9.29680600000E-05   1.54433900000E-04   2.40661200000E-04   3.58094700000E-04
   5.14820000000E-04   7.21197000000E-04   9.90771100000E-04   1.34155500000E-03
   1.79776000000E-03   2.39189000000E-03   3.16632600000E-03   4.17111800000E-03
   5.44921600000E-03   6.99765400000E-03   8.72697800000E-03   1.05265900000E-02
   1.24576400000E-02   1.48021400000E-02   1.79096600000E-02   2.21080200000E-02
   2.77181000000E-02   3.50533700000E-02   4.43224700000E-02   5.54003500000E-02
   6.75714800000E-02   7.96448800000E-02   9.07929200000E-02   1.01445700000E-01
   1.13026300000E-01   1.26682700000E-01   1.42098500000E-01   1.56953100000E-01
   1.67447600000E-01   1.70203800000E-01   1.64407200000E-01   1.52107900000E-01
   1.20392500000E-01   9.21926600000E-02   7.13282200000E-02   5.64971200000E-02
   4.58645100000E-02   3.80620400000E-02   3.21857000000E-02   2.76506800000E-02
   2.40747300000E-02   2.12027000000E-02   1.69244600000E-02   1.39466200000E-02
   1.18060800000E-02   1.02344800000E-02   9.06465000000E-03   8.18609200000E-03
   7.52235500000E-03   7.01874500000E-03   6.63522000000E-03   6.34200300000E-03
   6.11672800000E-03   5.94248100000E-03   5.80641000000E-03   5.69872400000E-03
   5.61194500000E-03   5.54036000000E-03   5.47959800000E-03   5.42632400000E-03
   5.37799200000E-03   5.33267100000E-03   5.28890500000E-03   5.24560500000E-03
   5.20196900000E-03   5.15741700000E-03   5.11154600000E-03   4.98960500000E-03
   4.85637600000E-03   4.71259700000E-03   4.56030400000E-03   4.24138500000E-03
   3.92421900000E-03   3.63407400000E-03   3.39503900000E-03   3.09943400000E-03
   2.84442000000E-03   2.62256300000E-03   2.42810700000E-03   2.25653100000E-03
   2.10423000000E-03                   1                   1                 446
                 520                 594                 595                 596
                 597                 747                 748                 748
                 749                   2                   1               51636
               51727               51818               51819               51820
               51821               51989               51990               51990
               51991                   9                   1               65510
               65580               65650               65651               65652
               65653               65795               65796               65796
               65797                  31                   1              115352
              115410              115468              115469              115470
              115471              115589              115590              115590
              115591                  32                   1              157435
              157493              157551              157552              157553
              157554              157672              157673              157673
              157674                  33                   1              200257
              200309              200361              200362              200363
              200364              200468              200469              200469
              200470                  34                   1              238642
              238722              238802              238803              238804
              238805              238967              238968              238968
              238969                  18                  72   0.00000000000E+00
   8.67363400000E-03   1.04764900000E-02   1.24296600000E-02   1.47805900000E-02
   1.78884500000E-02   2.20806600000E-02   2.76783100000E-02   3.49916400000E-02
   4.42245300000E-02   5.52546500000E-02   6.74130100000E-02   7.94737800000E-02
   9.06247700000E-02   1.04852400000E-01   1.32285900000E-01   1.62963900000E-01
   1.95840900000E-01   2.26461200000E-01   2.47850100000E-01   2.53313500000E-01
   2.48234600000E-01   2.33191100000E-01   1.89963600000E-01   1.48547200000E-01
   1.16575000000E-01   9.31295100000E-02   7.60204700000E-02   6.32645500000E-02
   5.36411100000E-02   4.64771400000E-02   4.11290000000E-02   3.69834000000E-02
   3.06862100000E-02   2.62241600000E-02   2.29121300000E-02   2.03748500000E-02
   1.84996400000E-02   1.71517000000E-02   1.61783900000E-02   1.54610700000E-02
   1.49530600000E-02   1.46029500000E-02   1.43480300000E-02   1.42275800000E-02
   1.41459400000E-02   1.41815300000E-02   1.42011100000E-02   1.42668500000E-02
   1.43618400000E-02   1.44563900000E-02   1.45373800000E-02   1.46758800000E-02
   1.47713100000E-02   1.48458700000E-02   1.49515200000E-02   1.50530000000E-02
   1.51166200000E-02   1.52680500000E-02   1.53603600000E-02   1.53370000000E-02
   1.52763500000E-02   1.50060400000E-02   1.45774800000E-02   1.41351500000E-02
   1.38218200000E-02   1.31340700000E-02   1.37317400000E-02   1.31166500000E-02
   1.25457800000E-02   1.20089100000E-02   1.15148600000E-02                  18
                  72   0.00000000000E+00   2.62150000000E-01   7.28285600000E-01
   8.66468900000E-01   1.00360700000E+00   1.14036900000E+00   1.27679000000E+00
   1.36504200000E+00   1.45307300000E+00   1.54085700000E+00   1.62860700000E+00
   1.65673400000E+00   1.68472900000E+00   1.71290600000E+00   1.80237200000E+00
   2.08002500000E+00   2.32911300000E+00   2.54135100000E+00   2.70873500000E+00
   2.95544500000E+00   3.14932200000E+00   3.37521200000E+00   3.61003200000E+00
   4.08153600000E+00   4.54167800000E+00   4.97916700000E+00   5.39760800000E+00
   5.82179200000E+00   6.23356500000E+00   6.59182200000E+00   6.99261700000E+00
   7.34423500000E+00   7.74062800000E+00   8.58557600000E+00   9.39279900000E+00
   1.01991600000E+01   1.09801400000E+01   1.17868900000E+01   1.25725100000E+01
   1.33895400000E+01   1.42042400000E+01   1.50331100000E+01   1.58879300000E+01
   1.67516200000E+01   1.76296200000E+01   1.84801200000E+01   1.93853000000E+01
   2.02294200000E+01   2.11019200000E+01   2.20034500000E+01   2.28998800000E+01
   2.37770800000E+01   2.47593700000E+01   2.56575500000E+01   2.65379600000E+01
   2.74974400000E+01   2.84780900000E+01   2.94173300000E+01   3.16756700000E+01
   3.40205700000E+01   3.63455300000E+01   3.87903700000E+01   4.34395300000E+01
   4.82033800000E+01   5.27744900000E+01   5.76474400000E+01   5.67454900000E+01
   6.09350700000E+01   6.48866300000E+01   6.88481600000E+01   7.26909700000E+01
   7.65736500000E+01                   5                  -1                   1
                   6                   5                   0                  73
   1.00000000000E+00   9.21820700000E+00   9.50000000000E+00   1.00000000000E+01
   1.05000000000E+01   1.10000000000E+01   1.15000000000E+01   1.20000000000E+01
   1.25000000000E+01   1.30000000000E+01   1.35000000000E+01   1.40000000000E+01
   1.45000000000E+01   1.50000000000E+01   1.55000000000E+01   1.60000000000E+01
   1.65000000000E+01   1.70000000000E+01   1.75000000000E+01   1.80000000000E+01
   1.85000000000E+01   1.90000000000E+01   1.95000000000E+01   2.00000000000E+01
   2.10000000000E+01   2.20000000000E+01   2.30000000000E+01   2.40000000000E+01
   2.50000000000E+01   2.60000000000E+01   2.70000000000E+01   2.80000000000E+01
   2.90000000000E+01   3.00000000000E+01   3.20000000000E+01   3.40000000000E+01
   3.60000000000E+01   3.80000000000E+01   4.00000000000E+01   4.20000000000E+01
   4.40000000000E+01   4.60000000000E+01   4.80000000000E+01   5.00000000000E+01
   5.20000000000E+01   5.40000000000E+01   5.60000000000E+01   5.80000000000E+01
   6.00000000000E+01   6.20000000000E+01   6.40000000000E+01   6.60000000000E+01
   6.80000000000E+01   7.00000000000E+01   7.20000000000E+01   7.40000000000E+01
   7.60000000000E+01   7.80000000000E+01   8.00000000000E+01   8.50000000000E+01
   9.00000000000E+01   9.50000000000E+01   1.00000000000E+02   1.10000000000E+02
   1.20000000000E+02   1.30000000000E+02   1.40000000000E+02   1.50000000000E+02
   1.60000000000E+02   1.70000000000E+02   1.80000000000E+02   1.90000000000E+02
   2.00000000000E+02   0.00000000000E+00   0.00000000000E+00   9.93887500000E-01
   9.95240600000E-01   9.97754000000E-01   9.98544100000E-01   9.98815700000E-01
   9.98762400000E-01   9.98564500000E-01   9.98239000000E-01   9.97790300000E-01
   9.97370100000E-01   9.97654800000E-01   9.97851700000E-01   9.98148000000E-01
   1.03358200000E+00   1.17039900000E+00   1.28639400000E+00   1.37820500000E+00
   1.44285900000E+00   1.48016500000E+00   1.48829500000E+00   1.50987700000E+00
   1.53306400000E+00   1.57786900000E+00   1.61126900000E+00   1.63434600000E+00
   1.64839400000E+00   1.65750100000E+00   1.66214300000E+00   1.66661300000E+00
   1.68086800000E+00   1.70838900000E+00   1.74427800000E+00   1.81312800000E+00
   1.88032400000E+00   1.94070600000E+00   1.99080500000E+00   2.04085500000E+00
   2.09522400000E+00   2.15070800000E+00   2.20282500000E+00   2.25358900000E+00
   2.30257700000E+00   2.34570300000E+00   2.39421500000E+00   2.43626300000E+00
   2.48854500000E+00   2.53051500000E+00   2.57507600000E+00   2.62096600000E+00
   2.66412200000E+00   2.70312400000E+00   2.75206900000E+00   2.79288600000E+00
   2.83015400000E+00   2.87420400000E+00   2.91870900000E+00   2.95734800000E+00
   3.05997200000E+00   3.16292600000E+00   3.25446900000E+00   3.34985300000E+00
   3.53800500000E+00   3.71474700000E+00   3.88961500000E+00   4.07118200000E+00
   4.23757000000E+00   4.82760600000E+00   5.00146200000E+00   5.16689800000E+00
   5.32184600000E+00   5.47224400000E+00                   0                   1
                   0                   4                  10                   0
                   2   1.00000000000E+00   2.00000000000E+02   1.00000000000E+00
   1.00000000000E+00                   0                  31   1.00000000000E+00
   9.21820700000E+00   1.00000000000E+01   1.20000000000E+01   1.40000000000E+01
   1.60000000000E+01   1.80000000000E+01   2.00000000000E+01   2.20000000000E+01
   2.40000000000E+01   2.60000000000E+01   2.80000000000E+01   3.00000000000E+01
   3.20000000000E+01   3.60000000000E+01   4.00000000000E+01   4.40000000000E+01
   4.80000000000E+01   5.00000000000E+01   5.20000000000E+01   5.60000000000E+01
   6.00000000000E+01   7.00000000000E+01   8.00000000000E+01   9.00000000000E+01
   1.00000000000E+02   1.20000000000E+02   1.40000000000E+02   1.60000000000E+02
   1.80000000000E+02   2.00000000000E+02                  74                  85
                  96                 128                 220                 372
                1100                1927                2842                3823
                5047                6336                7677                9057
               10476               11960               13717               15534
               17381               19243               21120               23027
               24964               27210               29507               32112
               34736               37678               40946               44237
               47551                   2                   3   0.00000000000E+00
   5.00000000000E-07   1.00000000000E-06   0.00000000000E+00   2.00000000000E+06
   0.00000000000E+00   0.00000000000E+00   5.00000000000E-01   1.00000000000E+00
                   2                   3   0.00000000000E+00   5.00000000000E-07
   1.00000000000E-06   0.00000000000E+00   2.00000000000E+06   0.00000000000E+00
   0.00000000000E+00   5.00000000000E-01   1.00000000000E+00                   2
                  10   0.00000000000E+00   2.50000000000E-02   1.00000000000E-01
   2.00000000000E-01   3.00000000000E-01   4.00000000000E-01   5.00000000000E-01
   6.00000000000E-01   7.00000000000E-01   8.00000000000E-01   0.00000000000E+00
   1.78965000000E-05   7.13365000000E-05   5.05833000000E-05   1.36445100000E+00
   1.68277000000E-05   7.41815000000E-06   1.99895000000E-06   2.31897000000E-07
   1.72708000000E+01   0.00000000000E+00   2.23706263000E-07   3.56994395000E-06
   9.66593430000E-06   6.82347490000E-02   1.36458144000E-01   1.36459357000E-01
   1.36459827000E-01   1.36459939000E-01   1.00000000000E+00                   2
                  30   0.00000000000E+00   2.50000000000E-02   1.00000000000E-01
   2.00000000000E-01   3.00000000000E-01   4.00000000000E-01   5.00000000000E-01
   6.00000000000E-01   7.00000000000E-01   8.00000000000E-01   9.00000000000E-01
   1.00000000000E+00   1.10000000000E+00   1.20000000000E+00   1.30000000000E+00
   1.40000000000E+00   1.50000000000E+00   1.60000000000E+00   1.70000000000E+00
   1.80000000000E+00   1.90000000000E+00   2.00000000000E+00   2.10000000000E+00
   2.20000000000E+00   2.30000000000E+00   2.40000000000E+00   2.50000000000E+00
   2.60000000000E+00   2.70000000000E+00   2.80000000000E+00   0.00000000000E+00
   3.28165200000E-02   1.31132900000E-01   1.85074400000E-01   2.26365400000E-01
   2.57914300000E-01   1.40256700000E-01   1.78467700000E-01   4.59170300000E-01
   9.67591100000E-01   4.40598600000E-01   9.86006800000E-01   4.93619400000E-01
   3.55412900000E-01   2.38472000000E-01   1.23680000000E+00   5.25006700000E-01
   7.72853500000E-01   4.85326000000E-06   8.47357900000E-01   8.87616900000E-01
   1.29616000000E-06   7.86532000000E-07   4.57223000000E-07   4.30073800000E-01
   1.23023000000E-07   4.99483000000E-08   1.42732000000E-08   1.72189000000E-09
   4.80368500000E-01   0.00000000000E+00   4.10206509000E-04   6.55830989000E-03
   2.23686752000E-02   4.29406657000E-02   6.71546512000E-02   8.70632017000E-02
   1.02999422000E-01   1.34881323000E-01   2.06219394000E-01   2.76628881000E-01
   3.47959152000E-01   4.21940464000E-01   4.64392080000E-01   4.94086326000E-01
   5.67849927000E-01   6.55940264000E-01   7.20833276000E-01   7.59476194000E-01
   8.01844333000E-01   8.88593075000E-01   9.32973985000E-01   9.32974090000E-01
   9.32974152000E-01   9.54477865000E-01   9.75981562000E-01   9.75981570000E-01
   9.75981574000E-01   9.75981574000E-01   1.00000000000E+00                   2
                  50   0.00000000000E+00   2.50000000000E-02   1.00000000000E-01
   2.00000000000E-01   3.00000000000E-01   4.00000000000E-01   5.00000000000E-01
   6.00000000000E-01   7.00000000000E-01   8.00000000000E-01   9.00000000000E-01
   1.00000000000E+00   1.10000000000E+00   1.20000000000E+00   1.30000000000E+00
   1.40000000000E+00   1.50000000000E+00   1.60000000000E+00   1.70000000000E+00
   1.80000000000E+00   1.90000000000E+00   2.00000000000E+00   2.10000000000E+00
   2.20000000000E+00   2.30000000000E+00   2.40000000000E+00   2.50000000000E+00
   2.60000000000E+00   2.70000000000E+00   2.80000000000E+00   2.90000000000E+00
   3.00000000000E+00   3.10000000000E+00   3.20000000000E+00   3.30000000000E+00
   3.40000000000E+00   3.50000000000E+00   3.60000000000E+00   3.70000000000E+00
   3.80000000000E+00   3.90000000000E+00   4.00000000000E+00   4.10000000000E+00
   4.20000000000E+00   4.30000000000E+00   4.40000000000E+00   4.50000000000E+00
   4.60000000000E+00   4.70000000000E+00   4.80000000000E+00   0.00000000000E+00
   4.85434200000E-02   1.93719200000E-01   2.73856000000E-01   3.35449000000E-01
   3.82673500000E-01   4.16307400000E-01   4.37229900000E-01   4.46876800000E-01
   4.47034300000E-01   4.39593900000E-01   4.26372700000E-01   4.09018900000E-01
   3.88897300000E-01   3.67122100000E-01   3.44564100000E-01   3.21880600000E-01
   2.99560300000E-01   2.77939400000E-01   2.57245000000E-01   2.37617600000E-01
   2.19133000000E-01   2.01817000000E-01   1.85661300000E-01   1.70634100000E-01
   1.56687900000E-01   7.18936200000E-02   6.86150600000E-02   1.94302400000E-01
   2.53747200000E-01   1.46070300000E-01   2.38234700000E-01   1.50706700000E-01
   6.61605700000E-02   6.12475100000E-02   2.47801800000E-01   9.72411200000E-02
   2.22414800000E-01   7.42434000000E-07   1.98361800000E-01   2.02297100000E-01
   2.17598000000E-07   1.33384000000E-07   7.76002000000E-08   1.08483200000E-01
   2.02937000000E-08   8.03714000000E-09   2.23020000000E-09   2.60469000000E-10
   7.09453900000E-02   0.00000000000E+00   6.06792757000E-04   9.69164111000E-03
   3.30704014000E-02   6.35356517000E-02   9.94417771000E-02   1.39390823000E-01
   1.82067688000E-01   2.26273024000E-01   2.70968579000E-01   3.15299990000E-01
   3.58598320000E-01   4.00367901000E-01   4.40263711000E-01   4.78064681000E-01
   5.13648992000E-01   5.46971227000E-01   5.78043273000E-01   6.06918258000E-01
   6.33677478000E-01   6.58420608000E-01   6.81258139000E-01   7.02305639000E-01
   7.21679554000E-01   7.39494324000E-01   7.55860425000E-01   7.67289501000E-01
   7.74314935000E-01   7.87460808000E-01   8.09863288000E-01   8.29854163000E-01
   8.49069414000E-01   8.68516484000E-01   8.79359847000E-01   8.85730252000E-01
   9.01182717000E-01   9.18434863000E-01   9.34417660000E-01   9.45538437000E-01
   9.55456564000E-01   9.75489509000E-01   9.85604375000E-01   9.85604393000E-01
   9.85604403000E-01   9.91028567000E-01   9.96452728000E-01   9.96452730000E-01
   9.96452730000E-01   9.96452730000E-01   1.00000000000E+00                   2
                  66   0.00000000000E+00   2.66666700000E-02   1.06666700000E-01
   2.13333300000E-01   3.20000000000E-01   4.26666700000E-01   5.33333300000E-01
   6.40000000000E-01   7.46666700000E-01   8.53333300000E-01   9.60000000000E-01
   1.06666700000E+00   1.17333300000E+00   1.28000000000E+00   1.38666700000E+00
   1.49333300000E+00   1.60000000000E+00   1.70666700000E+00   1.81333300000E+00
   1.92000000000E+00   2.02666700000E+00   2.13333300000E+00   2.24000000000E+00
   2.34666700000E+00   2.45333300000E+00   2.56000000000E+00   2.66666700000E+00
   2.77333300000E+00   2.88000000000E+00   2.98666700000E+00   3.09333300000E+00
   3.20000000000E+00   3.30666700000E+00   3.41333300000E+00   3.52000000000E+00
   3.62666700000E+00   3.73333300000E+00   3.84000000000E+00   3.94666700000E+00
   4.05333300000E+00   4.16000000000E+00   4.26666700000E+00   4.37333300000E+00
   4.48000000000E+00   4.58666700000E+00   4.69333300000E+00   4.80000000000E+00
   4.90666700000E+00   5.01333300000E+00   5.12000000000E+00   5.22666700000E+00
   5.33333300000E+00   5.44000000000E+00   5.54666700000E+00   5.65333300000E+00
   5.76000000000E+00   5.86666700000E+00   5.97333300000E+00   6.08000000000E+00
   6.18666700000E+00   6.29333300000E+00   6.40000000000E+00   6.50666700000E+00
   6.61333300000E+00   6.72000000000E+00   6.82666700000E+00   0.00000000000E+00
   8.45110100000E-02   3.37899100000E-01   3.60480700000E-01   2.80067400000E-01
   3.24217200000E-01   3.56787100000E-01   3.77883500000E-01   3.88162400000E-01
   3.90245400000E-01   3.85831300000E-01   3.76545400000E-01   3.63808200000E-01
   3.48790300000E-01   3.32434300000E-01   3.15453700000E-01   2.98387200000E-01
   2.81615100000E-01   2.65397100000E-01   2.49899400000E-01   2.35216500000E-01
   2.21389100000E-01   2.08419000000E-01   1.96280700000E-01   1.84930900000E-01
   1.74314800000E-01   1.64371900000E-01   1.55039700000E-01   1.46256400000E-01
   1.37963300000E-01   1.30105200000E-01   1.22631800000E-01   1.15497300000E-01
   1.08661100000E-01   1.02087000000E-01   9.57425800000E-02   8.95995300000E-02
   8.36321400000E-02   7.78175200000E-02   7.21347400000E-02   6.65645000000E-02
   6.10887800000E-02   5.56904200000E-02   4.26406500000E-02   2.34396100000E-02
   3.79097200000E-02   4.92605000000E-02   3.70962700000E-02   2.16752500000E-02
   2.47362700000E-02   1.08645800000E-02   1.83169400000E-02   5.06377400000E-03
   1.20466800000E-02   1.25573800000E-02   6.28842900000E-03   1.66415600000E-02
   6.31305500000E-03   6.81508000000E-09   3.84495000000E-09   8.61744000000E-03
   9.52928000000E-10   3.68280000000E-10   9.98677000000E-11   1.14149000000E-11
   4.34827100000E-03   0.00000000000E+00   1.12681360000E-03   1.80232243000E-02
   5.52701236000E-02   8.94326995000E-02   1.21661221000E-01   1.57981428000E-01
   1.97163872000E-01   2.38019666000E-01   2.79534723000E-01   3.20925493000E-01
   3.61585710000E-01   4.01070989000E-01   4.39076361000E-01   4.75408453000E-01
   5.09962264000E-01   5.42700547000E-01   5.73634100000E-01   6.02807901000E-01
   6.30290467000E-01   6.56163396000E-01   6.80515542000E-01   7.03438712000E-01
   7.25022764000E-01   7.45353922000E-01   7.64513752000E-01   7.82577099000E-01
   7.99612278000E-01   8.15681454000E-01   8.30839885000E-01   8.45136782000E-01
   8.58616131000E-01   8.71316389000E-01   8.83271429000E-01   8.94511363000E-01
   9.05062307000E-01   9.14947158000E-01   9.24186209000E-01   9.32796884000E-01
   9.40794288000E-01   9.48191604000E-01   9.54999800000E-01   9.61227985000E-01
   9.66472325000E-01   9.69996617000E-01   9.73268561000E-01   9.77917654000E-01
   9.82523363000E-01   9.85657824000E-01   9.88133113000E-01   9.90031831000E-01
   9.91588169000E-01   9.92835144000E-01   9.93747704000E-01   9.95059913000E-01
   9.96065026000E-01   9.97287962000E-01   9.98512201000E-01   9.98848898000E-01
   9.98848899000E-01   9.99308493000E-01   9.99768091000E-01   9.99768091000E-01
   9.99768091000E-01   9.99768091000E-01   1.00000000000E+00                   0
                   0                   0                   0                   0
                   0                   0                   0                   0
                   0                   0                   0                   0
                   0                   0                   0                   0
                   0                   0                   0                   0
                   0                   0                   0                   0
                   0                   0                   0                   0
                   0                   0                   0                   0
                   0                   0                   0                   0
                   0                   0                   0                   0
                   0                   0                   0                   0
                   0                   0                   0                   0
                   0                   0                   0                   0
                   0                   0                   0                   0
                   0                   0                   0                   0
                   0                   0                   0                   0
                   0                   0                   0                   0
                   0                   0                   0                   0
                   0                   0                   0                   0
                   0                   0                   0                   0
                   0                   0                   0                   0
                   0                   0                   0                   0
                   0                   0                   0                   0
                   0                   0                   0                   0
                   0                   0                   0                   0
                   0                   0                   0                   0
                   0                   0                   0                   0
                   0                   0                   0                   0
                   0                   0                   0                   0
                   0                   0                   0                   0
                   0                   0                   0                   0
                   0                   0                   0
