 40092.00u   91.115530  0.0000E+00   05/27/20
Ace Zr92 IAEA-PD                                                         mat4031
      0         0.      0         0.      0         0.      0         0.
      0         0.      0         0.      0         0.      0         0.
      0         0.      0         0.      0         0.      0         0.
      0         0.      0         0.      0         0.      0         0.
   316913    40092       89        1        7        2       12        0
        0        0        0        0        0        0        0        1
        1       90       90        0      179      268      269      270
      271      362      446        0        0        0        0        0
        0        0        0        0        0        0        0        0
        0        0        0        0        0        0        0        0
   9.99999000000E-01   1.00000000000E+00   1.50000000000E+00   2.00000000000E+00
   2.50000000000E+00   3.00000000000E+00   3.50000000000E+00   4.00000000000E+00
   4.50000000000E+00   5.00000000000E+00   5.50000000000E+00   6.00000000000E+00
   6.50000000000E+00   7.00000000000E+00   7.50000000000E+00   8.00000000000E+00
   8.50000000000E+00   9.00000000000E+00   9.50000000000E+00   1.00000000000E+01
   1.05000000000E+01   1.10000000000E+01   1.15000000000E+01   1.20000000000E+01
   1.25000000000E+01   1.30000000000E+01   1.35000000000E+01   1.40000000000E+01
   1.45000000000E+01   1.50000000000E+01   1.55000000000E+01   1.60000000000E+01
   1.65000000000E+01   1.70000000000E+01   1.75000000000E+01   1.80000000000E+01
   1.85000000000E+01   1.90000000000E+01   1.95000000000E+01   2.00000000000E+01
   2.10000000000E+01   2.20000000000E+01   2.30000000000E+01   2.40000000000E+01
   2.50000000000E+01   2.60000000000E+01   2.70000000000E+01   2.80000000000E+01
   2.90000000000E+01   3.00000000000E+01   3.20000000000E+01   3.40000000000E+01
   3.60000000000E+01   3.80000000000E+01   4.00000000000E+01   4.20000000000E+01
   4.40000000000E+01   4.60000000000E+01   4.80000000000E+01   5.00000000000E+01
   5.20000000000E+01   5.40000000000E+01   5.60000000000E+01   5.80000000000E+01
   6.00000000000E+01   6.20000000000E+01   6.40000000000E+01   6.60000000000E+01
   6.80000000000E+01   7.00000000000E+01   7.20000000000E+01   7.40000000000E+01
   7.60000000000E+01   7.80000000000E+01   8.00000000000E+01   8.50000000000E+01
   9.00000000000E+01   9.50000000000E+01   1.00000000000E+02   1.10000000000E+02
   1.20000000000E+02   1.30000000000E+02   1.40000000000E+02   1.50000000000E+02
   1.60000000000E+02   1.70000000000E+02   1.80000000000E+02   1.90000000000E+02
   2.00000000000E+02   0.00000000000E+00   2.46937800000E-05   6.07740600000E-05
   1.18639600000E-04   2.04417100000E-04   3.26144800000E-04   4.94544000000E-04
   7.24175900000E-04   1.03518200000E-03   1.45588000000E-03   2.02644800000E-03
   2.80344200000E-03   3.86283700000E-03   5.29266800000E-03   7.15103300000E-03
   9.35431100000E-03   1.15443200000E-02   1.32287900000E-02   1.43106000000E-02
   1.52660800000E-02   1.67091800000E-02   1.90982400000E-02   2.27905400000E-02
   2.81787000000E-02   3.57882100000E-02   4.63342400000E-02   6.07299000000E-02
   7.99448600000E-02   1.04399400000E-01   1.32467500000E-01   1.58610300000E-01
   1.74245900000E-01   1.73870700000E-01   1.60076200000E-01   1.40200200000E-01
   1.20355500000E-01   1.03503700000E-01   9.02686300000E-02   7.98318300000E-02
   7.06824000000E-02   5.38469500000E-02   4.13742300000E-02   3.30379200000E-02
   2.72968400000E-02   2.31529000000E-02   2.00438000000E-02   1.76407000000E-02
   1.57404400000E-02   1.42111500000E-02   1.29636800000E-02   1.10816400000E-02
   9.77036800000E-03   8.84449000000E-03   8.18835900000E-03   7.72500600000E-03
   7.40083100000E-03   7.17740300000E-03   7.02667300000E-03   6.92796200000E-03
   6.86594000000E-03   6.82921100000E-03   6.80930000000E-03   6.79991100000E-03
   6.79637800000E-03   6.79526100000E-03   6.79404400000E-03   6.79090700000E-03
   6.78455900000E-03   6.77410700000E-03   6.75896700000E-03   6.73878200000E-03
   6.71337400000E-03   6.68269800000E-03   6.64681300000E-03   6.60585300000E-03
   6.48262500000E-03   6.33300400000E-03   6.16182200000E-03   5.97422800000E-03
   5.57045200000E-03   5.16157200000E-03   4.78440700000E-03   4.47247000000E-03
   4.08467000000E-03   3.74964800000E-03   3.45789000000E-03   3.20197900000E-03
   2.97605200000E-03   2.77542300000E-03   0.00000000000E+00   1.00000000000E+00
   9.28035300000E-01   8.56071400000E-01   7.84107600000E-01   7.12143700000E-01
   6.40179800000E-01   5.68215900000E-01   6.06110800000E-01   6.32393000000E-01
   6.56051600000E-01   6.79487200000E-01   7.03987500000E-01   7.15746000000E-01
   6.95918300000E-01   6.13343400000E-01   1.70727200000E+00   8.39610900000E+00
   8.89469400000E+00   8.72264100000E+00   8.79803700000E+00   8.93287900000E+00
   8.86562600000E+00   8.72099700000E+00   8.75974800000E+00   8.77697400000E+00
   8.73865300000E+00   8.64906200000E+00   8.69299900000E+00   8.70890700000E+00
   8.70537900000E+00   8.74506800000E+00   9.96793800000E+00   1.11601900000E+01
   1.21175700000E+01   1.28935900000E+01   1.34365800000E+01   1.38122700000E+01
   1.40890300000E+01   1.43804300000E+01   1.47498400000E+01   1.51430100000E+01
   1.53092300000E+01   1.55466300000E+01   1.57921900000E+01   1.60183200000E+01
   1.62859000000E+01   1.65833300000E+01   1.72983500000E+01   1.82356600000E+01
   2.08372600000E+01   2.26881100000E+01   2.42890100000E+01   2.52488900000E+01
   2.61782100000E+01   2.74497300000E+01   2.86635700000E+01   3.00949000000E+01
   3.15196200000E+01   3.27925600000E+01   3.38313000000E+01   3.50257800000E+01
   3.62388000000E+01   3.75649600000E+01   3.89166300000E+01   4.02375700000E+01
   4.15630600000E+01   4.28172600000E+01   4.40359600000E+01   4.52815700000E+01
   4.65238300000E+01   4.77586500000E+01   4.89839700000E+01   5.01941400000E+01
   5.14176600000E+01   5.45224400000E+01   5.75511000000E+01   6.06822100000E+01
   6.37180500000E+01   6.99557500000E+01   7.59893100000E+01   8.21998800000E+01
   8.82523600000E+01   9.45008500000E+01   1.00785800000E+02   1.11185900000E+02
   1.18671100000E+02   1.25530500000E+02   1.32393900000E+02                   5
   0.00000000000E+00                   1                   1                  89
   0.00000000000E+00   2.46937800000E-05   6.07740600000E-05   1.18639600000E-04
   2.04417100000E-04   3.26144800000E-04   4.94544000000E-04   7.24175900000E-04
   1.03518200000E-03   1.45588000000E-03   2.02644800000E-03   2.80344200000E-03
   3.86283700000E-03   5.29266800000E-03   7.15103300000E-03   9.35431100000E-03
   1.15443200000E-02   1.32287900000E-02   1.43106000000E-02   1.52660800000E-02
   1.67091800000E-02   1.90982400000E-02   2.27905400000E-02   2.81787000000E-02
   3.57882100000E-02   4.63342400000E-02   6.07299000000E-02   7.99448600000E-02
   1.04399400000E-01   1.32467500000E-01   1.58610300000E-01   1.74245900000E-01
   1.73870700000E-01   1.60076200000E-01   1.40200200000E-01   1.20355500000E-01
   1.03503700000E-01   9.02686300000E-02   7.98318300000E-02   7.06824000000E-02
   5.38469500000E-02   4.13742300000E-02   3.30379200000E-02   2.72968400000E-02
   2.31529000000E-02   2.00438000000E-02   1.76407000000E-02   1.57404400000E-02
   1.42111500000E-02   1.29636800000E-02   1.10816400000E-02   9.77036800000E-03
   8.84449000000E-03   8.18835900000E-03   7.72500600000E-03   7.40083100000E-03
   7.17740300000E-03   7.02667300000E-03   6.92796200000E-03   6.86594000000E-03
   6.82921100000E-03   6.80930000000E-03   6.79991100000E-03   6.79637800000E-03
   6.79526100000E-03   6.79404400000E-03   6.79090700000E-03   6.78455900000E-03
   6.77410700000E-03   6.75896700000E-03   6.73878200000E-03   6.71337400000E-03
   6.68269800000E-03   6.64681300000E-03   6.60585300000E-03   6.48262500000E-03
   6.33300400000E-03   6.16182200000E-03   5.97422800000E-03   5.57045200000E-03
   5.16157200000E-03   4.78440700000E-03   4.47247000000E-03   4.08467000000E-03
   3.74964800000E-03   3.45789000000E-03   3.20197900000E-03   2.97605200000E-03
   2.77542300000E-03                   1                   1                 446
                 521                 596                 597                 598
                 599                 751                 752                 752
                 753                   2                   1               53482
               53573               53664               53665               53666
               53667               53837               53838               53838
               53839                   9                   1               67503
               67577               67651               67652               67653
               67654               67802               67803               67803
               67804                  31                   1              119833
              119895              119957              119958              119959
              119960              120086              120087              120087
              120088                  32                   1              164662
              164723              164784              164785              164786
              164787              164911              164912              164912
              164913                  33                   1              209256
              209313              209370              209371              209372
              209373              209491              209492              209492
              209493                  34                   1              251657
              251744              251831              251832              251833
              251834              252006              252007              252007
              252008                  17                  73   0.00000000000E+00
   1.23450900000E-02   1.40423000000E-02   1.51297400000E-02   1.65980100000E-02
   1.90073300000E-02   2.27181800000E-02   2.80988800000E-02   3.56621900000E-02
   4.61358500000E-02   6.04376700000E-02   7.95507400000E-02   1.03909300000E-01
   1.31893700000E-01   1.57972400000E-01   1.75687300000E-01   2.07911500000E-01
   2.20114100000E-01   2.10011300000E-01   1.90242900000E-01   1.69488600000E-01
   1.52004700000E-01   1.37287400000E-01   1.23485200000E-01   9.61095400000E-02
   7.46748600000E-02   5.98806400000E-02   4.95608800000E-02   4.20356400000E-02
   3.63595900000E-02   3.19349200000E-02   2.84102200000E-02   2.57229800000E-02
   2.40412000000E-02   2.24272800000E-02   2.11152400000E-02   1.97597200000E-02
   1.86094000000E-02   1.77773900000E-02   1.74073000000E-02   1.73666300000E-02
   1.74774700000E-02   1.76802800000E-02   1.78717300000E-02   1.78843700000E-02
   1.80609800000E-02   1.83356600000E-02   1.86408900000E-02   1.89525700000E-02
   1.92851900000E-02   1.95802200000E-02   1.98554900000E-02   2.01386000000E-02
   2.03432100000E-02   2.05525500000E-02   2.07280900000E-02   2.09232500000E-02
   2.10846500000E-02   2.12108300000E-02   2.14507900000E-02   2.16123900000E-02
   2.16334000000E-02   2.15681500000E-02   2.11481000000E-02   2.05975000000E-02
   1.99897700000E-02   1.95542800000E-02   1.86221700000E-02   1.77581400000E-02
   1.69850100000E-02   1.72398800000E-02   1.65621400000E-02   1.59273600000E-02
                  17                  73   0.00000000000E+00   2.03109500000E-01
   5.05949500000E-01   8.06318200000E-01   8.72830200000E-01   9.39275700000E-01
   1.00565700000E+00   1.07091000000E+00   1.18788700000E+00   1.30460700000E+00
   1.42147500000E+00   1.53885700000E+00   1.55415900000E+00   1.56966900000E+00
   1.58510500000E+00   1.61980300000E+00   1.91748400000E+00   2.20087100000E+00
   2.39309500000E+00   2.52057100000E+00   2.71690200000E+00   2.90258500000E+00
   3.07528500000E+00   3.23693400000E+00   3.47666300000E+00   3.68717100000E+00
   3.90335700000E+00   4.11110100000E+00   4.32061300000E+00   4.52636800000E+00
   4.75826600000E+00   4.98456300000E+00   5.18456700000E+00   5.50226000000E+00
   6.21437000000E+00   6.97008400000E+00   7.55076100000E+00   8.16415900000E+00
   8.75618300000E+00   9.33030500000E+00   9.99005800000E+00   1.06452300000E+01
   1.13077200000E+01   1.19637800000E+01   1.28015500000E+01   1.34478000000E+01
   1.41612100000E+01   1.48786700000E+01   1.56121800000E+01   1.63450200000E+01
   1.70659100000E+01   1.77921500000E+01   1.85512600000E+01   1.92652200000E+01
   1.99894300000E+01   2.07099200000E+01   2.14809600000E+01   2.22499500000E+01
   2.30142500000E+01   2.48616100000E+01   2.68211400000E+01   2.86949200000E+01
   3.06397300000E+01   3.43307400000E+01   3.83035900000E+01   4.19559300000E+01
   4.58424500000E+01   4.94616700000E+01   5.31050000000E+01   5.25493100000E+01
   5.48283000000E+01   5.78794800000E+01   6.09303500000E+01                   5
                  -1                   1                   6                   5
                   0                  74   1.00000000000E+00   8.63477900000E+00
   9.00000000000E+00   9.50000000000E+00   1.00000000000E+01   1.05000000000E+01
   1.10000000000E+01   1.15000000000E+01   1.20000000000E+01   1.25000000000E+01
   1.30000000000E+01   1.35000000000E+01   1.40000000000E+01   1.45000000000E+01
   1.50000000000E+01   1.55000000000E+01   1.60000000000E+01   1.65000000000E+01
   1.70000000000E+01   1.75000000000E+01   1.80000000000E+01   1.85000000000E+01
   1.90000000000E+01   1.95000000000E+01   2.00000000000E+01   2.10000000000E+01
   2.20000000000E+01   2.30000000000E+01   2.40000000000E+01   2.50000000000E+01
   2.60000000000E+01   2.70000000000E+01   2.80000000000E+01   2.90000000000E+01
   3.00000000000E+01   3.20000000000E+01   3.40000000000E+01   3.60000000000E+01
   3.80000000000E+01   4.00000000000E+01   4.20000000000E+01   4.40000000000E+01
   4.60000000000E+01   4.80000000000E+01   5.00000000000E+01   5.20000000000E+01
   5.40000000000E+01   5.60000000000E+01   5.80000000000E+01   6.00000000000E+01
   6.20000000000E+01   6.40000000000E+01   6.60000000000E+01   6.80000000000E+01
   7.00000000000E+01   7.20000000000E+01   7.40000000000E+01   7.60000000000E+01
   7.80000000000E+01   8.00000000000E+01   8.50000000000E+01   9.00000000000E+01
   9.50000000000E+01   1.00000000000E+02   1.10000000000E+02   1.20000000000E+02
   1.30000000000E+02   1.40000000000E+02   1.50000000000E+02   1.60000000000E+02
   1.70000000000E+02   1.80000000000E+02   1.90000000000E+02   2.00000000000E+02
   0.00000000000E+00   0.00000000000E+00   9.33198700000E-01   9.81251700000E-01
   9.91069100000E-01   9.93346800000E-01   9.95239900000E-01   9.96825000000E-01
   9.97167400000E-01   9.96478700000E-01   9.95718300000E-01   9.95188000000E-01
   9.95070100000E-01   9.95305500000E-01   9.95668400000E-01   9.95978200000E-01
   1.00827200000E+00   1.19578200000E+00   1.37505800000E+00   1.49793900000E+00
   1.58067500000E+00   1.63751200000E+00   1.68391500000E+00   1.71970800000E+00
   1.74704300000E+00   1.78486500000E+00   1.80486400000E+00   1.81248200000E+00
   1.81562700000E+00   1.81556700000E+00   1.81400700000E+00   1.81029800000E+00
   1.80491900000E+00   1.81005600000E+00   1.85450400000E+00   2.02382300000E+00
   2.16115100000E+00   2.23412800000E+00   2.27266500000E+00   2.30127800000E+00
   2.35207400000E+00   2.41962600000E+00   2.48730400000E+00   2.55201700000E+00
   2.60295500000E+00   2.61880500000E+00   2.65239900000E+00   2.69645600000E+00
   2.74276800000E+00   2.78908600000E+00   2.83854400000E+00   2.88330000000E+00
   2.92657000000E+00   2.97287900000E+00   3.00981100000E+00   3.04989100000E+00
   3.08758200000E+00   3.13095800000E+00   3.17214400000E+00   3.21091500000E+00
   3.30896700000E+00   3.41266000000E+00   3.51087700000E+00   3.61019900000E+00
   3.79647800000E+00   3.99054800000E+00   4.17810800000E+00   4.37214300000E+00
   4.55903900000E+00   4.73594900000E+00   4.91195800000E+00   5.38413300000E+00
   5.56513800000E+00   5.73871400000E+00                   0                   1
                   0                   4                  10                   0
                   2   1.00000000000E+00   2.00000000000E+02   1.00000000000E+00
   1.00000000000E+00                   0                  31   1.00000000000E+00
   8.63477900000E+00   1.00000000000E+01   1.20000000000E+01   1.40000000000E+01
   1.60000000000E+01   1.80000000000E+01   2.00000000000E+01   2.20000000000E+01
   2.40000000000E+01   2.60000000000E+01   2.80000000000E+01   3.00000000000E+01
   3.20000000000E+01   3.60000000000E+01   4.00000000000E+01   4.40000000000E+01
   4.80000000000E+01   5.00000000000E+01   5.20000000000E+01   5.60000000000E+01
   6.00000000000E+01   7.00000000000E+01   8.00000000000E+01   9.00000000000E+01
   1.00000000000E+02   1.20000000000E+02   1.40000000000E+02   1.60000000000E+02
   1.80000000000E+02   2.00000000000E+02                  74                  91
                 108                 185                 583                1201
                1984                2866                3825                5036
                6312                7640                9020               10439
               11897               13407               15209               17056
               18933               20825               22732               24669
               26621               28884               31198               33822
               36465               39428               42719               46033
               49370                   2                   3   0.00000000000E+00
   5.00000000000E-07   1.00000000000E-06   0.00000000000E+00   2.00000000000E+06
   0.00000000000E+00   0.00000000000E+00   5.00000000000E-01   1.00000000000E+00
                   0                   0                   0                   0
                   0                   0                   2                   3
   0.00000000000E+00   5.00000000000E-07   1.00000000000E-06   0.00000000000E+00
   2.00000000000E+06   0.00000000000E+00   0.00000000000E+00   5.00000000000E-01
   1.00000000000E+00                   0                   0                   0
                   0                   0                   0                   2
                  15   0.00000000000E+00   1.00000000000E-01   2.00000000000E-01
   3.00000000000E-01   4.00000000000E-01   5.00000000000E-01   6.00000000000E-01
   7.00000000000E-01   8.00000000000E-01   9.00000000000E-01   1.00000000000E+00
   1.10000000000E+00   1.20000000000E+00   1.30000000000E+00   1.40000000000E+00
   0.00000000000E+00   3.43411000000E-04   4.88568500000E+00   2.71149000000E-04
   2.18844000000E-04   1.68528000000E-04   1.23906000000E-04   8.63531100000E-05
   5.62686100000E-05   3.35164000000E-05   1.75644000000E-05   7.53766100000E-06
   2.25596000000E-06   2.48203000000E-07   1.02259700000E+01   0.00000000000E+00
   1.71705524000E-05   2.44318576000E-01   4.88616368000E-01   4.88640867000E-01
   4.88660236000E-01   4.88674858000E-01   4.88685371000E-01   4.88692502000E-01
   4.88696991000E-01   4.88699545000E-01   4.88700800000E-01   4.88701290000E-01
   4.88701415000E-01   1.00000000000E+00                   0                   0
                   0                   0                   0                   0
                   0                   0                   0                   0
                   0                   0                   0                   0
                   0                   0                   0                   0
                   0                   0                   0                   0
                   0                   0                   0                   0
                   0                   0                   0                   0
                   2                  36   0.00000000000E+00   2.50000000000E-02
   1.00000000000E-01   2.00000000000E-01   3.00000000000E-01   4.00000000000E-01
   5.00000000000E-01   6.00000000000E-01   7.00000000000E-01   8.00000000000E-01
   9.00000000000E-01   1.00000000000E+00   1.10000000000E+00   1.20000000000E+00
   1.30000000000E+00   1.40000000000E+00   1.50000000000E+00   1.60000000000E+00
   1.70000000000E+00   1.80000000000E+00   1.90000000000E+00   2.00000000000E+00
   2.10000000000E+00   2.20000000000E+00   2.30000000000E+00   2.40000000000E+00
   2.50000000000E+00   2.60000000000E+00   2.70000000000E+00   2.80000000000E+00
   2.90000000000E+00   3.00000000000E+00   3.10000000000E+00   3.20000000000E+00
   3.30000000000E+00   3.40000000000E+00   0.00000000000E+00   1.87632800000E-02
   7.50330900000E-02   3.54513900000E-03   1.17095000000E+00   3.44150000000E-01
   1.06954400000E+00   1.20147500000E+00   6.27930700000E-01   1.55026400000E+00
   3.62772000000E-04   4.02254400000E-01   8.55917800000E-03   3.57976300000E-01
   9.13981300000E-01   1.88376000000E-04   1.89212700000E-01   1.27299000000E-04
   1.04765000000E-04   8.73010100000E-05   7.23409600000E-01   6.00042000000E-05
   4.78386000000E-05   8.39871300000E-01   2.49862000000E-05   1.67266000000E-05
   1.04306000000E-05   6.51247000000E-06   3.75310000000E-06   2.01006000000E-06
   9.87250100000E-07   4.30383000000E-07   1.57803000000E-07   4.09090000000E-08
   4.59385000000E-09   1.04159200000E+00   0.00000000000E+00   2.34541017000E-04
   3.75190476000E-03   7.68081599000E-03   6.64055771000E-02   1.42160582000E-01
   2.12845287000E-01   3.26396245000E-01   4.17866537000E-01   5.26776279000E-01
   6.04307624000E-01   6.24438484000E-01   6.44979164000E-01   6.63305939000E-01
   7.26903818000E-01   7.72612300000E-01   7.82082355000E-01   7.91549356000E-01
   7.91560959000E-01   7.91570562000E-01   8.27745405000E-01   8.63918882000E-01
   8.63924275000E-01   9.05920229000E-01   9.47915042000E-01   9.47917127000E-01
   9.47918485000E-01   9.47919332000E-01   9.47919846000E-01   9.47920134000E-01
   9.47920284000E-01   9.47920354000E-01   9.47920384000E-01   9.47920394000E-01
   9.47920396000E-01   1.00000000000E+00                   0                   0
                   0                   0                   0                   0
                   0                   0                   0                   0
                   0                   0                   0                   0
                   0                   0                   0                   0
                   0                   0                   0                   0
                   0                   0                   0                   0
                   0                   0                   0                   0
                   0                   0                   0                   0
                   0                   0                   0                   0
                   0                   0                   0                   0
                   0                   0                   0                   0
                   0                   0                   0                   0
                   0                   0                   0                   0
                   0                   0                   0                   0
                   0                   0                   0                   0
                   0                   0                   0                   0
                   0                   0                   0                   0
                   0                   0                   0                   0
                   0                   0                   0                   0
                   0                   0                   0                   0
                   0                   0                   0                   0
                   0                   0                   0                   0
