 40096.00u   95.084380  0.0000E+00   05/27/20
Ace Zr96 IAEA-PD                                                         mat4043
      0         0.      0         0.      0         0.      0         0.
      0         0.      0         0.      0         0.      0         0.
      0         0.      0         0.      0         0.      0         0.
      0         0.      0         0.      0         0.      0         0.
   306523    40096       89        1        7        2       12        0
        0        0        0        0        0        0        0        1
        1       90       90        0      179      268      269      270
      271      362      446        0        0        0        0        0
        0        0        0        0        0        0        0        0
        0        0        0        0        0        0        0        0
   9.99999000000E-01   1.00000000000E+00   1.50000000000E+00   2.00000000000E+00
   2.50000000000E+00   3.00000000000E+00   3.50000000000E+00   4.00000000000E+00
   4.50000000000E+00   5.00000000000E+00   5.50000000000E+00   6.00000000000E+00
   6.50000000000E+00   7.00000000000E+00   7.50000000000E+00   8.00000000000E+00
   8.50000000000E+00   9.00000000000E+00   9.50000000000E+00   1.00000000000E+01
   1.05000000000E+01   1.10000000000E+01   1.15000000000E+01   1.20000000000E+01
   1.25000000000E+01   1.30000000000E+01   1.35000000000E+01   1.40000000000E+01
   1.45000000000E+01   1.50000000000E+01   1.55000000000E+01   1.60000000000E+01
   1.65000000000E+01   1.70000000000E+01   1.75000000000E+01   1.80000000000E+01
   1.85000000000E+01   1.90000000000E+01   1.95000000000E+01   2.00000000000E+01
   2.10000000000E+01   2.20000000000E+01   2.30000000000E+01   2.40000000000E+01
   2.50000000000E+01   2.60000000000E+01   2.70000000000E+01   2.80000000000E+01
   2.90000000000E+01   3.00000000000E+01   3.20000000000E+01   3.40000000000E+01
   3.60000000000E+01   3.80000000000E+01   4.00000000000E+01   4.20000000000E+01
   4.40000000000E+01   4.60000000000E+01   4.80000000000E+01   5.00000000000E+01
   5.20000000000E+01   5.40000000000E+01   5.60000000000E+01   5.80000000000E+01
   6.00000000000E+01   6.20000000000E+01   6.40000000000E+01   6.60000000000E+01
   6.80000000000E+01   7.00000000000E+01   7.20000000000E+01   7.40000000000E+01
   7.60000000000E+01   7.80000000000E+01   8.00000000000E+01   8.50000000000E+01
   9.00000000000E+01   9.50000000000E+01   1.00000000000E+02   1.10000000000E+02
   1.20000000000E+02   1.30000000000E+02   1.40000000000E+02   1.50000000000E+02
   1.60000000000E+02   1.70000000000E+02   1.80000000000E+02   1.90000000000E+02
   2.00000000000E+02   0.00000000000E+00   1.48132100000E-05   3.97234600000E-05
   8.28425600000E-05   1.50218600000E-04   2.49267100000E-04   3.89338300000E-04
   5.82564100000E-04   8.45170300000E-04   1.19958400000E-03   1.67789400000E-03
   2.32755200000E-03   3.22042100000E-03   4.46448200000E-03   6.20477900000E-03
   8.54922800000E-03   1.12867200000E-02   1.36770500000E-02   1.53837300000E-02
   1.72128600000E-02   2.00717400000E-02   2.44924400000E-02   3.09256200000E-02
   3.99463800000E-02   5.22423800000E-02   6.83048400000E-02   8.76111300000E-02
   1.07583900000E-01   1.24278100000E-01   1.35934200000E-01   1.44486500000E-01
   1.52200300000E-01   1.58847000000E-01   1.62225400000E-01   1.60288100000E-01
   1.52760100000E-01   1.41138300000E-01   1.27570300000E-01   1.13845800000E-01
   1.01046200000E-01   7.95962900000E-02   6.37246400000E-02   5.21174300000E-02
   4.35126500000E-02   3.69962200000E-02   3.19504300000E-02   2.79622200000E-02
   2.47524900000E-02   2.21291700000E-02   1.99573700000E-02   1.66067700000E-02
   1.41908100000E-02   1.24147300000E-02   1.10946600000E-02   1.01082100000E-02
   9.36964000000E-03   8.81673500000E-03   8.40326900000E-03   8.09444600000E-03
   7.86387700000E-03   7.69147900000E-03   7.56194100000E-03   7.46358900000E-03
   7.38752700000E-03   7.32698300000E-03   7.27681000000E-03   7.23311400000E-03
   7.19295900000E-03   7.15414800000E-03   7.11505500000E-03   7.07449600000E-03
   7.03162700000E-03   6.98587000000E-03   6.93685200000E-03   6.88436000000E-03
   6.73758300000E-03   6.56965100000E-03   6.38350400000E-03   6.18314900000E-03
   5.75801300000E-03   5.33146700000E-03   4.93966500000E-03   4.61628000000E-03
   4.21521800000E-03   3.86898500000E-03   3.56761800000E-03   3.30337400000E-03
   3.07015300000E-03   2.86308900000E-03   0.00000000000E+00   1.00000000000E+00
   9.17401600000E-01   8.34803900000E-01   7.52206200000E-01   6.69608500000E-01
   5.87010800000E-01   5.04413000000E-01   6.38086000000E-01   7.14354300000E-01
   7.39748200000E-01   7.21895500000E-01   6.97944200000E-01   6.56591200000E-01
   6.10194300000E-01   7.06875100000E+00   8.16859400000E+00   7.71803900000E+00
   7.73454800000E+00   7.96436700000E+00   7.88652600000E+00   7.94159200000E+00
   7.96715600000E+00   7.89578500000E+00   7.92569600000E+00   7.92534400000E+00
   7.90740700000E+00   7.87959600000E+00   8.31734800000E+00   9.74365100000E+00
   1.09713700000E+01   1.16268900000E+01   1.20865100000E+01   1.24330300000E+01
   1.27114900000E+01   1.29863500000E+01   1.30226400000E+01   1.31286300000E+01
   1.32680400000E+01   1.34171900000E+01   1.35743800000E+01   1.36867000000E+01
   1.40057400000E+01   1.46083800000E+01   1.58523500000E+01   1.70452600000E+01
   1.80228100000E+01   1.88869500000E+01   1.93646200000E+01   1.98149700000E+01
   2.07166500000E+01   2.21049300000E+01   2.33898500000E+01   2.44885600000E+01
   2.56064400000E+01   2.66927400000E+01   2.78681100000E+01   2.91823300000E+01
   3.04975000000E+01   3.18191700000E+01   3.29777100000E+01   3.41874700000E+01
   3.53553700000E+01   3.66277600000E+01   3.76753100000E+01   3.88105900000E+01
   3.98706500000E+01   4.09649700000E+01   4.20730600000E+01   4.31482700000E+01
   4.43516900000E+01   4.55339500000E+01   4.66738800000E+01   4.77713100000E+01
   4.88844700000E+01   5.16637700000E+01   5.44076800000E+01   5.72924700000E+01
   6.01335600000E+01   6.59621600000E+01   7.15752400000E+01   7.73792900000E+01
   8.31467200000E+01   8.90448000000E+01   9.49494700000E+01   1.04862100000E+02
   1.11549500000E+02   1.18136500000E+02   1.24604500000E+02                   5
   0.00000000000E+00                   1                   1                  89
   0.00000000000E+00   1.48132100000E-05   3.97234600000E-05   8.28425600000E-05
   1.50218600000E-04   2.49267100000E-04   3.89338300000E-04   5.82564100000E-04
   8.45170300000E-04   1.19958400000E-03   1.67789400000E-03   2.32755200000E-03
   3.22042100000E-03   4.46448200000E-03   6.20477900000E-03   8.54922800000E-03
   1.12867200000E-02   1.36770500000E-02   1.53837300000E-02   1.72128600000E-02
   2.00717400000E-02   2.44924400000E-02   3.09256200000E-02   3.99463800000E-02
   5.22423800000E-02   6.83048400000E-02   8.76111300000E-02   1.07583900000E-01
   1.24278100000E-01   1.35934200000E-01   1.44486500000E-01   1.52200300000E-01
   1.58847000000E-01   1.62225400000E-01   1.60288100000E-01   1.52760100000E-01
   1.41138300000E-01   1.27570300000E-01   1.13845800000E-01   1.01046200000E-01
   7.95962900000E-02   6.37246400000E-02   5.21174300000E-02   4.35126500000E-02
   3.69962200000E-02   3.19504300000E-02   2.79622200000E-02   2.47524900000E-02
   2.21291700000E-02   1.99573700000E-02   1.66067700000E-02   1.41908100000E-02
   1.24147300000E-02   1.10946600000E-02   1.01082100000E-02   9.36964000000E-03
   8.81673500000E-03   8.40326900000E-03   8.09444600000E-03   7.86387700000E-03
   7.69147900000E-03   7.56194100000E-03   7.46358900000E-03   7.38752700000E-03
   7.32698300000E-03   7.27681000000E-03   7.23311400000E-03   7.19295900000E-03
   7.15414800000E-03   7.11505500000E-03   7.07449600000E-03   7.03162700000E-03
   6.98587000000E-03   6.93685200000E-03   6.88436000000E-03   6.73758300000E-03
   6.56965100000E-03   6.38350400000E-03   6.18314900000E-03   5.75801300000E-03
   5.33146700000E-03   4.93966500000E-03   4.61628000000E-03   4.21521800000E-03
   3.86898500000E-03   3.56761800000E-03   3.30337400000E-03   3.07015300000E-03
   2.86308900000E-03                   1                   1                 446
                 523                 600                 601                 602
                 603                 759                 760                 760
                 761                   2                   1               54559
               54650               54741               54742               54743
               54744               54914               54915               54915
               54916                   9                   1               68562
               68631               68700               68701               68702
               68703               68843               68844               68844
               68845                  31                   1              117913
              117973              118033              118034              118035
              118036              118158              118159              118159
              118160                  32                   1              161132
              161192              161252              161253              161254
              161255              161377              161378              161378
              161379                  33                   1              205246
              205298              205350              205351              205352
              205353              205459              205460              205460
              205461                  34                   1              244089
              244170              244251              244252              244253
              244254              244420              244421              244421
              244422                  15                  75   0.00000000000E+00
   7.56642000000E-03   1.11550600000E-02   1.36089800000E-02   1.53357200000E-02
   1.71828500000E-02   2.00447800000E-02   2.44650600000E-02   3.08963800000E-02
   3.99171100000E-02   5.22144000000E-02   6.82784800000E-02   8.75862900000E-02
   1.07560400000E-01   1.26373900000E-01   1.71199300000E-01   2.12044800000E-01
   2.41173600000E-01   2.64521900000E-01   2.80028800000E-01   2.83804800000E-01
   2.75062300000E-01   2.57357400000E-01   2.34861500000E-01   2.11118700000E-01
   1.88359600000E-01   1.49477100000E-01   1.20231000000E-01   9.88064600000E-02
   8.66876000000E-02   7.86842300000E-02   7.22387400000E-02   6.63466000000E-02
   6.07037000000E-02   5.52934500000E-02   5.05144200000E-02   4.29999900000E-02
   3.84895800000E-02   3.54154800000E-02   3.28403600000E-02   3.06529700000E-02
   2.89896600000E-02   2.80148700000E-02   2.75397300000E-02   2.72728200000E-02
   2.71662900000E-02   2.71225000000E-02   2.72637900000E-02   2.74938900000E-02
   2.74607000000E-02   2.78123600000E-02   2.80367600000E-02   2.83119800000E-02
   2.85495300000E-02   2.88006300000E-02   2.90316000000E-02   2.93060000000E-02
   2.95087700000E-02   2.97586600000E-02   2.99385600000E-02   3.00852600000E-02
   3.03838000000E-02   3.04259100000E-02   3.03518400000E-02   3.01929800000E-02
   2.94917300000E-02   2.85188600000E-02   2.75427200000E-02   2.66785300000E-02
   2.53301600000E-02   2.40457800000E-02   2.29371900000E-02   2.31228700000E-02
   2.21387900000E-02   2.12715400000E-02                  15                  75
   0.00000000000E+00   7.19094800000E-02   2.49297800000E-01   4.21124200000E-01
   5.92366500000E-01   7.63877200000E-01   8.52052900000E-01   9.40134300000E-01
   1.02820100000E+00   1.11634300000E+00   1.13076000000E+00   1.14512900000E+00
   1.15944600000E+00   1.17372300000E+00   1.19767900000E+00   1.48820600000E+00
   1.73979300000E+00   1.88458000000E+00   2.08975300000E+00   2.27939900000E+00
   2.45418100000E+00   2.61389000000E+00   2.78002600000E+00   2.94113600000E+00
   3.09779100000E+00   3.24990600000E+00   3.50032600000E+00   3.74403900000E+00
   3.90734200000E+00   4.25861100000E+00   4.64747600000E+00   5.04817800000E+00
   5.49021400000E+00   5.87361300000E+00   6.22967800000E+00   6.55908200000E+00
   7.26002600000E+00   7.96198900000E+00   8.74978500000E+00   9.56645400000E+00
   1.03001100000E+01   1.09903500000E+01   1.17811200000E+01   1.25544100000E+01
   1.33216800000E+01   1.40473600000E+01   1.48086000000E+01   1.55686900000E+01
   1.63442200000E+01   1.71666600000E+01   1.82185300000E+01   1.90191600000E+01
   1.98572800000E+01   2.06785800000E+01   2.15242700000E+01   2.23742100000E+01
   2.32073800000E+01   2.40090600000E+01   2.48771300000E+01   2.57171900000E+01
   2.65595100000E+01   2.86929600000E+01   3.07874300000E+01   3.28228000000E+01
   3.49565300000E+01   3.90509200000E+01   4.32750200000E+01   4.73273400000E+01
   5.13532600000E+01   5.53474800000E+01   5.92602900000E+01   5.92034400000E+01
   6.21706800000E+01   6.54603600000E+01   6.89015400000E+01                   5
                  -1                   1                   6                   5
                   0                  76   1.00000000000E+00   7.85022300000E+00
   8.00000000000E+00   8.50000000000E+00   9.00000000000E+00   9.50000000000E+00
   1.00000000000E+01   1.05000000000E+01   1.10000000000E+01   1.15000000000E+01
   1.20000000000E+01   1.25000000000E+01   1.30000000000E+01   1.35000000000E+01
   1.40000000000E+01   1.45000000000E+01   1.50000000000E+01   1.55000000000E+01
   1.60000000000E+01   1.65000000000E+01   1.70000000000E+01   1.75000000000E+01
   1.80000000000E+01   1.85000000000E+01   1.90000000000E+01   1.95000000000E+01
   2.00000000000E+01   2.10000000000E+01   2.20000000000E+01   2.30000000000E+01
   2.40000000000E+01   2.50000000000E+01   2.60000000000E+01   2.70000000000E+01
   2.80000000000E+01   2.90000000000E+01   3.00000000000E+01   3.20000000000E+01
   3.40000000000E+01   3.60000000000E+01   3.80000000000E+01   4.00000000000E+01
   4.20000000000E+01   4.40000000000E+01   4.60000000000E+01   4.80000000000E+01
   5.00000000000E+01   5.20000000000E+01   5.40000000000E+01   5.60000000000E+01
   5.80000000000E+01   6.00000000000E+01   6.20000000000E+01   6.40000000000E+01
   6.60000000000E+01   6.80000000000E+01   7.00000000000E+01   7.20000000000E+01
   7.40000000000E+01   7.60000000000E+01   7.80000000000E+01   8.00000000000E+01
   8.50000000000E+01   9.00000000000E+01   9.50000000000E+01   1.00000000000E+02
   1.10000000000E+02   1.20000000000E+02   1.30000000000E+02   1.40000000000E+02
   1.50000000000E+02   1.60000000000E+02   1.70000000000E+02   1.80000000000E+02
   1.90000000000E+02   2.00000000000E+02   0.00000000000E+00   0.00000000000E+00
   8.85041300000E-01   9.88335000000E-01   9.95023000000E-01   9.96879200000E-01
   9.98256500000E-01   9.98656800000E-01   9.98882100000E-01   9.99054500000E-01
   9.99267300000E-01   9.99464400000E-01   9.99614100000E-01   9.99716500000E-01
   9.99781600000E-01   1.01686400000E+00   1.25942800000E+00   1.46757500000E+00
   1.58458000000E+00   1.66526200000E+00   1.72617100000E+00   1.77059200000E+00
   1.80061600000E+00   1.82344100000E+00   1.84103600000E+00   1.85442700000E+00
   1.86409400000E+00   1.87794100000E+00   1.88672700000E+00   1.89584300000E+00
   1.99223900000E+00   2.12681800000E+00   2.26096300000E+00   2.37272300000E+00
   2.45242800000E+00   2.49866800000E+00   2.53111600000E+00   2.58930500000E+00
   2.71228900000E+00   2.85269800000E+00   2.96001500000E+00   3.03248300000E+00
   3.09399900000E+00   3.17746500000E+00   3.27726400000E+00   3.36932500000E+00
   3.45456700000E+00   3.52630500000E+00   3.60539600000E+00   3.68373600000E+00
   3.71717100000E+00   3.79588200000E+00   3.85289200000E+00   3.91421700000E+00
   3.96909400000E+00   4.02572500000E+00   4.08030600000E+00   4.14248600000E+00
   4.19657800000E+00   4.25983600000E+00   4.31587100000E+00   4.37008800000E+00
   4.50959900000E+00   4.63128300000E+00   4.75473000000E+00   4.88310700000E+00
   5.12185900000E+00   5.34915800000E+00   5.57582800000E+00   5.77922700000E+00
   6.00921700000E+00   6.21501000000E+00   6.42927300000E+00   6.99977400000E+00
   7.21097300000E+00   7.42957700000E+00                   0                   1
                   0                   4                  10                   0
                   2   1.00000000000E+00   2.00000000000E+02   1.00000000000E+00
   1.00000000000E+00                   0                  32   1.00000000000E+00
   7.85022300000E+00   8.00000000000E+00   1.00000000000E+01   1.20000000000E+01
   1.40000000000E+01   1.60000000000E+01   1.80000000000E+01   2.00000000000E+01
   2.20000000000E+01   2.40000000000E+01   2.60000000000E+01   2.80000000000E+01
   3.00000000000E+01   3.20000000000E+01   3.60000000000E+01   4.00000000000E+01
   4.40000000000E+01   4.80000000000E+01   5.00000000000E+01   5.20000000000E+01
   5.60000000000E+01   6.00000000000E+01   7.00000000000E+01   8.00000000000E+01
   9.00000000000E+01   1.00000000000E+02   1.20000000000E+02   1.40000000000E+02
   1.60000000000E+02   1.80000000000E+02   2.00000000000E+02                  76
                  87                  98                 109                 318
                 793                1488                2348                3307
                4332                5412                6753                8146
                9578               11049               12546               14095
               15942               17819               19726               21648
               23585               25552               27534               29831
               32162               34805               37467               40451
               43765               47102               50439                   2
                   3   0.00000000000E+00   5.00000000000E-07   1.00000000000E-06
   0.00000000000E+00   2.00000000000E+06   0.00000000000E+00   0.00000000000E+00
   5.00000000000E-01   1.00000000000E+00                   2                   3
   0.00000000000E+00   5.00000000000E-07   1.00000000000E-06   0.00000000000E+00
   2.00000000000E+06   0.00000000000E+00   0.00000000000E+00   5.00000000000E-01
   1.00000000000E+00                   2                   3   0.00000000000E+00
   2.50000000000E-02   1.00000000000E-01   0.00000000000E+00   5.00003600000E+00
   1.99999500000E+01   0.00000000000E+00   6.25004453000E-02   1.00000000000E+00
                   2                  23   0.00000000000E+00   2.50000000000E-02
   1.00000000000E-01   2.00000000000E-01   3.00000000000E-01   4.00000000000E-01
   5.00000000000E-01   6.00000000000E-01   7.00000000000E-01   8.00000000000E-01
   9.00000000000E-01   1.00000000000E+00   1.10000000000E+00   1.20000000000E+00
   1.30000000000E+00   1.40000000000E+00   1.50000000000E+00   1.60000000000E+00
   1.70000000000E+00   1.80000000000E+00   1.90000000000E+00   2.00000000000E+00
   2.10000000000E+00   0.00000000000E+00   1.77753600000E-03   4.23617100000E-03
   1.66431100000E+00   8.64681500000E-01   5.50800100000E-01   1.99322300000E+00
   2.53627000000E-04   2.18438000000E-04   1.59930400000E+00   1.55030000000E-04
   8.64478200000E-01   7.30267000000E-05   1.62608700000E+00   3.11324000000E-05
   1.88281000000E-05   1.13915000000E-05   6.34357000000E-06   2.92242000000E-06
   1.13420000000E-06   3.09044000000E-07   3.23226000000E-08   1.66349500000E+00
   0.00000000000E+00   2.22192002000E-05   2.47733214000E-04   8.36750923000E-02
   2.10124718000E-01   2.80898799000E-01   4.08099955000E-01   5.07773787000E-01
   5.07797390000E-01   5.87773512000E-01   6.67746464000E-01   7.10978126000E-01
   7.54205688000E-01   8.35513690000E-01   9.16819597000E-01   9.16822095000E-01
   9.16823606000E-01   9.16824492000E-01   9.16824956000E-01   9.16825159000E-01
   9.16825231000E-01   9.16825248000E-01   1.00000000000E+00                   0
                   0                   0                   0                   0
                   0                   0                   0                   0
                   0                   0                   0                   0
                   0                   0                   0                   0
                   0                   0                   0                   0
                   0                   0                   0                   0
                   0                   0                   0                   0
                   0                   0                   0                   0
                   0                   0                   0                   0
                   0                   0                   0                   0
                   0                   0                   0                   0
                   0                   0                   0                   0
                   0                   0                   0                   0
                   0                   0                   0                   0
                   0                   0                   0                   0
                   0                   0                   0                   0
                   0                   0                   0                   0
                   0                   0                   0                   0
                   0                   0                   0                   0
                   0                   0                   0                   0
                   0                   0                   0                   0
                   0                   0                   0                   0
                   0                   0                   0                   0
                   0                   0                   0                   0
                   0                   0                   0                   0
                   0                   0                   0                   0
                   0                   0                   0                   0
                   0                   0                   0                   0
                   0                   0                   0                   0
                   0                   0                   0                   0
                   0                   0                   0                   0
                   0                   0                   0                   0
                   0                   0                   0                   0
                   0
